27, 125, pa2-debug-e-output1.txt
  194.03,   207.55,   205.69
  407.65,   399.09,   206.75
   99.95,   101.48,    99.56
  100.82,    98.28,   224.94
  102.98,    96.04,   349.26
  100.77,   226.65,   102.01
  101.97,   223.33,   227.46
  103.90,   221.16,   353.39
  102.28,   351.69,   105.54
  104.03,   348.49,   230.01
  105.16,   345.86,   356.03
  226.01,   101.44,    98.71
  227.05,    97.99,   224.07
  228.09,    95.14,   348.10
  226.71,   226.41,   100.66
  228.24,   223.31,   225.89
  229.25,   220.74,   352.47
  227.41,   351.28,   104.26
  229.11,   348.92,   228.47
  229.63,   345.94,   354.69
  351.67,   101.65,    97.85
  352.99,    98.25,   223.09
  353.32,    94.90,   347.07
  352.60,   225.99,   100.49
  353.86,   223.15,   225.17
  353.69,   220.02,   349.90
  352.67,   349.91,   103.19
  353.66,   347.92,   227.19
  353.77,   345.59,   352.11
   98.06,   100.13,   225.91
  100.68,   101.94,   350.39
  103.04,   103.23,   475.24
  101.39,   225.15,   224.36
  103.81,   226.99,   350.32
  105.82,   228.57,   476.14
  105.64,   350.36,   222.84
  107.26,   351.69,   348.84
  108.54,   353.28,   474.78
  224.24,    97.58,   224.63
  225.81,    98.80,   348.78
  228.20,   100.22,   473.60
  227.63,   222.91,   222.35
  229.12,   224.40,   348.95
  230.59,   225.41,   474.69
  230.69,   348.51,   220.86
  231.69,   349.61,   347.03
  232.41,   350.19,   472.90
  350.13,    95.62,   223.23
  350.97,    96.32,   347.24
  352.52,    96.86,   471.88
  353.25,   220.54,   221.27
  353.55,   221.47,   346.01
  354.36,   221.56,   470.72
  355.26,   345.25,   219.24
  355.81,   347.01,   344.11
  356.85,   347.81,   469.37
  100.29,   101.69,   349.02
  101.87,   102.17,   473.85
  102.62,   102.29,   599.65
   98.02,   226.72,   349.71
   99.27,   227.48,   475.45
   99.41,   226.76,   600.36
   96.16,   351.38,   349.06
   96.77,   352.40,   474.93
   97.19,   352.53,   599.65
  225.48,   103.95,   348.29
  227.06,   104.56,   473.15
  227.85,   105.07,   599.37
  223.43,   229.55,   349.23
  224.13,   229.79,   475.05
  224.99,   229.42,   600.04
  220.67,   354.70,   348.19
  220.63,   354.46,   474.12
  221.29,   354.20,   598.74
  350.61,   106.77,   347.41
  351.27,   106.40,   472.07
  352.40,   106.26,   597.48
  347.84,   232.00,   346.99
  347.92,   231.35,   471.81
  349.36,   230.58,   597.04
  344.75,   357.55,   345.99
  345.00,   357.55,   471.38
  346.50,   356.89,   596.94
  100.16,   101.55,   475.38
   98.70,   100.91,   601.12
   96.10,   100.32,   726.95
  100.36,   226.90,   477.74
   98.27,   225.41,   602.56
   95.79,   222.95,   726.43
  100.61,   351.80,   477.97
   98.85,   351.22,   602.60
   97.48,   350.16,   726.27
  225.39,   101.16,   476.79
  223.96,   101.04,   603.11
  221.23,   100.52,   729.88
  225.24,   226.38,   479.48
  223.94,   225.31,   604.49
  223.23,   224.26,   729.06
  224.49,   351.11,   479.26
  223.05,   350.12,   603.87
  222.92,   349.33,   727.50
  349.71,   100.25,   477.99
  348.61,    99.56,   603.48
  347.28,    99.62,   729.43
  349.05,   225.04,   478.44
  348.39,   223.62,   603.73
  348.53,   223.13,   729.33
  348.94,   351.31,   478.70
  348.33,   349.87,   604.27
  348.63,   348.13,   729.67
   99.88,   100.53,   601.26
   95.69,   103.28,   726.97
   91.53,   106.37,   850.81
   99.11,   225.02,   599.20
   95.14,   226.09,   722.98
   92.44,   229.47,   847.12
   99.29,   350.76,   595.74
   96.40,   353.25,   719.36
   93.95,   356.60,   843.34
  225.09,   101.07,   604.75
  220.89,   103.96,   731.43
  217.08,   107.90,   855.45
  224.71,   225.31,   602.59
  222.49,   227.77,   727.06
  219.23,   231.26,   850.96
  223.43,   350.10,   598.49
  221.72,   352.84,   722.04
  219.92,   355.46,   846.23
  349.72,   100.02,   606.61
  346.98,   103.55,   732.49
  343.76,   107.26,   857.41
  349.13,   224.06,   603.31
  347.77,   227.07,   728.86
  344.89,   230.71,   854.32
  348.66,   350.32,   600.34
  347.45,   352.13,   725.68
  345.29,   354.29,   850.46
   97.60,   224.33,   100.16
  100.27,   220.54,   225.54
  103.75,   217.94,   351.41
   96.29,   349.30,   104.14
   99.50,   345.62,   228.59
  102.19,   342.60,   354.53
   94.36,   474.14,   107.83
   97.68,   470.60,   232.24
   99.97,   467.14,   357.25
  223.45,   226.99,    97.35
  226.55,   223.41,   222.48
  229.10,   220.41,   349.02
  221.30,   351.81,   101.50
  224.60,   349.00,   225.58
  226.68,   345.58,   351.77
  219.18,   477.19,   105.61
  221.90,   474.23,   229.62
  223.75,   470.05,   354.44
  349.27,   229.38,    95.70
  352.16,   226.13,   220.32
  353.53,   222.62,   345.05
  346.53,   353.31,    98.93
  349.13,   350.88,   222.84
  350.76,   348.13,   347.75
  343.49,   478.40,   102.02
  345.91,   475.88,   225.76
  347.86,   473.22,   350.92
   98.82,   223.66,   226.30
  103.12,   224.27,   352.20
  107.01,   224.60,   478.00
  102.78,   348.83,   225.98
  106.25,   348.98,   351.96
  109.39,   349.33,   477.89
  105.55,   473.97,   226.45
  108.67,   473.55,   351.34
  111.37,   473.21,   476.42
  225.05,   221.73,   222.38
  228.41,   221.99,   348.95
  231.75,   221.74,   474.62
  227.82,   347.37,   222.11
  230.68,   347.21,   348.27
  233.27,   346.56,   474.10
  229.81,   472.69,   222.78
  232.43,   471.80,   347.61
  235.11,   470.92,   472.83
  350.67,   219.71,   219.40
  352.84,   219.40,   344.14
  355.48,   218.23,   468.78
  352.39,   344.44,   218.60
  354.78,   344.95,   343.45
  357.66,   344.48,   468.65
  353.81,   469.40,   218.08
  356.57,   470.11,   343.20
  359.97,   470.22,   468.99
   99.05,   225.39,   350.06
  100.06,   226.76,   475.80
   99.96,   226.65,   600.71
   98.72,   350.07,   348.80
   99.07,   351.66,   474.68
   99.24,   352.41,   599.37
   97.72,   474.71,   347.26
   97.74,   475.83,   472.37
   97.71,   476.82,   597.02
  224.47,   226.66,   349.80
  224.94,   227.52,   475.60
  225.57,   227.76,   600.60
  223.25,   351.85,   348.13
  222.97,   352.24,   474.06
  223.40,   352.58,   598.68
  221.56,   476.39,   346.50
  221.35,   476.44,   471.70
  221.97,   477.17,   596.34
  348.91,   227.56,   347.81
  348.75,   227.51,   472.61
  349.96,   227.37,   597.85
  347.36,   353.14,   346.18
  347.37,   353.75,   471.53
  348.64,   353.70,   597.10
  345.68,   478.23,   345.01
  346.16,   479.29,   470.80
  347.79,   479.94,   596.50
  101.72,   224.04,   477.26
   97.80,   219.33,   601.95
   93.36,   213.63,   725.78
  101.29,   348.89,   480.68
   97.71,   345.09,   605.20
   94.49,   340.71,   728.81
  100.50,   472.96,   482.82
   96.82,   469.63,   607.40
   93.50,   466.29,   731.92
  226.56,   224.07,   480.79
  223.47,   219.84,   605.76
  220.83,   215.62,   730.36
  225.14,   348.75,   483.80
  221.96,   344.59,   608.33
  220.04,   340.62,   731.89
  224.10,   472.94,   485.93
  221.05,   469.20,   610.44
  219.03,   465.88,   734.81
  350.33,   223.27,   481.59
  347.90,   218.70,   606.85
  346.21,   215.15,   732.40
  349.57,   349.49,   485.06
  347.19,   344.80,   610.56
  345.67,   339.90,   735.82
  349.02,   475.13,   488.90
  346.98,   471.06,   614.47
  345.49,   466.11,   739.64
   98.51,   225.59,   600.12
   99.10,   221.69,   724.04
  100.85,   220.12,   848.28
   97.52,   351.36,   601.61
   99.17,   348.81,   725.28
  101.29,   347.17,   849.32
   95.71,   475.85,   602.10
   97.11,   474.14,   726.63
   99.84,   472.73,   851.45
  224.13,   227.08,   599.01
  226.49,   224.56,   723.58
  227.80,   223.10,   847.67
  221.66,   351.85,   599.89
  224.56,   349.58,   723.53
  227.29,   347.15,   847.85
  219.93,   476.41,   600.31
  222.74,   474.86,   724.84
  226.00,   472.42,   850.07
  348.49,   227.02,   595.18
  351.67,   224.93,   720.72
  353.55,   223.63,   846.33
  346.87,   353.29,   597.23
  350.22,   350.07,   722.63
  352.64,   347.26,   847.57
  345.74,   479.49,   599.43
  349.16,   476.46,   724.79
  351.50,   472.78,   849.13
   99.00,   349.76,   101.96
  102.83,   347.16,   226.35
  106.06,   345.15,   352.34
   99.81,   474.68,   104.62
  103.73,   472.27,   229.00
  106.59,   469.72,   353.94
  100.10,   599.64,   106.69
  103.30,   597.23,   232.34
  106.60,   594.42,   355.66
  224.03,   349.42,    98.70
  227.91,   347.67,   222.71
  230.53,   345.34,   348.88
  224.70,   474.77,   101.65
  227.99,   472.98,   225.62
  230.37,   469.91,   350.45
  225.24,   600.06,   104.30
  228.05,   597.32,   229.40
  230.79,   593.95,   352.55
  349.30,   348.14,    95.53
  352.48,   346.72,   219.43
  354.65,   345.05,   344.28
  349.02,   473.20,    97.48
  352.01,   471.72,   221.15
  354.53,   470.22,   346.28
  349.01,   599.07,    99.60
  352.38,   596.54,   223.89
  355.36,   594.50,   349.16
  101.72,   347.76,   224.77
  103.90,   350.33,   350.72
  105.75,   353.16,   476.60
  101.19,   472.84,   222.83
  103.01,   474.92,   347.75
  104.49,   477.17,   472.80
   99.29,   597.82,   221.58
  101.57,   599.75,   345.06
  103.16,   600.91,   469.25
  226.82,   349.63,   222.19
  228.37,   351.89,   348.35
  229.62,   353.65,   474.18
  225.49,   474.94,   220.58
  226.83,   476.44,   345.37
  228.19,   477.91,   470.52
  224.14,   599.34,   219.89
  225.84,   600.49,   343.02
  227.98,   602.23,   467.12
  351.39,   350.01,   219.94
  352.49,   352.97,   344.82
  354.07,   355.00,   470.10
  349.53,   474.99,   217.14
  350.97,   478.06,   342.28
  353.04,   480.57,   468.07
  348.48,   599.82,   215.37
  350.41,   602.26,   340.59
  352.76,   605.02,   466.19
  100.38,   350.74,   352.20
  102.30,   351.27,   478.09
  104.06,   350.98,   602.72
   99.22,   475.36,   351.64
  100.79,   475.38,   476.73
  102.32,   475.31,   601.30
   97.48,   600.21,   351.27
   99.11,   599.05,   475.61
  100.68,   598.51,   600.52
  224.86,   352.63,   349.88
  226.18,   352.02,   475.75
  228.26,   351.35,   600.37
  223.03,   477.15,   349.26
  224.44,   476.25,   474.44
  226.73,   476.02,   599.10
  221.76,   601.22,   349.18
  223.95,   600.58,   473.37
  226.81,   600.60,   598.89
  348.96,   354.06,   346.30
  350.60,   353.67,   471.62
  353.50,   352.61,   597.18
  347.16,   479.16,   346.17
  349.27,   479.25,   471.95
  352.55,   478.90,   597.67
  346.32,   603.34,   346.86
  348.73,   603.74,   472.43
  351.89,   604.15,   598.06
  101.09,   350.68,   477.96
   98.84,   349.73,   602.58
   96.98,   348.28,   726.25
   98.09,   474.85,   477.26
   95.71,   474.25,   601.92
   93.61,   473.67,   726.53
   94.85,   598.51,   476.85
   92.34,   597.40,   601.82
   90.14,   597.42,   727.27
  224.92,   352.90,   479.72
  223.00,   351.55,   604.33
  222.38,   350.40,   727.95
  221.67,   477.08,   479.03
  219.90,   476.13,   603.63
  219.16,   475.68,   728.13
  219.68,   601.36,   478.56
  218.45,   600.63,   604.05
  217.22,   600.74,   729.89
  349.34,   356.08,   479.69
  348.25,   354.27,   605.27
  348.07,   352.14,   730.65
  346.51,   481.62,   480.67
  345.77,   480.49,   606.32
  345.62,   478.49,   731.63
  344.46,   606.07,   481.73
  343.62,   605.68,   607.32
  343.07,   604.44,   732.45
  100.04,   350.61,   600.77
   99.22,   347.98,   724.42
   98.82,   346.23,   848.48
   96.19,   475.07,   601.29
   95.13,   473.31,   725.87
   95.31,   471.80,   850.67
   92.13,   598.21,   602.40
   90.98,   597.05,   727.85
   90.79,   595.82,   854.88
  224.17,   353.14,   601.49
  224.60,   350.78,   725.15
  224.80,   348.29,   849.49
  220.39,   477.68,   602.00
  220.69,   476.04,   726.53
  221.44,   473.54,   851.77
  218.25,   602.15,   603.63
  218.06,   601.08,   729.48
  217.22,   599.27,   855.57
  349.41,   356.63,   601.42
  350.27,   353.29,   726.82
  350.11,   350.39,   851.70
  346.23,   482.78,   603.69
  347.13,   479.62,   729.01
  346.91,   475.85,   853.31
  343.39,   607.90,   605.90
  343.88,   605.50,   731.03
  343.26,   602.34,   854.80
   99.23,   476.88,   101.82
  100.22,   480.18,   226.23
  100.15,   483.40,   351.06
  101.45,   601.76,    98.05
  101.56,   605.16,   223.90
  101.99,   608.20,   347.22
  103.57,   726.56,    94.30
  103.05,   730.47,   221.52
  104.05,   733.53,   344.37
  224.17,   475.06,   101.87
  224.50,   479.01,   225.94
  223.96,   481.59,   350.70
  226.56,   600.20,    98.72
  226.45,   603.32,   224.04
  226.30,   605.62,   347.12
  228.94,   725.03,    94.98
  228.75,   727.47,   222.00
  229.21,   729.99,   344.14
  348.53,   471.56,   100.67
  348.54,   475.89,   224.42
  348.11,   480.05,   349.63
  350.34,   597.38,    97.10
  350.80,   600.59,   221.46
  350.88,   604.19,   346.75
  352.32,   723.39,    93.32
  353.78,   725.21,   219.26
  354.14,   728.15,   343.97
   99.61,   475.94,   224.44
   99.01,   474.20,   349.39
   98.16,   472.87,   474.52
   98.87,   600.96,   227.00
   98.74,   599.04,   350.47
   97.89,   596.49,   474.84
   98.16,   726.41,   229.52
   98.64,   724.41,   352.44
   98.61,   721.09,   476.61
  223.91,   476.91,   224.66
  222.85,   474.53,   349.50
  221.77,   472.15,   474.74
  223.73,   601.24,   227.74
  223.02,   598.59,   350.83
  222.71,   596.47,   475.07
  223.91,   725.38,   230.73
  223.83,   723.01,   352.60
  223.90,   721.30,   476.01
  347.97,   475.89,   223.65
  346.98,   475.07,   348.89
  346.60,   473.64,   474.68
  348.11,   600.67,   225.73
  347.59,   599.29,   351.00
  347.52,   598.19,   476.60
  348.99,   725.24,   228.61
  348.73,   723.28,   353.16
  348.09,   722.42,   478.22
  100.66,   475.81,   351.52
   96.72,   479.25,   476.49
   92.80,   482.71,   601.08
   99.61,   600.62,   347.82
   95.68,   602.88,   472.10
   91.63,   605.71,   597.03
   98.68,   726.03,   345.09
   95.60,   727.58,   469.18
   92.04,   730.08,   594.23
  224.41,   476.98,   354.72
  220.29,   479.35,   479.81
  216.98,   482.41,   604.29
  223.85,   601.04,   351.25
  220.50,   603.67,   475.34
  217.76,   606.91,   600.77
  223.85,   725.45,   348.35
  220.85,   728.51,   471.48
  217.70,   731.80,   597.94
  348.52,   478.48,   357.26
  345.12,   481.80,   483.01
  342.85,   484.70,   608.57
  348.39,   602.63,   354.55
  345.26,   606.27,   480.05
  342.87,   609.89,   605.57
  348.72,   726.58,   351.89
  344.95,   730.44,   476.79
  341.93,   734.59,   602.77
  102.01,   476.41,   476.28
  102.91,   479.25,   600.79
  104.25,   482.44,   725.24
  103.60,   600.01,   472.13
  104.59,   602.35,   597.03
  106.00,   606.23,   722.53
  106.23,   724.77,   469.34
  107.73,   726.92,   594.52
  108.31,   730.59,   720.28
  225.68,   474.08,   474.69
  227.36,   476.75,   599.30
  230.13,   479.83,   723.88
  228.41,   598.41,   470.67
  230.70,   601.34,   596.15
  233.06,   604.95,   721.99
  231.34,   723.19,   467.21
  233.24,   726.21,   593.72
  234.82,   730.32,   720.08
  350.51,   473.77,   472.84
  353.17,   476.32,   598.54
  356.49,   478.02,   723.92
  353.19,   598.29,   470.36
  355.73,   601.61,   595.98
  358.67,   604.04,   721.07
  355.53,   722.44,   467.58
  357.37,   726.27,   593.55
  360.21,   729.72,   718.15
   99.31,   473.77,   598.38
  100.03,   477.52,   722.81
  102.09,   481.53,   847.74
   96.17,   596.89,   593.99
   96.89,   601.22,   719.34
   98.32,   605.51,   846.62
   94.43,   721.18,   590.92
   94.70,   725.50,   716.23
   94.02,   729.30,   845.71
  223.58,   475.69,   597.20
  225.74,   479.51,   721.72
  228.30,   482.53,   846.98
  222.21,   600.14,   593.30
  223.98,   604.51,   719.13
  224.94,   608.35,   845.22
  220.18,   724.92,   590.13
  221.05,   729.66,   716.62
  219.88,   733.88,   843.03
  349.38,   479.97,   596.86
  352.14,   482.41,   722.22
  353.84,   484.17,   846.52
  347.30,   605.09,   593.61
  349.65,   608.29,   718.76
  351.05,   610.72,   842.53
  344.34,   729.64,   590.51
  346.55,   733.96,   715.34
  347.54,   737.90,   838.32
   98.98,   600.44,   101.74
  100.70,   600.53,   227.54
  102.62,   600.26,   350.96
   95.13,   725.39,   101.16
   96.27,   725.95,   228.30
   98.86,   725.64,   351.31
   91.37,   850.89,   100.68
   93.50,   852.03,   228.30
   96.34,   851.15,   352.58
  224.10,   604.72,   100.87
  225.49,   604.47,   226.20
  226.85,   603.52,   349.27
  220.73,   729.52,   100.55
  221.99,   728.62,   227.57
  224.00,   727.91,   349.49
  217.51,   854.19,    99.25
  218.81,   853.80,   227.41
  220.98,   853.31,   350.71
  347.82,   607.76,    97.64
  349.84,   607.57,   222.10
  351.44,   607.86,   347.37
  344.14,   733.71,    97.20
  347.00,   732.17,   223.38
  348.87,   731.82,   347.91
  340.78,   858.83,    96.44
  343.00,   857.44,   223.40
  344.65,   856.81,   348.17
  101.45,   598.00,   224.24
  101.42,   599.55,   347.67
  100.71,   600.41,   471.96
  102.00,   723.33,   223.36
  102.57,   724.90,   346.22
  102.76,   725.15,   470.17
  104.18,   849.22,   221.60
  104.99,   850.37,   345.70
  105.16,   851.23,   469.10
  226.28,   597.09,   224.75
  225.68,   597.90,   347.94
  225.54,   599.27,   472.13
  227.70,   721.24,   224.26
  227.73,   722.28,   346.36
  227.94,   724.10,   469.60
  229.32,   846.39,   222.24
  229.57,   847.62,   345.69
  229.20,   849.49,   468.09
  350.62,   595.22,   222.60
  350.25,   597.36,   347.92
  350.33,   599.74,   473.56
  352.74,   719.84,   221.93
  352.65,   721.34,   346.65
  352.12,   723.93,   471.69
  353.86,   845.14,   220.21
  353.53,   846.26,   345.07
  352.47,   848.36,   469.54
  100.74,   601.24,   350.46
   97.05,   598.90,   474.80
   93.26,   597.24,   599.76
   99.18,   726.62,   352.22
   96.29,   723.53,   476.43
   92.90,   721.53,   601.49
   98.91,   852.11,   354.91
   95.92,   849.61,   478.55
   91.87,   847.78,   602.65
  224.98,   602.22,   353.66
  221.87,   600.30,   477.87
  219.34,   598.99,   603.31
  224.34,   726.67,   355.18
  221.56,   725.14,   478.59
  218.72,   723.88,   605.15
  223.50,   852.08,   357.77
  220.10,   850.62,   480.28
  216.11,   849.53,   606.12
  349.55,   604.40,   356.79
  346.65,   603.49,   482.33
  344.53,   602.50,   607.87
  349.17,   728.39,   358.66
  345.66,   727.72,   483.70
  343.01,   727.27,   609.68
  347.16,   853.34,   360.27
  343.25,   852.20,   484.77
  340.30,   852.04,   610.90
   98.76,   596.67,   473.56
   96.71,   599.24,   598.48
   95.00,   603.09,   723.92
  102.60,   721.26,   470.70
  101.06,   723.56,   595.87
   98.74,   727.37,   721.44
  106.87,   847.27,   468.57
  104.54,   849.76,   592.73
  101.11,   852.44,   717.61
  223.50,   593.64,   475.03
  222.75,   596.67,   600.43
  222.06,   600.49,   726.23
  227.75,   718.43,   471.48
  226.71,   721.53,   597.98
  225.18,   725.74,   724.34
  230.87,   843.72,   468.89
  228.69,   847.08,   594.70
  226.92,   851.22,   721.48
  348.25,   592.36,   477.72
  347.89,   595.70,   603.29
  347.83,   598.18,   728.42
  351.93,   716.53,   474.89
  350.93,   720.41,   600.82
  350.76,   723.97,   725.41
  354.16,   840.86,   471.75
  352.73,   844.97,   597.81
  352.54,   849.61,   722.92
  101.18,   598.13,   598.73
  102.92,   596.29,   724.17
  105.44,   594.26,   851.31
  104.30,   722.58,   601.89
  105.30,   720.63,   727.69
  105.46,   718.05,   857.30
  106.38,   848.76,   604.48
  106.13,   845.48,   729.78
  105.66,   842.04,   859.87
  227.25,   596.97,   597.28
  229.96,   594.91,   723.05
  232.10,   592.16,   848.86
  229.96,   721.87,   600.64
  231.92,   720.28,   726.92
  231.89,   717.97,   852.90
  230.65,   847.46,   603.20
  232.38,   845.89,   730.03
  232.22,   842.95,   856.11
  352.33,   597.25,   596.64
  355.66,   593.96,   721.77
  358.02,   589.70,   845.56
  354.15,   721.97,   599.94
  357.40,   719.65,   724.46
  359.41,   716.82,   847.30
  354.75,   846.57,   602.71
  358.02,   845.40,   727.64
  360.20,   843.47,   850.71
  225.60,   100.22,   101.67
  226.44,   101.27,   226.94
  227.35,   102.94,   351.23
  226.61,   225.26,    99.09
  227.96,   226.62,   224.30
  228.76,   228.55,   350.91
  227.57,   350.09,    98.35
  229.15,   352.25,   222.40
  229.46,   353.75,   348.56
  351.30,   100.08,   101.02
  352.39,   101.16,   226.22
  352.49,   102.27,   350.27
  352.50,   224.47,    99.15
  353.56,   226.08,   223.83
  353.18,   227.47,   348.58
  352.88,   348.38,    97.45
  353.71,   350.84,   221.39
  353.59,   353.05,   346.29
  476.16,    98.93,    99.93
  477.76,   100.67,   225.06
  477.81,   101.98,   349.42
  477.41,   223.49,    99.16
  478.65,   225.58,   223.80
  477.89,   226.84,   346.92
  477.46,   347.70,    96.66
  477.58,   349.84,   220.87
  478.17,   351.97,   344.79
  224.99,    97.79,   224.17
  224.07,   100.97,   348.35
  223.96,   104.35,   473.25
  225.37,   223.09,   219.95
  224.40,   226.55,   346.57
  223.39,   229.57,   472.39
  225.47,   348.70,   216.57
  224.04,   351.74,   342.73
  222.27,   354.26,   468.66
  350.94,    98.85,   225.22
  349.24,   101.46,   349.24
  348.25,   103.87,   473.89
  351.03,   223.75,   221.32
  348.86,   226.66,   346.10
  347.21,   228.77,   470.88
  350.09,   348.47,   217.40
  348.15,   352.20,   342.31
  346.65,   354.97,   467.63
  476.32,    99.53,   225.84
  474.55,   102.31,   350.18
  472.69,   104.35,   474.65
  476.12,   224.42,   223.09
  473.52,   227.17,   346.20
  471.52,   228.88,   470.28
  473.97,   348.62,   218.69
  472.67,   352.30,   342.57
  472.13,   355.19,   467.64
  223.13,    99.13,   348.81
  221.40,   101.41,   473.66
  218.80,   103.61,   599.97
  220.14,   224.70,   348.18
  217.54,   226.64,   474.03
  214.98,   227.93,   599.02
  216.47,   349.82,   345.45
  213.09,   351.23,   471.43
  210.31,   352.62,   596.00
  348.24,   102.98,   351.34
  345.63,   104.28,   476.00
  343.38,   105.85,   601.49
  344.51,   228.16,   349.30
  341.28,   229.16,   474.16
  339.37,   230.10,   599.40
  340.48,   353.68,   346.60
  337.33,   355.28,   471.99
  335.40,   356.26,   597.47
  473.41,   107.17,   353.81
  469.86,   108.00,   478.29
  467.36,   108.55,   603.06
  469.02,   231.99,   350.88
  465.48,   232.57,   475.05
  463.61,   233.10,   600.59
  464.90,   357.18,   348.34
  462.70,   358.96,   473.52
  461.17,   360.20,   599.66
  227.05,   101.81,   474.66
  223.85,   102.43,   600.93
  219.34,   102.61,   727.64
  226.02,   227.04,   476.55
  222.93,   226.74,   601.56
  220.40,   226.42,   726.07
  224.42,   351.78,   475.57
  221.15,   351.54,   600.18
  219.17,   351.54,   723.76
  351.31,   101.78,   477.64
  348.45,   101.80,   603.10
  345.40,   102.63,   729.03
  349.80,   226.62,   477.30
  347.34,   225.95,   602.58
  345.71,   226.19,   728.16
  348.81,   352.89,   476.80
  346.38,   352.22,   602.36
  344.88,   351.24,   727.69
  475.72,   102.69,   480.70
  472.57,   101.75,   605.42
  470.16,   101.10,   729.84
  474.06,   227.15,   479.00
  471.58,   226.04,   604.55
  469.87,   225.79,   730.73
  474.32,   353.53,   479.11
  472.16,   353.18,   605.28
  469.97,   352.58,   731.74
  225.95,   100.05,   600.33
  220.92,   103.61,   727.02
  216.24,   108.10,   851.14
  228.12,   224.25,   597.63
  225.07,   227.38,   722.13
  221.08,   231.46,   845.99
  229.42,   349.01,   593.00
  226.85,   352.36,   716.58
  224.28,   355.63,   840.66
  350.51,    96.54,   603.16
  346.85,   100.68,   729.03
  342.84,   105.01,   853.96
  352.44,   220.41,   599.24
  350.25,   224.09,   724.78
  346.65,   228.40,   850.24
  354.61,   346.67,   595.68
  352.53,   349.15,   721.08
  349.61,   351.96,   845.87
  474.72,    93.69,   606.21
  471.56,    96.29,   730.48
  468.63,    99.94,   855.25
  476.57,   217.50,   601.88
  474.34,   220.66,   727.94
  471.62,   225.45,   854.11
  480.29,   344.53,   599.16
  477.53,   347.51,   725.66
  473.80,   350.79,   850.48
  226.09,   225.27,   101.42
  223.34,   225.96,   226.66
  220.14,   227.23,   353.31
  222.81,   350.14,   101.24
  220.33,   351.57,   225.38
  216.67,   352.33,   351.63
  219.59,   475.46,   101.05
  216.60,   476.82,   225.14
  212.75,   476.77,   349.93
  351.95,   228.75,   105.47
  348.82,   229.69,   230.11
  344.44,   230.39,   354.96
  348.05,   352.69,   104.30
  344.78,   354.52,   228.29
  340.65,   355.97,   353.34
  343.90,   477.77,   103.10
  340.56,   479.54,   226.93
  336.72,   480.97,   352.18
  476.79,   232.05,   109.55
  473.72,   233.44,   233.93
  468.91,   233.94,   357.09
  472.37,   356.17,   107.54
  468.54,   357.69,   231.59
  465.13,   359.21,   355.67
  467.87,   481.08,   105.18
  464.22,   482.17,   229.33
  461.76,   484.51,   354.68
  227.30,   224.09,   224.29
  226.14,   221.38,   350.90
  225.04,   218.26,   476.63
  227.76,   349.71,   227.04
  226.12,   346.56,   353.28
  224.27,   342.98,   479.19
  227.44,   474.96,   230.70
  225.60,   471.06,   355.59
  223.79,   467.18,   480.84
  352.91,   224.30,   225.78
  350.57,   221.02,   350.55
  348.83,   216.91,   475.32
  352.30,   349.09,   227.95
  350.23,   346.60,   352.91
  348.68,   343.09,   478.23
  351.47,   474.08,   230.47
  349.76,   471.74,   355.74
  348.68,   468.76,   481.51
  477.99,   224.54,   227.66
  475.25,   221.12,   350.78
  473.06,   216.61,   474.91
  476.19,   348.82,   229.32
  474.82,   346.27,   353.28
  474.11,   342.83,   478.34
  475.21,   473.27,   230.98
  474.96,   471.58,   356.23
  474.98,   469.28,   482.52
  225.89,   227.32,   352.12
  222.52,   228.09,   477.91
  219.28,   228.26,   602.89
  225.55,   352.51,   350.52
  221.44,   352.78,   476.43
  218.03,   353.04,   601.01
  224.77,   477.05,   348.97
  220.74,   476.98,   474.14
  217.49,   477.58,   598.71
  350.23,   227.30,   353.96
  346.30,   227.12,   478.79
  343.73,   226.97,   604.07
  349.60,   352.92,   352.43
  345.82,   353.38,   477.80
  343.25,   353.19,   603.34
  348.86,   478.04,   351.37
  345.53,   478.96,   477.16
  343.32,   479.42,   602.78
  474.80,   227.69,   356.35
  470.54,   227.10,   480.56
  467.96,   226.48,   606.12
  474.17,   352.94,   355.03
  471.30,   353.51,   480.21
  469.03,   353.63,   606.37
  474.01,   478.26,   354.11
  471.77,   479.95,   480.46
  469.59,   480.75,   606.72
  225.54,   225.82,   476.87
  222.95,   226.73,   601.88
  220.96,   227.62,   726.37
  224.34,   350.56,   474.69
  221.57,   351.53,   599.31
  220.09,   352.73,   722.88
  223.49,   474.79,   471.70
  220.90,   476.10,   596.30
  219.33,   477.97,   720.75
  349.32,   225.01,   477.11
  347.38,   225.57,   602.38
  346.26,   227.01,   727.95
  348.73,   351.27,   475.39
  346.80,   351.83,   600.94
  345.83,   352.08,   726.29
  348.30,   476.88,   474.02
  346.73,   478.09,   599.69
  345.80,   478.49,   725.00
  473.58,   225.17,   478.27
  471.61,   225.28,   603.82
  470.43,   226.25,   730.01
  474.22,   351.53,   477.16
  472.58,   352.41,   603.32
  470.92,   353.07,   729.80
  474.57,   477.95,   476.64
  473.03,   479.54,   602.95
  471.26,   480.20,   728.29
  224.61,   226.61,   602.38
  226.31,   224.76,   726.96
  226.87,   223.99,   851.04
  224.10,   351.41,   602.56
  226.36,   349.78,   726.23
  228.37,   347.99,   850.61
  224.33,   476.06,   602.37
  226.52,   475.10,   726.94
  229.08,   473.25,   852.17
  349.02,   224.57,   599.22
  351.53,   223.20,   724.79
  352.63,   222.58,   850.40
  349.36,   350.84,   600.58
  352.03,   348.28,   726.01
  353.70,   346.17,   850.96
  350.19,   477.13,   602.15
  352.94,   474.70,   727.52
  354.53,   471.67,   851.81
  473.22,   223.45,   596.99
  475.63,   221.53,   723.13
  477.68,   221.21,   849.37
  475.11,   350.54,   599.26
  477.05,   348.45,   725.80
  477.99,   346.79,   850.75
  476.49,   477.67,   601.72
  478.31,   475.61,   727.13
  478.54,   472.74,   850.67
  225.66,   349.15,   101.79
  225.79,   346.71,   225.94
  224.73,   343.66,   352.22
  222.62,   474.51,   105.48
  222.20,   471.95,   229.54
  220.92,   468.11,   354.45
  219.48,   599.74,   108.93
  218.56,   596.20,   234.04
  217.65,   592.10,   357.09
  350.92,   351.49,   102.39
  350.31,   349.44,   226.38
  348.79,   347.03,   351.36
  346.93,   476.54,   105.02
  346.19,   474.43,   228.86
  345.00,   472.11,   354.11
  343.31,   602.32,   107.96
  342.91,   599.12,   232.46
  342.15,   596.24,   357.65
  475.32,   354.82,   103.08
  474.12,   352.46,   227.24
  473.32,   350.04,   351.24
  470.95,   479.69,   104.64
  469.88,   476.89,   228.82
  470.11,   475.32,   354.10
  467.76,   605.07,   107.46
  467.63,   601.88,   231.51
  467.52,   600.24,   357.79
  224.56,   350.58,   223.22
  224.34,   349.85,   349.46
  223.85,   348.66,   475.40
  223.60,   475.89,   224.55
  223.17,   474.39,   349.40
  222.74,   472.89,   474.64
  222.62,   600.25,   226.77
  222.55,   598.46,   349.87
  222.89,   597.21,   474.10
  349.13,   350.64,   222.75
  348.46,   350.60,   347.73
  348.26,   349.58,   473.08
  347.66,   475.67,   222.91
  347.31,   475.72,   348.15
  347.58,   475.19,   473.95
  347.01,   600.47,   224.13
  347.13,   599.94,   349.39
  347.70,   599.72,   474.99
  473.02,   351.03,   222.75
  473.01,   350.97,   346.73
  473.72,   350.05,   471.84
  471.34,   475.49,   221.98
  472.41,   476.24,   347.21
  473.83,   476.45,   473.54
  471.73,   600.54,   222.26
  472.50,   601.21,   348.50
  473.36,   601.79,   475.15
  225.82,   352.51,   349.94
  227.27,   355.62,   475.71
  229.48,   358.69,   600.22
  224.87,   477.03,   345.56
  226.43,   479.84,   470.65
  228.89,   483.33,   595.27
  224.45,   601.06,   341.84
  226.80,   604.15,   465.86
  229.85,   607.87,   591.34
  349.94,   353.01,   346.20
  351.72,   356.39,   471.45
  354.78,   359.12,   596.99
  349.00,   478.06,   342.28
  351.25,   481.92,   468.02
  354.68,   485.37,   593.71
  349.01,   602.22,   339.21
  351.56,   606.32,   464.76
  354.82,   610.52,   590.36
  474.48,   353.12,   343.23
  477.24,   356.62,   468.28
  480.63,   359.74,   594.41
  474.01,   478.25,   339.32
  477.48,   482.89,   465.59
  480.97,   486.75,   591.94
  474.31,   603.12,   336.18
  477.15,   608.07,   462.80
  480.03,   612.40,   588.74
  223.67,   348.27,   474.81
  221.34,   350.95,   599.38
  220.31,   353.87,   722.91
  219.58,   472.39,   470.06
  217.39,   475.40,   594.59
  216.25,   479.03,   718.99
  216.67,   596.58,   465.47
  215.08,   599.77,   590.80
  213.57,   603.91,   716.57
  348.00,   352.27,   474.93
  346.52,   354.57,   600.47
  346.01,   356.53,   725.79
  344.30,   477.74,   471.79
  343.16,   480.69,   597.40
  342.69,   482.87,   722.70
  341.40,   602.07,   468.75
  340.20,   605.73,   594.30
  339.34,   608.68,   719.50
  473.47,   355.86,   476.17
  472.32,   358.51,   602.34
  471.12,   360.90,   728.77
  470.47,   482.15,   473.87
  469.40,   485.50,   600.15
  468.16,   487.90,   725.44
  466.94,   607.27,   471.41
  465.35,   611.12,   597.24
  464.21,   613.66,   721.60
  223.37,   351.09,   601.90
  221.74,   353.44,   725.45
  219.96,   355.65,   849.71
  222.63,   475.68,   597.77
  220.90,   478.69,   722.22
  219.62,   481.00,   847.46
  223.53,   600.22,   594.69
  221.41,   603.72,   720.47
  218.51,   606.74,   846.62
  348.63,   351.49,   603.74
  347.48,   352.89,   729.08
  345.30,   354.68,   853.86
  348.47,   477.77,   601.34
  347.37,   479.30,   726.63
  345.20,   480.26,   850.90
  348.65,   603.01,   598.90
  347.17,   605.28,   724.00
  344.64,   606.85,   847.79
  474.41,   352.19,   606.33
  472.54,   354.03,   732.79
  469.56,   356.21,   857.39
  474.77,   479.31,   604.78
  472.79,   481.14,   730.08
  469.26,   482.06,   853.48
  473.91,   605.12,   602.50
  472.07,   607.05,   726.81
  469.42,   607.81,   849.59
  224.52,   474.88,   100.46
  227.27,   475.63,   224.48
  229.12,   475.03,   349.30
  221.15,   600.11,   100.66
  223.41,   599.95,   225.93
  225.65,   599.04,   349.02
  217.77,   724.89,   100.37
  219.90,   724.08,   227.32
  222.77,   723.40,   349.20
  348.78,   477.24,    96.81
  351.23,   478.25,   220.52
  353.24,   479.23,   345.70
  344.86,   603.14,    96.58
  347.73,   603.04,   220.98
  350.19,   603.38,   346.20
  341.16,   729.10,    96.12
  344.86,   727.62,   222.24
  347.63,   727.32,   346.74
  472.99,   480.84,    93.18
  474.83,   480.96,   217.25
  478.27,   482.56,   342.45
  469.27,   606.33,    93.14
  472.45,   605.99,   216.77
  475.50,   607.48,   342.94
  465.66,   732.07,    93.69
  470.99,   731.42,   217.73
  472.85,   731.97,   343.68
  223.85,   474.37,   223.07
  219.51,   471.66,   347.90
  215.11,   468.89,   473.11
  221.99,   598.71,   226.45
  217.98,   595.71,   349.50
  214.32,   593.15,   473.63
  220.48,   722.83,   229.76
  217.08,   720.13,   351.53
  213.88,   717.99,   474.79
  347.83,   474.98,   225.41
  343.54,   473.81,   350.63
  339.81,   471.98,   476.35
  346.30,   599.75,   227.80
  342.45,   597.99,   353.01
  339.07,   596.49,   478.46
  345.49,   724.26,   231.01
  341.91,   721.96,   355.41
  338.04,   720.72,   480.31
  471.48,   475.67,   228.44
  468.61,   475.24,   353.68
  465.97,   474.18,   479.96
  471.00,   600.70,   229.94
  467.78,   600.19,   356.19
  464.66,   599.49,   482.74
  471.55,   726.05,   232.84
  467.00,   724.62,   358.86
  462.28,   723.75,   484.87
  225.66,   473.28,   350.58
  224.35,   470.00,   475.82
  223.86,   467.33,   600.45
  224.18,   597.30,   352.81
  223.63,   594.27,   477.08
  223.71,   591.88,   602.51
  223.35,   721.70,   355.43
  223.18,   719.05,   478.93
  223.01,   716.72,   605.52
  349.80,   475.47,   350.24
  349.20,   473.13,   476.03
  349.73,   470.28,   601.71
  348.76,   599.66,   353.29
  348.46,   597.66,   478.88
  348.94,   595.58,   604.46
  348.23,   723.62,   356.34
  347.36,   721.86,   481.42
  347.31,   720.31,   607.40
  474.95,   476.84,   350.24
  475.48,   475.23,   476.56
  476.06,   472.74,   602.86
  474.16,   601.82,   353.37
  474.13,   600.58,   479.97
  474.27,   598.63,   605.81
  473.40,   726.31,   356.68
  471.66,   724.87,   482.73
  471.16,   722.88,   608.33
  223.75,   475.64,   473.86
  222.04,   474.85,   598.50
  221.38,   474.56,   722.99
  221.40,   599.91,   473.20
  220.25,   599.34,   598.67
  219.15,   599.61,   724.48
  219.25,   724.71,   473.11
  217.79,   724.17,   599.66
  215.78,   724.79,   726.10
  348.56,   480.48,   475.36
  347.88,   479.57,   601.05
  347.82,   477.79,   726.39
  346.17,   604.92,   476.25
  345.39,   604.74,   601.85
  344.95,   603.71,   727.00
  343.37,   729.07,   476.80
  342.02,   729.41,   602.86
  341.48,   729.53,   727.55
  474.82,   484.33,   477.17
  474.14,   483.79,   603.47
  473.22,   482.31,   728.80
  471.72,   609.56,   478.61
  470.57,   609.51,   604.43
  469.83,   608.13,   728.76
  467.55,   733.74,   479.40
  465.74,   733.66,   605.04
  465.76,   732.33,   728.70
  222.91,   472.86,   601.57
  223.27,   471.42,   726.06
  224.05,   469.15,   851.26
  223.52,   597.44,   602.95
  223.43,   596.56,   728.75
  222.71,   594.94,   854.73
  223.45,   722.34,   605.20
  222.49,   721.87,   731.55
  219.42,   720.56,   857.98
  348.79,   475.13,   603.13
  349.72,   472.18,   728.47
  349.54,   468.68,   852.78
  348.71,   600.42,   605.12
  349.27,   598.20,   730.24
  348.73,   595.17,   854.00
  347.74,   725.18,   607.31
  348.22,   724.05,   731.84
  347.10,   722.47,   854.87
  475.09,   476.89,   604.53
  475.14,   474.28,   729.91
  473.58,   470.85,   853.43
  474.00,   602.75,   606.68
  474.20,   600.23,   731.03
  473.39,   596.54,   853.90
  471.56,   726.98,   608.44
  472.59,   724.39,   732.08
  473.30,   722.22,   854.34
  224.98,   599.53,    99.62
  225.57,   596.01,   224.82
  226.07,   591.69,   347.99
  226.60,   724.44,   102.63
  227.09,   720.06,   229.48
  228.23,   715.99,   351.40
  228.31,   849.18,   104.71
  228.83,   845.15,   232.77
  230.20,   841.24,   355.70
  348.77,   597.50,    97.19
  349.90,   594.05,   221.50
  350.61,   591.07,   346.74
  350.10,   723.41,   100.09
  352.14,   718.61,   226.00
  353.13,   715.01,   350.63
  351.67,   848.70,   102.58
  353.40,   843.81,   229.55
  354.19,   839.81,   354.16
  473.28,   595.65,    95.35
  474.52,   591.95,   219.04
  475.95,   590.10,   345.14
  475.05,   721.22,    99.30
  478.23,   717.35,   223.21
  478.37,   714.69,   349.25
  476.80,   846.99,   102.16
  479.90,   842.68,   227.29
  479.28,   839.21,   352.70
  226.40,   601.31,   225.22
  228.15,   597.61,   348.32
  230.31,   594.48,   472.57
  226.79,   725.42,   229.27
  229.18,   721.96,   351.18
  231.70,   719.24,   474.60
  227.42,   850.58,   231.88
  229.99,   847.29,   354.94
  231.89,   844.57,   477.48
  350.76,   600.55,   220.68
  352.73,   598.14,   345.92
  355.13,   596.04,   471.55
  351.85,   725.16,   224.61
  354.08,   722.12,   349.21
  355.89,   720.23,   474.30
  351.85,   850.41,   227.46
  353.87,   847.01,   352.14
  355.19,   844.62,   476.72
  475.46,   599.63,   217.00
  478.07,   598.35,   343.11
  480.84,   597.02,   469.72
  478.02,   725.08,   220.64
  479.35,   722.95,   346.61
  480.29,   721.39,   472.67
  478.27,   850.42,   224.01
  478.97,   847.51,   349.42
  479.13,   845.16,   475.15
  224.58,   598.11,   348.54
  227.01,   600.28,   472.72
  230.14,   603.11,   598.22
  226.84,   722.48,   346.18
  229.62,   725.08,   469.39
  232.34,   727.99,   595.94
  228.91,   847.82,   344.74
  231.09,   850.46,   467.09
  232.69,   853.57,   592.79
  349.11,   597.28,   345.98
  351.76,   600.46,   471.58
  355.16,   603.66,   597.19
  351.75,   721.24,   343.91
  353.78,   724.62,   468.91
  356.47,   728.33,   594.89
  352.87,   846.17,   341.55
  354.35,   849.02,   465.96
  356.65,   852.79,   591.98
  474.41,   596.15,   342.98
  477.40,   600.14,   469.61
  480.43,   603.47,   595.55
  477.03,   720.69,   341.06
  478.16,   724.43,   467.13
  480.26,   727.66,   592.82
  478.10,   845.28,   338.53
  478.38,   848.21,   464.19
  480.10,   850.95,   589.87
  226.54,   598.71,   473.11
  225.06,   595.17,   598.51
  223.66,   592.37,   724.20
  228.08,   723.49,   476.12
  226.35,   720.04,   602.65
  224.16,   717.66,   728.91
  228.41,   848.85,   480.04
  225.58,   845.63,   605.99
  223.06,   843.16,   732.75
  351.34,   600.00,   476.44
  350.24,   596.81,   601.97
  349.50,   592.69,   727.06
  352.23,   724.20,   480.14
  350.62,   721.54,   606.05
  349.81,   718.46,   730.52
  351.66,   848.60,   483.53
  349.78,   846.23,   609.62
  349.01,   844.35,   734.55
  477.01,   600.82,   479.02
  475.59,   597.76,   604.83
  474.46,   593.40,   729.18
  476.53,   725.13,   482.90
  474.49,   722.00,   608.46
  474.20,   717.53,   732.09
  475.51,   848.81,   486.35
  473.20,   845.34,   611.84
  472.96,   841.96,   735.29
  224.16,   597.01,   598.60
  225.31,   594.86,   724.36
  225.91,   592.01,   850.28
  222.72,   721.84,   602.07
  223.03,   720.12,   728.43
  221.33,   717.62,   854.77
  219.26,   847.42,   604.73
  219.18,   845.52,   731.56
  217.26,   842.27,   858.14
  349.31,   601.43,   599.59
  351.10,   598.01,   724.72
  351.88,   593.70,   848.52
  346.96,   726.10,   603.03
  348.66,   723.75,   727.62
  348.91,   720.89,   850.61
  343.42,   850.77,   605.91
  345.12,   849.52,   731.09
  345.43,   847.32,   854.41
  474.57,   605.18,   599.98
  476.00,   601.50,   724.39
  476.50,   596.59,   847.30
  470.73,   729.35,   603.01
  472.93,   725.56,   726.73
  474.98,   722.03,   848.97
  466.85,   852.70,   605.79
  468.92,   850.04,   729.38
  471.85,   848.17,   852.61
  349.79,   101.01,   101.34
  350.39,    98.61,   226.54
  350.07,    96.28,   350.56
  349.61,   225.40,   102.89
  350.15,   223.55,   227.61
  349.35,   221.44,   352.43
  348.58,   349.36,   104.59
  348.91,   348.39,   228.64
  348.36,   347.04,   353.64
  474.68,   101.32,   100.74
  475.78,    99.57,   225.81
  475.42,    97.42,   350.23
  474.53,   225.86,   103.39
  475.26,   224.49,   227.97
  474.03,   222.24,   351.13
  473.05,   350.02,   104.33
  472.83,   348.78,   228.49
  472.94,   347.42,   352.48
  599.54,   100.76,    99.83
  600.60,    99.87,   224.99
  600.88,    98.71,   350.05
  598.34,   226.38,   102.90
  599.54,   225.23,   228.05
  599.41,   223.49,   351.24
  596.86,   351.77,   103.63
  596.53,   350.15,   228.40
  598.39,   347.54,   352.64
  351.34,    99.03,   227.11
  351.67,   101.48,   351.14
  352.67,   103.70,   475.79
  352.10,   223.95,   223.40
  351.92,   226.67,   348.14
  352.29,   228.57,   472.87
  351.81,   348.68,   219.64
  351.88,   352.23,   344.52
  352.44,   354.83,   469.82
  476.72,    99.00,   225.74
  476.99,   101.64,   350.10
  477.16,   103.53,   474.58
  477.20,   223.90,   223.18
  476.62,   226.49,   346.28
  476.63,   228.04,   470.34
  475.70,   348.12,   218.94
  476.44,   351.60,   342.82
  477.96,   354.30,   467.88
  601.52,    98.28,   224.23
  602.45,   101.97,   349.30
  602.60,   104.45,   473.72
  601.44,   223.62,   222.61
  602.00,   226.71,   345.79
  602.23,   228.83,   469.89
  599.34,   348.61,   218.20
  601.76,   350.76,   342.36
  604.50,   353.23,   467.49
  351.71,    99.27,   351.43
  351.83,    99.31,   476.12
  352.26,    99.60,   601.58
  352.90,   224.45,   350.69
  352.35,   224.07,   475.47
  353.19,   223.66,   600.73
  353.80,   350.05,   349.32
  353.46,   350.35,   474.66
  354.38,   349.98,   600.26
  477.05,    98.49,   351.38
  476.40,    98.22,   475.97
  476.47,    97.66,   600.68
  477.59,   223.34,   349.75
  476.65,   222.59,   473.89
  477.40,   221.74,   599.43
  478.40,   348.49,   348.55
  478.97,   348.86,   473.65
  480.13,   348.84,   599.82
  602.51,    97.87,   351.52
  601.87,    98.11,   476.08
  601.16,    97.28,   600.84
  602.99,   222.67,   350.20
  602.19,   222.53,   474.36
  602.08,   221.66,   600.12
  603.83,   346.71,   349.06
  605.48,   346.95,   474.24
  605.82,   348.06,   600.31
  348.36,    99.15,   473.08
  345.97,   100.18,   598.55
  343.39,   101.97,   724.52
  351.09,   223.88,   471.82
  349.08,   224.21,   597.08
  347.94,   225.42,   722.65
  354.41,   350.10,   470.32
  352.44,   350.46,   595.91
  351.42,   350.50,   721.35
  472.91,    95.88,   475.84
  470.14,    96.06,   600.50
  468.05,    96.40,   724.92
  475.30,   220.16,   473.08
  473.23,   220.01,   598.57
  472.03,   220.72,   724.68
  479.83,   346.36,   472.18
  478.14,   347.05,   598.30
  476.42,   347.57,   724.84
  598.36,    93.50,   478.84
  594.81,    93.43,   603.47
  592.56,    92.18,   727.41
  600.71,   217.91,   476.39
  597.78,   217.63,   602.08
  595.63,   217.50,   728.30
  606.23,   342.30,   475.65
  603.71,   344.06,   601.66
  600.01,   346.24,   727.91
  349.05,    99.38,   598.31
  346.59,   101.16,   724.25
  343.75,   103.12,   849.31
  346.47,   223.47,   596.78
  345.45,   224.71,   722.35
  343.04,   226.62,   847.85
  344.06,   349.72,   595.49
  343.17,   349.80,   720.82
  341.46,   350.21,   845.68
  473.16,   100.80,   600.06
  471.33,   101.09,   724.48
  469.61,   102.42,   849.30
  470.69,   225.01,   598.06
  469.60,   225.75,   724.22
  468.03,   228.03,   850.48
  469.82,   352.11,   597.67
  468.31,   352.55,   724.16
  465.79,   353.32,   849.08
  597.66,   103.82,   602.84
  595.79,   102.38,   727.02
  594.87,   103.47,   851.04
  595.38,   228.35,   601.39
  593.26,   228.48,   727.71
  592.23,   230.12,   852.78
  595.61,   354.84,   600.82
  592.10,   357.02,   727.06
  588.88,   358.45,   851.08
  350.66,   223.38,   101.31
  349.32,   225.93,   225.97
  346.62,   228.28,   350.80
  349.20,   347.29,    98.66
  347.69,   350.72,   222.59
  345.22,   353.85,   347.56
  347.44,   472.33,    95.88
  345.82,   475.70,   219.59
  343.68,   478.91,   344.79
  475.59,   224.28,   103.68
  474.38,   227.30,   228.20
  471.23,   229.47,   351.33
  473.75,   348.42,   100.21
  471.55,   351.54,   224.32
  469.76,   354.67,   348.28
  471.67,   473.42,    96.32
  469.48,   475.96,   220.40
  468.74,   479.90,   345.59
  599.40,   225.22,   105.08
  598.63,   228.50,   230.14
  596.57,   231.09,   353.28
  597.54,   350.58,   101.36
  595.20,   353.39,   226.08
  595.15,   355.18,   350.28
  596.37,   475.72,    97.94
  593.48,   477.85,   222.16
  594.42,   479.87,   347.31
  349.35,   225.56,   224.67
  347.11,   225.47,   349.53
  345.43,   224.56,   474.37
  352.21,   350.32,   223.77
  350.21,   351.02,   348.74
  348.69,   350.74,   474.10
  354.82,   475.24,   223.16
  353.19,   476.12,   348.42
  352.16,   476.35,   474.26
  474.43,   222.39,   226.53
  471.72,   222.11,   349.69
  469.62,   220.77,   473.85
  476.09,   346.64,   225.14
  474.74,   347.25,   349.08
  474.10,   347.03,   474.18
  478.45,   471.04,   223.66
  478.28,   472.47,   348.85
  478.41,   473.40,   475.18
  598.72,   219.00,   228.06
  597.05,   219.24,   351.24
  595.00,   218.46,   475.37
  599.81,   343.92,   226.55
  600.12,   343.28,   350.73
  600.49,   342.95,   475.86
  602.41,   468.47,   225.08
  603.95,   467.78,   350.26
  605.34,   468.36,   476.28
  349.51,   224.58,   348.05
  352.22,   225.95,   472.71
  356.31,   227.24,   597.84
  345.86,   350.11,   345.07
  348.73,   352.17,   470.31
  352.89,   353.59,   595.80
  342.03,   475.14,   342.52
  345.35,   477.66,   468.22
  349.88,   479.80,   593.87
  474.14,   228.02,   343.76
  476.48,   229.09,   467.76
  480.49,   230.02,   593.21
  470.28,   353.11,   340.87
  474.12,   355.32,   465.90
  478.63,   357.10,   591.99
  466.92,   478.25,   338.33
  471.44,   481.57,   464.58
  476.09,   484.10,   590.92
  599.39,   231.81,   340.84
  602.06,   233.46,   464.89
  605.29,   234.57,   590.56
  595.41,   355.88,   337.93
  600.59,   357.84,   463.05
  604.50,   360.73,   589.07
  592.29,   480.48,   335.08
  598.23,   483.37,   461.07
  602.28,   486.88,   587.42
  350.31,   226.04,   473.46
  351.00,   221.39,   598.67
  352.55,   217.72,   724.23
  350.97,   352.23,   476.87
  351.76,   347.59,   602.41
  353.46,   342.66,   727.82
  351.83,   477.83,   480.71
  353.00,   473.87,   606.38
  354.76,   468.99,   731.69
  474.61,   224.98,   471.95
  475.19,   219.88,   597.42
  476.64,   215.56,   723.44
  476.49,   351.20,   475.96
  477.49,   346.88,   602.05
  478.41,   342.42,   728.55
  478.16,   477.58,   480.64
  479.30,   473.99,   606.89
  480.09,   469.52,   732.25
  600.16,   225.30,   472.50
  599.87,   220.23,   598.18
  600.30,   215.06,   724.37
  603.02,   349.72,   476.61
  603.15,   346.58,   602.63
  602.05,   343.79,   728.85
  605.13,   475.22,   480.64
  605.33,   472.93,   606.92
  603.69,   470.80,   732.08
  349.81,   225.12,   599.64
  352.09,   222.45,   725.21
  352.93,   220.57,   850.82
  347.24,   351.34,   602.36
  349.69,   347.47,   727.74
  351.08,   344.10,   852.65
  345.15,   477.53,   605.20
  347.65,   473.79,   730.52
  348.99,   469.48,   854.81
  474.03,   226.96,   597.74
  476.18,   223.73,   723.89
  477.97,   222.10,   850.08
  473.01,   354.02,   601.37
  474.71,   350.58,   727.85
  475.38,   347.59,   852.72
  471.40,   481.07,   605.12
  473.04,   477.62,   730.46
  473.03,   473.37,   853.94
  598.78,   230.60,   597.85
  599.82,   226.77,   724.18
  602.10,   224.26,   849.20
  598.79,   357.01,   601.26
  598.41,   355.35,   727.46
  598.49,   352.92,   851.47
  597.49,   483.37,   604.50
  596.78,   482.11,   729.66
  595.64,   479.58,   852.53
  349.60,   349.04,   101.28
  348.14,   352.55,   225.23
  345.78,   355.74,   350.21
  347.35,   474.08,    98.42
  345.82,   477.53,   222.17
  343.79,   480.78,   347.39
  345.41,   599.98,    95.74
  344.30,   602.29,   220.19
  342.76,   604.91,   345.38
  474.08,   350.63,   102.72
  471.99,   353.83,   226.81
  470.34,   357.03,   350.81
  471.52,   475.60,    98.74
  469.50,   478.25,   222.84
  468.88,   482.28,   348.09
  469.90,   601.13,    96.15
  469.02,   603.26,   219.90
  468.09,   607.13,   346.12
  597.84,   353.29,   103.76
  595.64,   356.12,   228.45
  595.78,   357.96,   352.70
  596.20,   478.41,   100.26
  593.53,   480.56,   224.49
  594.60,   482.69,   349.67
  595.65,   602.88,    98.58
  594.53,   604.78,   221.87
  593.74,   608.22,   347.06
  350.35,   351.16,   222.97
  352.46,   354.81,   347.83
  355.11,   357.53,   473.08
  347.85,   476.12,   219.52
  350.32,   479.87,   344.64
  353.44,   483.08,   470.39
  346.16,   600.91,   217.12
  349.13,   604.01,   342.27
  352.52,   607.49,   467.83
  474.17,   352.49,   220.12
  477.00,   356.12,   344.01
  480.66,   358.98,   469.09
  471.46,   476.88,   215.72
  475.34,   481.28,   340.82
  479.68,   485.26,   467.12
  470.82,   601.89,   212.34
  474.42,   606.16,   338.42
  478.07,   610.45,   465.02
  597.71,   354.95,   217.25
  602.27,   357.19,   341.45
  607.22,   359.80,   466.61
  595.38,   479.43,   212.87
  600.83,   481.79,   337.95
  606.49,   485.25,   463.91
  596.26,   603.53,   209.90
  600.02,   607.23,   334.90
  603.61,   611.19,   460.88
  348.97,   351.66,   350.31
  346.34,   352.71,   475.68
  344.95,   353.12,   601.23
  348.08,   476.78,   348.65
  345.91,   478.28,   474.45
  344.87,   479.35,   600.11
  348.14,   600.98,   347.82
  346.27,   602.78,   473.39
  345.16,   604.58,   598.97
  473.54,   351.82,   351.73
  471.83,   352.99,   476.89
  470.74,   353.70,   603.06
  473.20,   477.11,   350.18
  472.15,   479.39,   476.53
  471.16,   480.82,   602.84
  473.50,   602.06,   349.39
  471.88,   604.68,   476.03
  470.40,   606.62,   601.88
  599.01,   351.68,   354.45
  598.37,   352.77,   479.67
  596.46,   354.66,   605.77
  598.96,   476.36,   352.63
  599.13,   478.42,   478.71
  597.27,   481.07,   605.06
  599.16,   601.93,   351.15
  597.58,   604.33,   477.37
  595.52,   606.24,   603.72
  347.95,   348.84,   474.32
  347.25,   349.05,   599.88
  347.52,   348.94,   725.27
  344.28,   474.38,   473.26
  343.93,   475.24,   598.93
  344.26,   475.29,   724.27
  341.42,   598.79,   472.32
  341.03,   600.37,   597.92
  340.98,   601.19,   723.15
  473.39,   352.33,   474.80
  473.00,   352.87,   600.97
  472.58,   353.18,   727.48
  470.46,   478.69,   474.59
  470.19,   479.92,   600.92
  469.72,   480.23,   726.31
  467.00,   603.89,   474.26
  466.25,   605.66,   600.13
  465.89,   606.11,   724.54
  599.93,   355.31,   476.87
  598.75,   357.04,   602.97
  596.28,   359.15,   729.18
  597.39,   480.94,   476.04
  596.31,   483.37,   602.41
  593.53,   485.80,   727.61
  592.62,   606.86,   474.89
  591.31,   608.55,   601.25
  589.87,   609.74,   726.26
  348.90,   350.37,   600.57
  351.15,   347.37,   725.99
  352.39,   344.84,   850.93
  350.71,   476.66,   602.57
  353.02,   473.77,   727.94
  354.17,   470.29,   852.23
  352.81,   601.98,   604.54
  354.74,   599.81,   729.63
  355.58,   596.79,   853.31
  474.65,   349.08,   599.65
  476.16,   346.54,   726.19
  476.68,   344.46,   851.16
  477.00,   476.21,   602.56
  478.38,   473.70,   727.97
  478.17,   470.39,   851.51
  478.10,   602.07,   604.68
  479.62,   599.66,   729.06
  480.16,   596.05,   851.94
  600.35,   348.14,   599.67
  599.85,   347.30,   725.95
  599.84,   345.78,   850.09
  603.11,   474.51,   602.05
  602.09,   474.27,   727.30
  600.73,   472.76,   850.23
  603.26,   599.69,   603.77
  603.51,   598.34,   728.85
  603.26,   596.46,   851.92
  350.67,   474.58,   100.47
  347.00,   476.87,   224.25
  342.85,   478.95,   349.48
  351.52,   600.46,    98.98
  348.27,   601.63,   223.43
  344.60,   603.12,   348.68
  352.57,   726.48,    97.32
  350.25,   726.25,   223.37
  346.86,   727.13,   347.95
  474.75,   473.30,   103.01
  470.66,   474.85,   227.14
  467.92,   477.69,   352.37
  476.04,   598.77,   101.55
  472.95,   599.85,   225.41
  469.90,   602.60,   351.65
  477.65,   724.45,   101.06
  476.38,   725.25,   225.07
  472.01,   727.08,   351.10
  599.21,   473.44,   106.70
  594.67,   474.32,   231.00
  593.68,   475.28,   356.17
  601.67,   597.84,   106.13
  598.32,   598.62,   229.57
  595.53,   600.83,   354.77
  605.01,   722.13,   106.21
  603.01,   723.42,   229.23
  597.28,   726.60,   353.81
  349.20,   475.20,   222.13
  351.63,   472.43,   347.25
  354.68,   469.08,   472.97
  352.43,   599.90,   226.04
  355.32,   596.63,   351.28
  358.68,   593.66,   476.92
  356.47,   724.42,   230.76
  359.56,   720.57,   355.37
  362.29,   717.85,   480.57
  472.80,   471.21,   218.40
  476.62,   469.04,   343.46
  480.87,   466.34,   469.61
  477.04,   596.16,   221.38
  480.62,   594.00,   347.47
  484.38,   591.75,   474.04
  482.54,   721.51,   225.83
  484.73,   718.58,   351.79
  486.65,   716.14,   477.83
  596.63,   469.00,   215.58
  602.07,   464.75,   340.65
  607.72,   461.53,   466.54
  602.26,   593.09,   218.95
  606.18,   590.08,   343.97
  610.18,   587.35,   470.00
  609.12,   717.65,   223.45
  610.12,   715.91,   347.78
  611.00,   713.05,   473.05
  348.22,   477.36,   347.90
  348.21,   476.35,   473.70
  349.33,   474.86,   599.41
  350.02,   601.58,   349.63
  350.30,   600.90,   475.25
  351.36,   600.18,   600.87
  352.32,   725.59,   351.42
  351.99,   725.13,   476.50
  352.46,   724.93,   602.51
  473.32,   475.91,   347.24
  474.46,   475.63,   473.56
  475.64,   474.50,   599.90
  475.38,   600.88,   349.00
  475.97,   600.98,   475.65
  476.68,   600.38,   601.56
  477.54,   725.44,   351.00
  476.34,   725.31,   477.09
  476.31,   724.63,   602.76
  598.99,   473.43,   347.52
  601.42,   472.81,   473.57
  601.81,   472.89,   599.93
  601.04,   598.94,   348.59
  601.73,   598.72,   474.78
  601.89,   598.12,   601.17
  602.94,   724.78,   350.14
  600.62,   724.32,   475.57
  600.24,   722.15,   601.83
  346.90,   474.95,   473.75
  345.93,   476.34,   599.42
  345.63,   476.92,   724.75
  347.05,   599.46,   472.36
  346.02,   601.58,   597.94
  345.34,   602.90,   723.11
  346.88,   723.64,   470.65
  345.22,   726.28,   596.65
  344.43,   728.70,   721.40
  473.15,   476.21,   475.73
  472.24,   477.98,   602.05
  471.11,   478.84,   727.43
  472.70,   601.53,   474.89
  471.31,   603.82,   600.76
  470.28,   604.80,   725.15
  471.22,   725.80,   473.41
  469.04,   728.06,   599.09
  468.70,   729.02,   722.87
  600.13,   475.42,   477.85
  598.37,   478.43,   604.19
  594.90,   481.44,   729.38
  598.43,   601.33,   476.15
  596.46,   603.62,   602.51
  594.27,   605.47,   727.53
  595.45,   726.87,   474.07
  592.89,   727.65,   600.27
  592.92,   727.01,   725.87
  348.65,   476.94,   601.70
  348.58,   476.69,   727.04
  347.43,   475.86,   851.36
  348.60,   602.22,   601.03
  348.16,   602.70,   726.17
  346.65,   602.43,   849.97
  347.66,   726.94,   600.55
  347.13,   728.53,   725.20
  345.09,   729.73,   848.27
  474.95,   478.68,   604.10
  474.00,   478.74,   729.47
  471.49,   477.92,   852.94
  473.88,   604.52,   603.60
  473.07,   604.68,   727.96
  471.39,   603.66,   850.80
  471.47,   728.74,   602.70
  471.42,   728.85,   726.43
  471.27,   729.35,   848.64
  601.03,   479.20,   605.99
  597.72,   481.47,   731.16
  594.09,   482.32,   854.00
  598.99,   604.36,   605.09
  597.02,   605.43,   730.12
  594.66,   605.90,   853.16
  595.32,   728.35,   603.65
  595.66,   726.86,   729.30
  595.87,   726.94,   853.12
  349.51,   600.31,    97.88
  351.27,   602.53,   222.27
  352.65,   605.17,   347.56
  350.90,   726.33,    95.05
  353.64,   727.17,   221.04
  355.27,   729.17,   345.73
  352.64,   851.69,    91.93
  354.88,   852.49,   218.64
  356.24,   854.15,   343.56
  474.02,   598.26,    95.56
  475.98,   600.27,   219.26
  477.99,   604.09,   345.45
  475.68,   723.95,    93.93
  479.84,   725.70,   217.77
  480.55,   728.64,   343.76
  477.36,   849.88,    91.09
  481.40,   851.06,   215.98
  481.48,   853.22,   341.41
  599.75,   596.86,    95.25
  601.36,   598.66,   218.52
  603.61,   601.79,   343.60
  602.75,   721.33,    94.16
  606.60,   723.26,   217.12
  606.05,   727.57,   341.52
  604.99,   846.93,    90.84
  608.93,   848.60,   215.21
  607.92,   852.41,   339.65
  348.06,   598.00,   224.47
  350.84,   599.11,   349.72
  354.09,   600.55,   475.35
  350.47,   722.59,   224.78
  353.53,   723.11,   349.39
  356.13,   724.76,   474.48
  351.85,   847.89,   224.01
  354.66,   848.04,   348.75
  356.73,   849.16,   473.30
  472.68,   595.67,   219.98
  476.16,   597.96,   346.13
  479.73,   600.17,   472.76
  476.56,   721.10,   219.98
  478.77,   722.53,   345.99
  480.48,   724.51,   472.06
  478.30,   846.49,   219.79
  479.82,   847.12,   345.20
  480.72,   848.29,   470.91
  597.96,   594.02,   217.71
  601.75,   595.57,   342.83
  605.45,   597.40,   468.93
  603.25,   718.67,   217.79
  604.24,   721.37,   342.27
  604.81,   723.10,   467.56
  605.78,   844.03,   217.48
  606.15,   846.33,   341.91
  605.59,   847.79,   466.69
  348.24,   600.39,   347.90
  346.97,   601.37,   473.49
  346.46,   602.34,   599.09
  351.21,   724.39,   348.01
  349.34,   725.60,   473.02
  348.22,   727.09,   599.04
  352.60,   849.35,   347.82
  350.25,   850.07,   472.30
  348.78,   851.72,   598.38
  473.57,   599.06,   348.85
  472.60,   600.85,   475.51
  471.75,   601.96,   601.40
  476.42,   723.60,   349.14
  473.68,   725.16,   475.24
  472.06,   726.22,   600.92
  477.69,   848.17,   348.76
  474.18,   848.93,   474.53
  472.25,   849.58,   600.19
  599.22,   596.48,   350.03
  598.38,   598.03,   476.27
  596.96,   599.17,   602.64
  601.79,   722.29,   349.88
  597.95,   723.57,   475.36
  595.98,   723.17,   601.60
  603.88,   847.21,   349.92
  598.89,   848.12,   474.89
  596.33,   846.91,   600.76
  351.28,   601.70,   474.33
  355.05,   599.58,   599.92
  359.21,   596.49,   724.99
  347.97,   725.80,   477.06
  351.17,   724.19,   603.06
  355.24,   722.14,   727.54
  343.24,   850.19,   479.50
  346.13,   848.77,   605.65
  350.18,   847.88,   730.71
  476.84,   606.81,   472.07
  480.26,   604.81,   597.95
  483.98,   601.55,   722.36
  472.18,   731.01,   475.05
  474.84,   728.94,   600.68
  479.36,   725.45,   724.44
  467.03,   854.66,   477.59
  469.46,   852.24,   603.17
  473.82,   849.82,   726.78
  602.35,   609.69,   468.48
  605.24,   607.50,   594.81
  607.82,   605.10,   720.04
  596.31,   735.23,   470.91
  598.52,   731.58,   597.02
  603.41,   726.44,   722.86
  591.85,   859.46,   473.91
  593.49,   855.28,   599.57
  598.14,   849.76,   725.14
  350.08,   601.25,   598.81
  354.07,   599.45,   723.94
  357.05,   596.74,   847.67
  350.07,   725.99,   600.66
  353.97,   725.22,   725.23
  356.56,   723.97,   848.08
  348.87,   850.64,   601.93
  352.74,   850.95,   727.06
  355.54,   850.44,   850.29
  475.35,   602.63,   596.95
  478.93,   600.60,   721.40
  481.63,   597.33,   844.33
  473.86,   726.88,   598.38
  478.16,   724.64,   722.21
  482.50,   722.55,   844.49
  472.29,   850.25,   599.56
  476.45,   848.97,   723.25
  481.67,   848.49,   846.52
  600.54,   601.53,   593.96
  602.89,   600.40,   719.15
  604.74,   598.84,   842.40
  597.70,   725.68,   594.83
  602.29,   721.89,   720.65
  606.88,   719.29,   844.84
  596.37,   849.47,   595.97
  600.90,   845.01,   721.70
  606.39,   842.14,   847.04
  475.57,   100.27,   101.04
  479.48,    98.65,   226.06
  481.99,    96.66,   350.48
  477.92,   224.82,   103.54
  481.47,   223.59,   228.11
  483.07,   221.47,   351.18
  478.92,   349.00,   104.30
  481.46,   347.88,   228.45
  484.48,   346.57,   352.36
  600.33,    97.24,    97.21
  604.21,    96.42,   222.29
  607.40,    95.48,   347.46
  601.65,   222.85,   100.13
  605.69,   221.81,   225.34
  608.49,   220.30,   348.57
  602.72,   348.25,   100.75
  605.16,   346.83,   225.56
  609.91,   344.26,   349.79
  724.99,    94.32,    93.53
  728.78,    93.75,   218.70
  732.06,    94.07,   343.76
  725.17,   220.82,    95.86
  729.57,   219.12,   221.88
  734.38,   218.95,   346.03
  726.36,   346.77,    97.43
  729.80,   345.30,   222.62
  736.09,   342.13,   347.71
  474.29,   101.65,   227.42
  475.23,   102.85,   351.73
  476.17,   103.34,   476.26
  475.53,   226.55,   226.14
  475.69,   227.72,   349.28
  476.48,   227.84,   473.40
  474.88,   350.81,   223.28
  476.40,   352.88,   347.23
  478.70,   354.15,   472.36
  599.07,   100.11,   225.19
  600.70,   102.35,   350.21
  601.62,   103.41,   474.67
  599.79,   225.45,   224.87
  601.08,   227.10,   348.06
  602.05,   227.82,   472.22
  598.54,   350.42,   221.83
  601.77,   351.16,   346.05
  605.23,   352.25,   471.23
  723.61,    98.10,   223.09
  725.52,   101.69,   348.15
  727.19,   103.08,   473.25
  723.71,   223.45,   222.90
  727.04,   226.37,   347.07
  728.81,   228.69,   471.74
  723.14,   349.64,   220.34
  727.95,   349.58,   345.44
  731.73,   350.38,   470.80
  475.72,   100.19,   349.91
  472.28,    98.59,   474.49
  469.63,    96.78,   599.21
  473.48,   225.03,   349.58
  469.77,   222.95,   473.72
  467.77,   220.78,   599.22
  471.52,   350.22,   349.66
  469.24,   349.28,   474.76
  467.61,   347.85,   600.87
  601.12,   102.35,   352.81
  597.60,   101.20,   477.30
  594.19,    98.97,   602.06
  598.78,   227.08,   352.73
  595.23,   225.54,   476.89
  592.41,   223.31,   602.60
  596.93,   351.15,   352.88
  595.73,   350.16,   478.06
  593.32,   349.87,   604.13
  725.95,   104.44,   355.23
  723.06,   103.56,   480.32
  719.20,   101.55,   605.61
  724.82,   229.12,   356.22
  721.91,   229.09,   480.93
  717.74,   227.25,   606.72
  723.23,   352.11,   356.77
  722.29,   350.97,   482.10
  718.17,   351.91,   607.57
  474.18,   100.75,   476.68
  474.41,    99.56,   601.42
  475.35,    98.50,   725.83
  472.34,   225.18,   475.28
  473.23,   223.73,   600.83
  474.93,   223.09,   727.01
  472.43,   351.52,   475.69
  473.72,   350.84,   601.87
  474.95,   349.98,   728.41
  599.57,   102.86,   476.61
  599.01,   101.31,   601.44
  599.87,    98.62,   725.62
  597.87,   227.22,   475.59
  597.92,   225.78,   601.37
  598.57,   224.48,   727.72
  598.97,   351.79,   476.10
  599.46,   352.28,   602.21
  598.64,   353.17,   728.47
  725.12,   104.69,   476.75
  724.13,   103.43,   602.11
  724.38,   100.81,   727.07
  724.62,   230.19,   476.72
  723.37,   229.19,   602.54
  721.98,   227.28,   728.47
  725.53,   351.99,   477.24
  724.37,   353.59,   602.72
  721.29,   356.35,   727.81
  473.92,    99.20,   599.89
  474.40,    95.54,   724.29
  474.94,    92.60,   848.90
  471.88,   223.28,   602.02
  473.16,   219.91,   728.12
  474.01,   218.19,   854.29
  471.50,   350.33,   605.80
  472.30,   346.68,   732.29
  472.06,   343.56,   857.09
  598.49,   101.79,   600.34
  598.95,    96.49,   724.47
  600.21,    93.50,   848.27
  596.55,   226.18,   603.00
  596.81,   222.09,   729.28
  598.33,   219.51,   854.22
  597.19,   352.70,   606.59
  595.97,   350.76,   732.81
  595.32,   348.04,   856.72
  723.59,   104.79,   601.46
  723.47,    99.47,   726.35
  725.14,    95.67,   850.26
  721.96,   230.44,   604.63
  720.20,   225.75,   730.51
  722.30,   221.16,   855.02
  722.04,   354.94,   607.52
  718.56,   354.91,   732.59
  718.24,   352.56,   855.85
  475.54,   224.19,    99.77
  479.45,   223.06,   224.38
  481.36,   221.09,   347.47
  475.69,   348.38,   100.48
  478.51,   347.34,   224.64
  481.76,   346.19,   348.53
  475.50,   473.35,   100.70
  478.34,   471.78,   224.83
  482.76,   471.44,   349.98
  599.31,   223.18,    96.06
  603.64,   222.23,   221.34
  606.74,   220.84,   344.56
  599.56,   348.53,    96.62
  602.15,   347.27,   221.45
  607.12,   344.85,   345.65
  600.27,   473.76,    97.41
  602.29,   471.83,   221.66
  608.36,   469.35,   346.81
  722.83,   222.17,    91.48
  727.45,   220.50,   217.58
  732.58,   220.36,   341.74
  723.22,   347.98,    93.03
  726.69,   346.76,   218.19
  733.24,   343.66,   343.28
  725.16,   473.62,    95.10
  727.10,   472.52,   219.18
  734.11,   467.59,   344.28
  476.14,   224.91,   227.54
  470.90,   224.06,   350.65
  466.28,   222.15,   474.79
  476.93,   349.18,   226.74
  473.07,   349.24,   350.67
  469.87,   348.47,   475.75
  478.49,   473.61,   225.89
  475.77,   474.51,   351.09
  473.28,   474.87,   477.38
  600.39,   222.39,   231.58
  596.17,   222.02,   354.70
  591.60,   220.60,   478.81
  600.63,   347.30,   230.66
  598.47,   346.07,   354.82
  596.26,   345.23,   479.94
  602.49,   471.82,   229.85
  601.51,   470.66,   355.00
  600.22,   470.79,   481.03
  724.43,   219.00,   235.02
  722.14,   220.06,   359.08
  718.13,   220.15,   483.74
  725.42,   344.90,   234.61
  724.79,   343.00,   359.64
  722.72,   342.16,   484.91
  727.46,   470.48,   234.47
  727.50,   466.73,   359.60
  726.19,   465.23,   485.11
  476.14,   226.69,   350.25
  476.78,   223.60,   474.39
  479.07,   220.38,   599.91
  478.42,   351.83,   351.36
  480.59,   349.83,   476.50
  483.29,   347.44,   602.64
  481.27,   477.08,   352.90
  484.18,   476.23,   479.25
  487.01,   474.58,   605.58
  601.52,   224.59,   349.13
  602.29,   222.14,   473.27
  603.68,   218.93,   599.00
  603.84,   348.59,   350.30
  607.05,   346.50,   475.48
  608.86,   345.26,   601.52
  606.97,   473.12,   351.53
  611.09,   471.87,   477.56
  612.97,   471.49,   603.86
  727.46,   222.40,   348.21
  728.99,   221.61,   472.85
  729.16,   218.82,   598.65
  730.05,   345.53,   349.79
  733.50,   343.33,   475.13
  733.69,   343.08,   600.57
  732.80,   469.36,   350.83
  736.94,   466.21,   476.37
  737.26,   466.84,   601.86
  474.90,   224.77,   472.14
  477.87,   219.71,   597.59
  481.69,   215.40,   723.60
  473.10,   350.97,   476.17
  476.53,   346.67,   602.23
  479.86,   342.27,   728.72
  471.04,   477.33,   480.87
  474.65,   473.73,   607.09
  477.90,   469.28,   732.43
  600.45,   228.81,   470.41
  602.57,   223.87,   596.08
  605.28,   218.82,   722.31
  599.60,   353.22,   474.49
  602.22,   350.12,   600.51
  603.48,   347.45,   726.70
  597.95,   478.83,   478.55
  600.68,   476.46,   604.83
  601.52,   474.28,   729.97
  727.22,   233.64,   469.43
  728.14,   229.30,   595.14
  728.77,   223.77,   721.02
  726.13,   355.29,   473.53
  727.17,   353.36,   598.95
  726.18,   352.53,   723.99
  723.89,   478.67,   476.56
  725.12,   477.35,   602.17
  723.87,   478.27,   726.82
  472.51,   222.73,   597.07
  472.15,   222.39,   723.21
  471.38,   223.63,   849.48
  471.24,   349.80,   597.73
  470.44,   349.21,   724.25
  468.67,   349.00,   849.24
  469.42,   476.89,   598.60
  468.57,   476.30,   724.04
  466.22,   474.86,   847.68
  597.22,   226.53,   599.69
  595.81,   225.53,   726.01
  595.56,   226.04,   851.09
  597.01,   352.97,   600.16
  594.22,   354.10,   726.43
  591.77,   354.51,   850.52
  595.60,   479.37,   600.52
  592.45,   480.90,   725.78
  588.81,   481.12,   848.77
  722.64,   231.65,   602.95
  719.18,   230.12,   728.84
  719.40,   228.76,   853.34
  721.92,   356.03,   602.76
  716.82,   359.12,   727.85
  714.50,   360.12,   851.15
  720.11,   480.09,   602.05
  714.80,   484.69,   726.84
  711.24,   487.20,   849.53
  474.68,   348.42,    98.69
  470.73,   352.22,   222.76
  467.17,   356.09,   346.67
  470.08,   473.36,    94.04
  466.12,   476.57,   218.05
  463.56,   481.25,   343.18
  466.23,   598.87,    90.79
  463.48,   601.54,   214.36
  460.67,   606.00,   340.48
  598.36,   353.20,   101.49
  594.24,   356.69,   226.14
  592.47,   359.20,   350.31
  594.69,   478.24,    97.31
  590.04,   481.04,   221.44
  589.16,   483.89,   346.55
  591.91,   602.70,    94.94
  588.92,   605.21,   218.06
  586.25,   609.33,   343.25
  721.84,   357.44,   104.63
  718.83,   360.87,   229.60
  718.67,   362.27,   354.66
  719.35,   482.91,   101.67
  714.90,   486.23,   225.65
  715.04,   486.38,   350.59
  717.98,   606.82,    99.69
  714.24,   609.68,   223.32
  711.88,   612.17,   346.42
  472.82,   350.42,   226.01
  474.46,   350.84,   349.99
  476.87,   350.42,   475.12
  473.91,   474.87,   224.72
  476.69,   476.11,   349.96
  479.83,   476.81,   476.30
  477.11,   599.88,   224.45
  479.55,   601.08,   350.69
  482.09,   602.19,   477.33
  596.50,   349.05,   224.43
  599.84,   348.19,   348.65
  603.32,   347.64,   473.83
  597.88,   473.58,   223.13
  602.33,   472.76,   348.32
  606.74,   473.08,   474.36
  602.46,   597.78,   223.22
  605.17,   598.26,   348.34
  607.80,   598.97,   474.46
  721.10,   347.30,   222.81
  726.02,   345.68,   347.90
  729.81,   344.96,   473.25
  722.71,   472.98,   222.23
  728.15,   469.60,   347.38
  732.66,   467.97,   472.92
  727.50,   596.70,   223.33
  730.81,   595.16,   346.58
  733.20,   594.04,   471.38
  474.38,   348.58,   348.22
  477.83,   346.68,   473.26
  481.89,   344.38,   599.35
  471.24,   473.84,   349.71
  475.42,   473.07,   475.99
  479.66,   471.48,   602.29
  468.75,   598.77,   352.03
  472.39,   598.41,   478.61
  476.18,   597.36,   604.45
  599.66,   351.28,   345.81
  604.29,   349.30,   470.97
  607.57,   348.16,   596.99
  596.82,   475.89,   346.99
  602.29,   474.80,   473.02
  605.71,   474.42,   599.34
  594.35,   601.41,   348.61
  598.04,   600.76,   474.78
  601.24,   599.65,   601.10
  725.72,   354.07,   343.99
  730.80,   351.79,   469.35
  732.55,   351.70,   594.77
  722.56,   478.09,   344.94
  728.20,   475.04,   470.45
  730.17,   475.52,   596.04
  719.97,   603.70,   345.71
  723.28,   601.31,   470.51
  725.63,   599.92,   596.84
  474.69,   350.21,   472.16
  474.53,   345.94,   598.21
  474.36,   341.49,   724.70
  474.31,   476.57,   476.74
  474.31,   473.02,   603.00
  474.05,   468.56,   728.41
  473.31,   601.89,   481.21
  472.89,   598.88,   607.00
  472.78,   594.55,   731.33
  601.23,   350.69,   474.01
  600.27,   347.59,   600.01
  598.10,   344.80,   726.25
  601.29,   476.25,   477.97
  600.43,   473.97,   604.27
  597.79,   471.76,   729.47
  599.02,   602.17,   481.59
  598.05,   599.18,   607.89
  596.67,   595.94,   732.81
  727.80,   351.13,   476.58
  725.20,   349.21,   601.99
  720.78,   348.20,   727.10
  727.28,   474.38,   479.57
  724.86,   473.26,   605.16
  720.09,   474.21,   729.80
  724.31,   600.53,   481.49
  722.45,   597.45,   607.94
  719.80,   595.83,   734.19
  477.25,   348.35,   599.00
  478.84,   347.26,   725.57
  479.44,   346.59,   850.54
  481.34,   475.47,   600.50
  482.76,   474.45,   725.95
  482.62,   472.59,   849.49
  484.12,   601.32,   601.23
  485.67,   600.37,   725.66
  486.33,   598.21,   848.55
  602.89,   345.68,   598.95
  602.46,   346.28,   725.25
  602.53,   346.21,   849.40
  607.41,   471.96,   599.89
  606.41,   473.24,   725.19
  605.10,   473.27,   848.15
  609.28,   597.09,   600.17
  609.51,   597.23,   725.37
  609.33,   596.86,   848.55
  727.78,   343.07,   599.13
  725.13,   345.25,   724.30
  725.33,   345.55,   847.84
  731.83,   466.87,   599.03
  728.73,   471.19,   723.70
  727.62,   473.35,   846.44
  733.79,   591.04,   598.37
  732.69,   592.76,   724.73
  732.06,   594.52,   848.79
  475.98,   473.36,    97.68
  477.14,   471.51,   221.84
  479.87,   470.97,   346.99
  475.32,   598.79,    99.48
  477.60,   596.52,   223.29
  480.01,   596.00,   349.47
  475.12,   724.43,   102.15
  479.22,   721.94,   226.20
  480.26,   720.60,   352.23
  600.80,   475.19,    96.06
  601.12,   473.04,   220.30
  605.50,   470.39,   345.46
  601.06,   599.71,    98.81
  603.01,   597.18,   222.14
  605.67,   595.90,   347.23
  602.26,   724.06,   102.00
  605.94,   721.89,   225.04
  605.69,   721.80,   349.51
  725.69,   476.55,    95.39
  725.99,   475.19,   219.48
  731.34,   470.07,   344.59
  727.14,   600.83,    98.53
  728.14,   598.81,   222.36
  731.34,   595.59,   345.55
  729.05,   723.73,   101.58
  731.70,   721.66,   225.65
  731.15,   722.29,   347.01
  474.96,   473.20,   223.38
  472.88,   473.16,   348.56
  471.05,   472.56,   474.83
  472.33,   598.19,   224.34
  469.90,   598.10,   350.56
  467.57,   597.85,   477.16
  470.75,   723.54,   226.75
  467.05,   722.52,   352.79
  463.09,   722.07,   478.85
  598.95,   477.65,   226.63
  598.57,   475.64,   351.80
  597.99,   474.83,   477.86
  597.78,   601.82,   227.92
  595.53,   601.19,   353.11
  593.26,   600.77,   479.37
  597.43,   726.66,   230.23
  592.30,   726.93,   354.93
  587.18,   726.17,   480.50
  723.90,   482.67,   230.64
  724.51,   478.02,   355.69
  723.95,   475.49,   481.20
  723.06,   606.25,   232.85
  721.17,   603.78,   356.02
  718.43,   601.69,   481.02
  723.25,   729.48,   235.41
  717.56,   730.66,   356.95
  711.85,   729.14,   481.00
  472.62,   475.05,   349.08
  475.78,   474.08,   475.38
  478.99,   472.28,   601.70
  476.90,   599.98,   351.46
  479.52,   599.43,   478.08
  482.26,   598.15,   603.96
  481.25,   724.52,   354.04
  482.04,   723.76,   480.10
  484.03,   722.35,   605.73
  598.19,   470.36,   347.31
  602.66,   469.03,   473.34
  605.05,   468.43,   599.66
  602.48,   595.79,   348.98
  605.26,   594.85,   475.13
  607.42,   593.59,   601.49
  606.60,   721.61,   351.10
  606.33,   720.45,   476.46
  607.99,   717.56,   602.72
  723.97,   465.83,   346.27
  728.63,   462.60,   471.82
  729.52,   462.98,   597.38
  728.09,   591.26,   347.12
  730.67,   588.47,   471.99
  731.90,   587.15,   598.26
  732.00,   717.92,   348.39
  731.47,   716.09,   472.06
  733.08,   711.73,   599.17
  476.30,   474.68,   474.10
  479.37,   473.04,   600.43
  482.08,   470.59,   725.88
  473.81,   600.01,   476.75
  476.42,   598.90,   602.62
  479.29,   596.52,   727.04
  470.26,   724.28,   478.76
  472.14,   723.15,   604.38
  475.79,   720.60,   728.11
  603.21,   475.83,   472.29
  605.48,   475.40,   598.62
  605.78,   475.23,   723.90
  599.49,   601.80,   474.06
  601.53,   600.63,   600.41
  603.15,   599.23,   725.52
  594.46,   727.34,   475.48
  595.93,   724.69,   601.65
  599.91,   720.64,   727.36
  729.15,   475.51,   470.87
  729.95,   475.95,   596.48
  728.19,   478.80,   721.21
  724.77,   601.79,   470.94
  725.96,   600.35,   597.32
  726.41,   600.29,   723.79
  719.37,   729.44,   471.21
  720.82,   725.11,   598.26
  724.43,   719.40,   727.21
  475.00,   474.71,   601.59
  473.59,   474.80,   727.01
  470.65,   474.03,   850.56
  476.82,   600.59,   601.16
  475.49,   600.82,   725.56
  473.32,   599.81,   848.44
  477.20,   724.84,   600.27
  476.64,   724.92,   724.08
  476.05,   725.31,   846.30
  601.10,   472.39,   604.00
  597.31,   474.69,   729.23
  593.21,   475.59,   852.13
  602.01,   597.57,   603.14
  599.41,   598.82,   728.20
  596.45,   599.38,   851.24
  601.14,   721.58,   601.69
  600.89,   720.19,   727.46
  600.51,   720.25,   851.34
  725.46,   468.53,   606.07
  719.54,   473.94,   730.72
  715.75,   476.91,   853.31
  726.45,   592.61,   604.35
  722.55,   595.47,   730.65
  719.18,   598.23,   854.47
  726.20,   717.09,   602.62
  725.46,   714.30,   731.55
  723.87,   715.12,   857.25
  475.07,   599.48,    97.92
  478.50,   595.38,   221.61
  482.08,   593.10,   347.68
  471.93,   725.02,   102.37
  477.19,   720.73,   226.38
  479.43,   717.63,   352.34
  468.61,   850.73,   105.70
  473.64,   845.97,   230.96
  475.22,   842.04,   356.31
  600.79,   603.34,    96.25
  603.91,   599.04,   219.44
  607.68,   595.95,   344.41
  598.97,   727.64,   101.16
  603.90,   723.67,   224.14
  604.81,   721.78,   348.56
  596.20,   853.11,   104.01
  600.89,   849.02,   228.45
  601.28,   846.64,   352.91
  726.98,   607.32,    94.86
  729.05,   603.60,   218.68
  733.28,   598.72,   341.71
  725.79,   730.25,    99.64
  729.72,   726.31,   223.74
  730.24,   725.28,   345.04
  723.85,   855.31,   101.69
  727.07,   851.30,   227.10
  727.45,   850.80,   349.60
  476.01,   600.30,   224.03
  474.57,   605.09,   350.26
  473.12,   609.76,   476.86
  475.23,   725.64,   221.57
  472.49,   729.50,   347.57
  469.25,   733.89,   473.58
  472.12,   850.95,   218.79
  468.75,   853.99,   344.20
  464.96,   857.54,   469.88
  601.52,   603.27,   226.61
  600.21,   607.53,   351.71
  598.66,   611.98,   477.87
  602.01,   727.98,   224.12
  597.86,   733.22,   348.66
  593.36,   737.39,   474.04
  599.47,   853.29,   221.16
  594.98,   857.84,   345.74
  589.83,   861.58,   470.83
  726.77,   607.08,   230.52
  725.86,   609.53,   353.55
  723.83,   612.37,   478.32
  727.83,   730.06,   228.39
  723.20,   736.29,   349.79
  718.21,   739.97,   473.46
  725.68,   854.99,   224.61
  721.24,   861.41,   347.38
  716.27,   865.86,   470.97
  475.17,   602.63,   349.38
  475.36,   604.47,   476.03
  475.68,   605.62,   601.93
  479.45,   727.16,   349.60
  477.81,   728.75,   475.69
  477.34,   729.79,   601.38
  482.12,   851.71,   349.15
  479.78,   852.48,   474.93
  478.99,   853.07,   600.57
  600.77,   598.59,   349.34
  601.07,   600.14,   475.55
  600.83,   601.27,   601.94
  604.81,   724.38,   349.14
  602.08,   725.68,   474.55
  601.26,   725.22,   600.81
  608.39,   849.27,   349.14
  604.58,   850.24,   474.05
  603.17,   849.00,   599.93
  726.42,   594.12,   349.86
  726.47,   593.89,   474.77
  725.33,   594.95,   601.14
  730.18,   720.84,   348.83
  727.15,   721.49,   472.57
  726.35,   719.50,   599.71
  734.41,   846.48,   349.10
  730.84,   848.09,   472.42
  729.54,   845.10,   599.17
  475.90,   600.64,   473.75
  480.22,   604.62,   599.59
  484.81,   607.34,   723.91
  474.85,   724.89,   470.61
  478.26,   728.79,   596.22
  483.56,   731.22,   720.03
  473.28,   848.63,   467.02
  476.35,   852.09,   592.63
  481.37,   855.46,   716.38
  601.59,   599.76,   469.21
  605.31,   603.63,   595.48
  608.68,   607.17,   720.66
  599.17,   725.36,   465.47
  602.07,   727.79,   591.51
  607.67,   728.52,   717.44
  598.16,   849.90,   462.22
  600.48,   851.72,   587.89
  605.83,   851.99,   713.65
  726.95,   597.13,   464.38
  729.83,   600.71,   590.53
  732.07,   605.42,   717.06
  724.21,   724.87,   459.46
  727.10,   725.84,   586.12
  732.32,   724.88,   715.13
  724.48,   851.28,   456.71
  726.93,   851.84,   582.84
  731.52,   849.07,   711.40
  476.13,   603.22,   600.74
  476.83,   601.80,   725.16
  476.63,   599.16,   848.07
  472.98,   727.45,   601.48
  474.43,   725.90,   725.27
  475.81,   724.64,   847.53
  469.78,   850.83,   601.98
  471.07,   850.36,   725.67
  473.30,   850.74,   848.96
  601.26,   603.74,   600.69
  600.77,   603.25,   725.82
  599.82,   602.23,   848.96
  596.82,   727.79,   600.89
  598.64,   724.67,   726.64
  600.33,   723.02,   850.60
  593.87,   851.55,   601.36
  595.54,   847.98,   726.96
  598.13,   846.30,   852.15
  725.73,   602.28,   599.79
  724.07,   603.12,   726.32
  722.66,   604.24,   850.42
  721.81,   726.99,   599.72
  723.26,   722.17,   728.73
  723.82,   721.04,   854.70
  720.24,   852.62,   600.60
  721.07,   845.67,   729.25
  722.46,   842.51,   855.90
  601.70,    97.99,   101.98
  599.38,    99.21,   227.19
  596.29,   100.04,   352.21
  597.88,   223.62,   103.02
  595.74,   224.53,   228.14
  592.18,   224.77,   351.25
  593.85,   348.94,   101.66
  590.13,   349.37,   226.39
  588.49,   348.88,   350.52
  726.49,    99.93,   104.63
  723.85,   101.80,   229.93
  721.09,   103.93,   354.90
  721.29,   226.67,   105.07
  719.65,   227.09,   230.90
  718.12,   228.56,   355.00
  717.31,   352.75,   104.51
  714.66,   353.08,   229.59
  714.70,   351.61,   354.63
  851.65,   103.38,   107.81
  849.03,   105.07,   232.49
  845.88,   106.98,   356.39
  846.31,   229.71,   107.86
  844.75,   229.55,   233.28
  843.79,   231.76,   357.09
  842.20,   355.83,   107.34
  840.28,   355.50,   233.06
  840.41,   354.68,   358.04
  602.55,   101.33,   223.87
  601.75,   100.77,   348.89
  600.35,    99.03,   473.44
  599.24,   226.68,   226.31
  598.07,   225.50,   349.51
  596.51,   223.34,   473.65
  594.03,   351.57,   226.06
  594.78,   349.56,   350.29
  595.61,   347.86,   475.46
  727.06,   103.38,   224.35
  726.54,   104.19,   349.28
  725.76,   102.70,   474.39
  723.15,   228.78,   226.81
  724.04,   228.82,   350.99
  723.24,   228.23,   475.67
  718.61,   354.87,   227.03
  721.01,   351.90,   352.15
  722.21,   350.04,   477.52
  852.35,   106.21,   224.74
  851.41,   106.77,   348.48
  851.03,   104.98,   473.88
  848.31,   230.82,   226.98
  849.64,   231.47,   350.70
  849.36,   231.69,   475.56
  844.23,   356.83,   228.27
  846.62,   354.59,   353.22
  846.92,   352.88,   478.30
  600.91,   100.08,   350.30
  601.03,    99.49,   474.84
  601.12,    97.85,   599.63
  598.77,   224.85,   349.79
  598.77,   223.87,   473.95
  599.46,   222.19,   599.71
  597.01,   348.93,   349.45
  599.42,   348.38,   474.64
  600.58,   348.61,   600.73
  725.73,   101.95,   349.11
  726.50,   101.62,   474.25
  726.21,   100.24,   599.58
  724.76,   226.65,   349.70
  725.53,   227.27,   474.39
  724.96,   226.06,   600.21
  723.23,   349.81,   349.75
  726.00,   349.05,   475.12
  725.55,   350.38,   600.61
  850.56,   102.98,   346.79
  851.76,   102.29,   472.16
  851.90,   101.93,   598.20
  850.34,   227.77,   347.81
  851.64,   229.16,   472.61
  850.57,   228.28,   598.84
  848.81,   351.00,   349.19
  850.68,   350.47,   474.24
  849.31,   351.74,   599.11
  598.28,   100.45,   474.77
  600.87,   101.00,   599.50
  604.89,   100.28,   723.70
  600.09,   224.85,   471.60
  603.34,   225.50,   597.32
  607.09,   226.28,   723.65
  604.74,   349.25,   469.98
  608.51,   351.80,   596.01
  610.75,   355.00,   722.17
  723.78,    98.47,   471.72
  726.03,    99.45,   596.96
  729.34,    99.09,   721.92
  726.76,   224.25,   469.50
  728.82,   225.35,   595.25
  730.52,   225.47,   721.16
  731.18,   345.96,   467.94
  733.41,   349.36,   593.35
  733.44,   354.19,   718.36
  848.85,    94.92,   467.21
  851.68,    96.92,   593.03
  854.75,    98.15,   720.09
  852.78,   222.08,   465.09
  854.43,   223.44,   591.21
  855.10,   223.79,   717.97
  855.76,   343.52,   464.39
  857.13,   346.72,   589.23
  857.32,   350.66,   713.98
  600.08,    97.52,   599.49
  598.21,    94.19,   723.55
  597.24,    93.04,   847.36
  602.77,   221.88,   600.21
  600.81,   219.65,   726.45
  600.13,   219.02,   851.44
  608.28,   348.26,   601.85
  604.75,   348.43,   728.05
  601.88,   347.78,   852.08
  725.19,    95.42,   602.70
  722.80,    92.40,   727.40
  722.02,    90.78,   851.24
  728.13,   221.33,   603.98
  724.23,   218.31,   729.86
  724.20,   215.63,   854.40
  732.97,   345.74,   604.97
  727.29,   347.53,   730.04
  724.80,   347.18,   853.42
  850.75,    92.57,   604.70
  848.14,    90.94,   731.62
  846.61,    89.15,   856.19
  853.62,   219.06,   605.84
  848.70,   216.47,   732.76
  848.54,   213.48,   858.45
  856.56,   342.82,   606.58
  851.03,   343.85,   731.57
  849.43,   342.72,   856.20
  598.33,   225.38,   101.86
  597.74,   222.59,   227.01
  595.73,   219.21,   350.14
  594.69,   350.70,   104.24
  592.57,   347.42,   228.98
  592.47,   343.23,   353.11
  591.48,   475.79,   106.70
  589.03,   471.77,   231.04
  590.07,   467.85,   356.22
  721.79,   227.97,   102.47
  721.65,   224.62,   228.33
  721.65,   222.53,   352.43
  718.23,   354.01,   105.68
  717.18,   350.59,   230.78
  718.74,   345.54,   355.82
  716.17,   479.72,   109.41
  713.94,   475.91,   233.54
  716.06,   469.28,   358.68
  846.86,   230.57,   103.81
  846.79,   226.60,   229.30
  847.27,   225.17,   352.95
  843.21,   356.58,   107.09
  842.80,   352.51,   232.81
  844.40,   348.15,   357.69
  841.12,   482.56,   110.89
  839.35,   478.56,   236.33
  841.43,   472.07,   361.09
  601.83,   224.04,   227.58
  598.66,   227.25,   350.70
  595.20,   229.44,   474.79
  596.39,   348.93,   222.94
  595.13,   351.29,   347.05
  594.08,   354.01,   472.15
  592.55,   473.36,   218.35
  592.31,   475.91,   343.42
  592.08,   479.64,   469.44
  725.76,   226.42,   229.92
  724.64,   230.87,   354.03
  721.89,   234.53,   478.71
  720.95,   352.47,   225.72
  721.34,   353.90,   350.76
  720.66,   356.31,   476.06
  717.39,   478.01,   221.90
  718.20,   477.94,   346.90
  718.15,   479.79,   472.35
  850.94,   228.79,   231.89
  850.24,   233.85,   355.60
  847.94,   238.33,   480.56
  846.57,   354.67,   228.81
  846.95,   356.86,   353.69
  845.32,   359.36,   478.77
  842.74,   480.87,   225.73
  843.58,   481.15,   350.36
  842.58,   482.25,   475.42
  601.25,   224.67,   348.26
  599.61,   221.39,   472.36
  598.63,   217.31,   598.04
  597.09,   348.66,   350.18
  597.83,   345.79,   475.32
  597.34,   343.61,   601.36
  593.77,   473.28,   352.21
  595.38,   471.38,   478.30
  595.03,   470.04,   604.63
  727.18,   228.80,   349.81
  726.34,   227.12,   474.47
  724.12,   223.55,   600.24
  723.30,   351.85,   352.14
  724.41,   348.84,   477.49
  722.29,   347.87,   602.96
  719.68,   475.73,   353.93
  721.40,   472.12,   479.49
  719.50,   471.98,   605.14
  852.72,   232.26,   349.57
  852.39,   231.32,   474.37
  849.68,   228.15,   600.60
  848.85,   355.38,   353.29
  849.06,   352.54,   478.33
  846.02,   351.62,   603.18
  844.98,   479.53,   355.61
  845.70,   475.24,   480.77
  842.79,   474.99,   605.30
  598.62,   226.68,   473.91
  598.20,   228.66,   599.64
  598.32,   230.92,   726.00
  598.19,   351.15,   470.96
  598.30,   355.04,   597.02
  597.06,   359.42,   723.25
  596.92,   476.69,   467.91
  597.15,   481.32,   594.28
  595.59,   486.03,   719.57
  725.38,   231.08,   475.48
  723.67,   233.51,   601.26
  721.68,   235.27,   727.13
  724.79,   352.78,   472.56
  723.30,   357.69,   597.99
  719.73,   364.03,   723.02
  722.99,   476.11,   468.56
  721.79,   481.56,   594.18
  718.09,   489.20,   719.02
  851.45,   234.02,   474.86
  849.14,   236.77,   601.05
  845.98,   238.69,   727.59
  849.47,   355.18,   472.85
  846.97,   360.06,   597.65
  843.30,   366.17,   722.16
  847.41,   478.05,   469.34
  845.25,   483.26,   593.91
  841.46,   491.07,   717.79
  598.47,   224.78,   600.75
  596.88,   223.91,   727.06
  596.47,   224.60,   852.10
  603.13,   351.24,   601.16
  600.04,   352.63,   727.39
  597.42,   353.22,   851.41
  606.63,   477.52,   601.37
  603.04,   479.49,   726.60
  599.16,   480.08,   849.53
  723.82,   225.06,   604.21
  720.27,   223.46,   730.10
  720.48,   222.20,   854.61
  727.91,   349.52,   603.95
  722.60,   352.64,   729.03
  720.28,   353.69,   852.36
  730.96,   473.39,   603.11
  725.30,   478.43,   727.78
  721.69,   481.14,   850.46
  849.32,   223.79,   605.86
  844.65,   222.46,   732.64
  844.78,   220.78,   858.23
  851.53,   347.46,   605.34
  846.25,   350.02,   730.18
  844.84,   350.29,   854.67
  854.22,   471.01,   604.53
  848.82,   475.77,   728.30
  846.64,   476.59,   852.76
  600.99,   350.56,    98.51
  601.53,   352.56,   223.31
  604.54,   353.40,   347.58
  600.21,   475.75,    96.07
  600.16,   477.09,   220.30
  604.14,   478.02,   345.47
  600.35,   600.29,    95.40
  601.99,   601.24,   218.67
  604.16,   603.55,   343.74
  724.65,   351.63,    97.00
  726.18,   353.66,   222.12
  730.74,   353.65,   347.27
  725.10,   477.20,    95.79
  725.04,   479.33,   219.89
  729.97,   477.73,   344.94
  726.52,   601.44,    95.42
  727.14,   602.92,   219.33
  729.83,   603.39,   342.43
  849.87,   352.27,    95.11
  851.79,   353.35,   221.21
  856.19,   354.23,   346.04
  850.27,   477.91,    93.52
  850.35,   479.62,   219.67
  855.14,   478.73,   344.38
  851.63,   602.42,    92.69
  850.96,   604.42,   218.74
  854.46,   604.48,   341.90
  598.12,   350.76,   226.36
  596.34,   353.77,   350.47
  594.73,   357.22,   475.60
  599.48,   475.25,   221.27
  598.75,   478.37,   346.33
  597.92,   482.78,   472.32
  604.07,   599.38,   217.59
  601.58,   603.79,   342.55
  598.88,   608.58,   468.62
  722.84,   349.09,   229.97
  722.62,   351.27,   354.95
  721.22,   354.44,   480.21
  724.37,   474.70,   225.59
  724.68,   475.23,   350.59
  723.93,   477.75,   475.98
  729.09,   598.41,   222.91
  727.22,   600.88,   345.98
  724.22,   603.93,   470.65
  848.53,   346.11,   233.76
  848.23,   349.17,   358.56
  845.83,   352.54,   483.59
  849.78,   472.22,   230.12
  849.98,   473.35,   354.79
  848.23,   475.32,   479.81
  852.87,   597.11,   227.01
  851.99,   599.16,   350.13
  849.94,   601.82,   474.29
  600.75,   349.84,   347.34
  604.12,   350.94,   472.52
  606.17,   352.95,   598.59
  598.23,   474.44,   345.38
  602.45,   476.46,   471.42
  604.62,   479.19,   597.78
  596.15,   599.93,   343.84
  598.56,   602.40,   470.01
  600.44,   604.39,   596.37
  726.90,   352.17,   346.71
  730.65,   352.97,   472.09
  731.10,   355.99,   597.52
  724.03,   476.22,   344.54
  728.40,   476.24,   470.04
  729.12,   479.79,   595.65
  721.81,   601.84,   342.22
  723.85,   602.56,   466.95
  724.91,   604.21,   593.27
  852.37,   354.81,   345.24
  855.17,   355.83,   470.25
  854.75,   358.74,   595.03
  849.25,   479.25,   343.68
  852.71,   478.84,   468.79
  852.58,   482.12,   593.36
  846.55,   604.94,   341.30
  849.52,   605.36,   465.44
  850.20,   606.24,   591.42
  600.95,   350.91,   473.71
  600.40,   348.75,   599.74
  598.60,   346.95,   726.00
  600.12,   476.49,   476.71
  599.68,   475.13,   603.04
  597.45,   473.86,   728.27
  597.00,   602.43,   479.39
  596.40,   600.37,   605.73
  595.45,   598.02,   730.69
  727.52,   352.20,   475.90
  725.34,   351.21,   601.34
  721.28,   351.24,   726.45
  726.11,   475.50,   477.93
  724.13,   475.25,   603.55
  719.77,   477.11,   728.25
  722.27,   601.71,   478.91
  720.81,   599.51,   605.37
  718.63,   598.67,   731.71
  852.11,   354.28,   476.71
  849.04,   353.28,   601.54
  844.93,   352.97,   726.30
  850.40,   477.17,   479.26
  847.48,   476.75,   603.76
  843.22,   478.66,   727.56
  847.98,   603.60,   479.96
  845.84,   600.55,   606.03
  842.36,   598.89,   732.08
  601.03,   349.31,   600.00
  602.24,   348.22,   726.24
  603.96,   346.44,   850.31
  603.57,   475.67,   602.65
  604.28,   475.16,   727.86
  604.64,   473.44,   850.73
  603.50,   600.83,   604.65
  605.51,   599.15,   729.71
  607.00,   597.04,   852.76
  725.98,   348.53,   598.45
  724.95,   349.16,   723.57
  726.73,   347.80,   847.07
  728.04,   472.47,   600.03
  726.65,   475.02,   724.70
  727.20,   475.47,   847.37
  727.98,   596.73,   601.13
  728.72,   596.56,   727.49
  729.80,   596.60,   851.42
  849.79,   347.41,   595.55
  848.73,   347.47,   720.35
  851.22,   345.26,   845.10
  851.44,   470.84,   597.17
  850.29,   473.24,   720.89
  852.18,   471.74,   845.35
  853.12,   594.88,   598.78
  852.59,   593.80,   724.58
  853.63,   593.10,   849.23
  599.69,   476.56,   100.81
  595.60,   474.79,   225.07
  595.27,   472.91,   350.23
  596.97,   600.95,   102.85
  594.31,   598.97,   226.22
  592.23,   598.43,   351.46
  595.13,   725.30,   105.40
  593.95,   723.81,   228.43
  589.03,   724.13,   353.21
  724.33,   481.25,   104.85
  720.50,   479.88,   228.94
  721.21,   475.35,   354.01
  722.87,   605.17,   107.48
  719.60,   603.46,   231.04
  717.88,   601.06,   354.30
  722.10,   727.77,   109.95
  719.81,   726.66,   233.53
  714.31,   727.87,   355.17
  849.24,   484.96,   107.35
  845.84,   483.27,   233.06
  846.50,   479.12,   357.74
  847.67,   609.39,   109.62
  843.54,   607.89,   234.97
  842.85,   604.92,   357.82
  846.36,   731.80,   112.28
  843.11,   731.05,   237.08
  839.01,   731.57,   358.04
  596.04,   474.33,   223.61
  602.06,   475.99,   348.76
  608.04,   478.75,   474.76
  601.06,   598.52,   221.23
  605.33,   601.46,   346.29
  609.43,   604.59,   472.32
  607.21,   723.14,   219.98
  608.64,   727.26,   344.34
  609.59,   730.27,   469.49
  720.78,   473.25,   221.19
  727.78,   472.33,   346.28
  733.87,   473.08,   471.74
  726.03,   596.95,   219.87
  730.91,   597.90,   343.05
  734.79,   599.24,   467.66
  732.83,   719.62,   219.11
  734.07,   724.46,   340.41
  734.80,   727.05,   463.69
  846.04,   470.27,   219.02
  852.88,   470.00,   343.76
  858.02,   470.50,   468.83
  849.77,   595.13,   217.35
  855.44,   595.67,   340.62
  860.39,   596.96,   464.87
  855.64,   718.10,   215.95
  858.19,   721.81,   337.55
  861.78,   724.24,   460.66
  599.50,   473.03,   349.57
  602.42,   476.72,   475.61
  603.26,   481.12,   601.94
  596.98,   598.49,   346.35
  598.13,   602.62,   472.53
  598.72,   606.24,   598.86
  594.55,   724.16,   343.70
  592.69,   728.11,   469.13
  592.56,   730.32,   595.25
  725.38,   475.06,   349.94
  728.36,   476.85,   475.42
  727.68,   482.18,   600.99
  722.65,   600.71,   345.90
  723.40,   603.12,   470.66
  723.15,   606.45,   597.00
  720.01,   727.29,   342.55
  717.57,   730.76,   466.13
  717.43,   731.34,   593.02
  850.59,   478.43,   350.27
  852.63,   479.78,   475.35
  851.11,   484.86,   599.85
  847.45,   604.17,   346.17
  849.08,   606.26,   470.33
  848.41,   608.74,   596.33
  844.46,   730.45,   342.28
  844.46,   733.80,   465.24
  844.55,   733.49,   592.23
  602.03,   473.45,   476.23
  602.67,   473.90,   602.58
  601.45,   474.51,   727.84
  601.87,   599.37,   477.08
  602.32,   599.11,   603.46
  602.35,   598.59,   728.55
  600.30,   724.96,   477.51
  600.26,   723.11,   603.76
  602.69,   719.91,   729.55
  728.04,   469.58,   476.38
  727.13,   471.09,   601.98
  723.80,   474.77,   726.67
  727.26,   595.68,   475.57
  726.80,   595.31,   601.96
  725.56,   596.33,   728.33
  725.36,   723.34,   474.79
  725.30,   719.88,   601.99
  727.24,   715.22,   730.97
  852.29,   468.45,   476.59
  850.49,   469.78,   601.07
  847.36,   473.38,   724.84
  852.92,   594.83,   475.68
  851.89,   593.72,   601.59
  849.38,   593.85,   727.44
  852.47,   722.27,   474.51
  852.36,   718.06,   601.71
  852.00,   713.37,   730.45
  601.70,   475.47,   601.59
  598.83,   474.59,   726.84
  595.59,   472.38,   849.80
  597.83,   600.71,   603.90
  596.25,   598.72,   728.91
  594.15,   596.11,   851.90
  592.33,   724.68,   605.67
  593.09,   720.20,   731.19
  593.55,   717.27,   854.86
  726.12,   476.12,   602.74
  721.14,   478.35,   727.44
  718.10,   478.34,   850.09
  722.22,   600.39,   604.17
  719.44,   599.86,   730.55
  716.96,   599.51,   854.33
  717.20,   724.85,   605.72
  717.62,   718.75,   734.56
  716.98,   716.57,   860.02
  849.45,   478.25,   603.58
  844.58,   480.44,   727.39
  842.93,   478.81,   851.71
  847.27,   602.04,   605.50
  843.17,   600.62,   731.59
  840.72,   600.05,   856.08
  844.09,   726.22,   607.08
  842.33,   719.92,   736.09
  840.58,   720.31,   861.05
  600.19,   601.66,   102.09
  597.60,   602.00,   225.44
  595.46,   603.81,   350.63
  604.42,   726.01,   102.57
  603.40,   726.78,   225.58
  598.39,   729.55,   350.12
  607.49,   851.56,   100.84
  606.26,   852.11,   225.25
  600.81,   854.34,   349.75
  726.00,   599.96,   106.57
  722.71,   600.58,   230.21
  721.12,   600.41,   353.46
  731.22,   722.61,   106.90
  729.05,   723.66,   230.70
  723.69,   727.22,   352.13
  735.26,   847.59,   104.46
  732.41,   848.53,   229.67
  726.89,   852.73,   352.13
  850.70,   598.21,   108.50
  846.55,   599.01,   234.02
  846.06,   598.24,   357.06
  855.30,   720.94,   108.74
  851.95,   722.33,   233.88
  848.24,   724.86,   355.17
  858.74,   845.34,   107.53
  854.78,   846.54,   232.83
  851.82,   850.33,   354.44
  599.55,   597.65,   223.48
  602.18,   600.28,   348.63
  604.64,   603.11,   474.76
  599.65,   722.36,   222.58
  599.45,   726.04,   347.18
  598.88,   728.71,   472.55
  596.87,   847.72,   221.31
  596.16,   850.81,   345.90
  594.68,   853.12,   470.89
  724.76,   601.92,   223.68
  727.82,   602.69,   346.85
  729.87,   603.80,   471.57
  725.53,   724.75,   223.21
  724.89,   729.34,   344.68
  723.83,   731.53,   468.23
  723.16,   849.65,   221.07
  722.40,   854.67,   343.78
  721.08,   857.74,   467.17
  848.62,   606.04,   222.80
  852.48,   606.41,   345.86
  855.54,   607.39,   470.08
  848.72,   728.92,   221.93
  849.30,   732.67,   343.17
  850.81,   734.77,   466.25
  845.78,   853.09,   219.88
  847.32,   857.81,   341.65
  848.95,   861.18,   464.61
  600.24,   600.35,   347.16
  602.67,   603.07,   473.31
  604.56,   605.32,   599.66
  603.72,   726.11,   345.74
  603.08,   728.64,   471.05
  604.31,   729.33,   597.24
  606.70,   850.96,   344.51
  605.09,   853.19,   469.37
  605.74,   853.22,   595.17
  725.86,   596.56,   345.56
  728.06,   597.50,   470.33
  729.10,   599.57,   596.64
  729.15,   723.17,   343.40
  728.20,   725.19,   466.91
  729.45,   724.37,   593.88
  732.82,   848.67,   342.47
  731.47,   851.69,   465.66
  732.24,   850.23,   592.15
  850.58,   594.06,   344.73
  853.71,   594.74,   469.05
  854.32,   596.17,   594.89
  853.46,   720.33,   342.13
  855.21,   722.20,   465.30
  856.69,   720.85,   592.20
  857.34,   845.63,   340.34
  859.06,   848.69,   463.35
  860.10,   847.49,   589.68
  599.17,   602.15,   475.80
  600.79,   598.99,   602.11
  601.94,   595.66,   727.15
  599.98,   727.59,   479.05
  601.12,   722.85,   605.24
  604.69,   716.84,   730.99
  602.26,   852.01,   482.77
  602.83,   846.43,   608.58
  606.53,   839.45,   734.42
  724.56,   596.12,   473.08
  725.30,   592.85,   599.42
  725.09,   591.18,   725.65
  725.05,   723.62,   475.14
  726.16,   717.29,   602.28
  729.14,   709.99,   731.15
  728.57,   850.04,   479.24
  729.14,   842.57,   606.03
  731.91,   832.22,   735.04
  850.20,   592.77,   471.98
  850.32,   588.88,   597.83
  848.84,   586.52,   723.46
  852.14,   720.18,   473.67
  853.16,   713.18,   600.82
  853.77,   705.83,   729.38
  856.35,   846.67,   477.16
  856.85,   839.37,   603.82
  857.99,   831.78,   732.35
  602.11,   603.07,   599.82
  599.85,   599.83,   724.90
  597.07,   596.02,   847.94
  595.80,   727.05,   602.87
  595.89,   721.24,   728.47
  595.71,   716.97,   852.18
  590.94,   850.65,   606.15
  590.98,   844.36,   731.58
  591.91,   840.17,   856.48
  726.48,   603.44,   600.79
  723.06,   601.55,   727.25
  719.84,   600.00,   851.12
  720.70,   727.99,   603.64
  720.44,   720.47,   732.53
  719.13,   716.94,   858.07
  717.23,   853.37,   607.38
  716.36,   843.56,   735.93
  716.10,   838.00,   862.21
  851.61,   605.97,   602.98
  846.83,   603.01,   729.04
  843.58,   601.17,   853.54
  847.67,   730.15,   605.80
  845.19,   722.48,   734.74
  842.73,   721.50,   859.73
  845.00,   856.72,   608.93
  842.33,   848.71,   737.68
  841.54,   845.34,   864.77
