27, 125, pa2-debug-a-output1.txt
  204.80,   191.19,   192.41
  405.55,   404.73,   195.15
  100.63,    99.31,    98.43
  102.29,   101.23,   223.41
  103.95,   103.16,   348.38
  103.63,   224.25,    96.47
  105.29,   226.18,   221.44
  106.95,   228.10,   346.42
  106.63,   349.20,    94.50
  108.29,   351.13,   219.48
  109.95,   353.05,   344.45
  225.58,    96.28,    96.82
  227.24,    98.20,   221.79
  228.90,   100.13,   346.77
  228.58,   221.23,    94.86
  230.24,   223.15,   219.83
  231.90,   225.08,   344.80
  231.58,   346.18,    92.89
  233.24,   348.10,   217.87
  234.90,   350.03,   342.84
  350.53,    93.25,    95.21
  352.19,    95.18,   220.18
  353.85,    97.10,   345.16
  353.54,   218.20,    93.24
  355.19,   220.13,   218.22
  356.85,   222.05,   343.19
  356.54,   343.15,    91.28
  358.20,   345.08,   216.25
  359.85,   347.00,   341.23
  100.44,   100.14,   223.14
  101.86,   102.57,   348.11
  103.27,   105.01,   473.08
   99.79,   225.11,   220.72
  101.21,   227.55,   345.69
  102.63,   229.98,   470.65
   99.15,   350.09,   218.29
  100.57,   352.52,   343.26
  101.98,   354.96,   468.23
  225.43,   100.75,   221.71
  226.85,   103.19,   346.68
  228.26,   105.62,   471.65
  224.78,   225.73,   219.29
  226.20,   228.16,   344.26
  227.62,   230.60,   469.22
  224.14,   350.70,   216.86
  225.56,   353.14,   341.83
  226.97,   355.57,   466.80
  350.42,   101.37,   220.29
  351.84,   103.80,   345.25
  353.25,   106.24,   470.22
  349.77,   226.35,   217.86
  351.19,   228.78,   342.83
  352.61,   231.21,   467.80
  349.13,   351.32,   215.43
  350.55,   353.75,   340.40
  351.96,   356.19,   465.37
   99.62,   101.22,   348.34
   97.83,    98.44,   473.29
   96.04,    95.65,   598.25
  101.34,   226.18,   351.14
   99.55,   223.39,   476.10
   97.76,   220.61,   601.06
  103.06,   351.13,   353.95
  101.27,   348.35,   478.91
   99.48,   345.57,   603.86
  224.60,    99.46,   350.09
  222.81,    96.67,   475.05
  221.01,    93.89,   600.00
  226.32,   224.41,   352.90
  224.53,   221.63,   477.85
  222.73,   218.85,   602.81
  228.04,   349.37,   355.71
  226.25,   346.59,   480.66
  224.45,   343.80,   605.62
  349.57,    97.70,   351.84
  347.78,    94.91,   476.80
  345.99,    92.13,   601.76
  351.29,   222.65,   354.65
  349.50,   219.87,   479.61
  347.71,   217.09,   604.56
  353.02,   347.61,   357.46
  351.22,   344.83,   482.42
  349.43,   342.04,   607.37
  100.97,    98.39,   475.60
   97.36,    96.76,   600.54
   93.76,    95.14,   725.48
   97.49,   223.33,   477.12
   93.88,   221.71,   602.06
   90.27,   220.08,   727.00
   94.00,   348.27,   478.65
   90.40,   346.65,   603.58
   86.79,   345.02,   728.52
  225.87,   101.83,   479.25
  222.26,   100.20,   604.19
  218.65,    98.58,   729.13
  222.39,   226.77,   480.78
  218.78,   225.14,   605.71
  215.17,   223.52,   730.65
  218.90,   351.71,   482.30
  215.29,   350.09,   607.24
  211.69,   348.46,   732.17
  350.77,   105.26,   482.91
  347.16,   103.64,   607.84
  343.55,   102.02,   732.78
  347.29,   230.21,   484.43
  343.68,   228.58,   609.37
  340.07,   226.96,   734.30
  343.80,   355.15,   485.95
  340.19,   353.53,   610.89
  336.59,   351.90,   735.83
  101.20,   100.74,   600.42
  102.85,   102.78,   725.39
  104.50,   104.83,   850.36
   99.29,   225.71,   598.40
  100.94,   227.75,   723.37
  102.59,   229.80,   848.34
   97.38,   350.68,   596.38
   99.03,   352.72,   721.35
  100.68,   354.77,   846.32
  226.18,   102.63,   598.73
  227.83,   104.67,   723.71
  229.48,   106.71,   848.68
  224.27,   227.59,   596.72
  225.92,   229.64,   721.69
  227.57,   231.68,   846.66
  222.35,   352.56,   594.70
  224.01,   354.61,   719.67
  225.66,   356.65,   844.64
  351.15,   104.51,   597.05
  352.80,   106.55,   722.03
  354.45,   108.60,   847.00
  349.24,   229.48,   595.04
  350.89,   231.52,   720.01
  352.54,   233.57,   844.98
  347.33,   354.45,   593.02
  348.98,   356.49,   717.99
  350.63,   358.53,   842.96
   99.44,   226.20,    98.81
   98.95,   229.25,   223.77
   98.46,   232.29,   348.73
   96.66,   351.13,    95.75
   96.17,   354.18,   220.71
   95.68,   357.23,   345.67
   93.88,   476.06,    92.69
   93.39,   479.11,   217.65
   92.90,   482.16,   342.62
  224.41,   228.99,    99.23
  223.92,   232.04,   224.20
  223.43,   235.09,   349.16
  221.63,   353.92,    96.18
  221.14,   356.97,   221.14
  220.65,   360.02,   346.10
  218.85,   478.85,    93.12
  218.36,   481.90,   218.08
  217.87,   484.95,   343.04
  349.38,   231.78,    99.66
  348.89,   234.83,   224.62
  348.40,   237.88,   349.58
  346.60,   356.71,    96.60
  346.11,   359.76,   221.56
  345.62,   362.81,   346.52
  343.82,   481.64,    93.54
  343.33,   484.69,   218.50
  342.84,   487.74,   343.46
   98.65,   226.15,   224.25
  100.33,   229.65,   349.19
  102.01,   233.15,   474.13
  100.50,   351.08,   220.72
  102.18,   354.59,   345.66
  103.86,   358.09,   470.60
  102.35,   476.02,   217.20
  104.03,   479.52,   342.14
  105.71,   483.02,   467.08
  223.62,   224.25,   222.62
  225.30,   227.75,   347.56
  226.98,   231.25,   472.50
  225.47,   349.19,   219.10
  227.15,   352.69,   344.03
  228.83,   356.19,   468.97
  227.32,   474.12,   215.57
  229.00,   477.63,   340.51
  230.68,   481.13,   465.45
  348.60,   222.36,   220.99
  350.28,   225.86,   345.93
  351.96,   229.36,   470.87
  350.45,   347.29,   217.47
  352.13,   350.79,   342.41
  353.81,   354.29,   467.35
  352.30,   472.23,   213.94
  353.98,   475.73,   338.88
  355.66,   479.23,   463.82
  100.66,   226.64,   349.53
  101.90,   227.63,   474.52
  103.14,   228.62,   599.51
  103.56,   351.60,   348.51
  104.80,   352.59,   473.50
  106.04,   353.59,   598.49
  106.46,   476.56,   347.49
  107.70,   477.56,   472.48
  108.94,   478.55,   597.47
  225.62,   223.73,   348.31
  226.86,   224.72,   473.30
  228.10,   225.72,   598.29
  228.52,   348.69,   347.29
  229.76,   349.69,   472.28
  231.00,   350.68,   597.27
  231.42,   473.66,   346.27
  232.66,   474.65,   471.26
  233.90,   475.64,   596.25
  350.58,   220.82,   347.09
  351.82,   221.82,   472.08
  353.07,   222.81,   597.07
  353.48,   345.79,   346.07
  354.72,   346.78,   471.06
  355.96,   347.77,   596.05
  356.38,   470.75,   345.05
  357.62,   471.74,   470.04
  358.86,   472.73,   595.03
   99.36,   224.06,   473.67
   97.25,   225.49,   598.65
   95.14,   226.92,   723.62
   97.81,   349.04,   472.22
   95.70,   350.47,   597.19
   93.59,   351.90,   722.16
   96.26,   474.02,   470.76
   94.15,   475.45,   595.73
   92.04,   476.88,   720.71
  224.33,   225.63,   475.76
  222.22,   227.06,   600.74
  220.12,   228.49,   725.71
  222.78,   350.62,   474.31
  220.67,   352.05,   599.28
  218.57,   353.48,   724.25
  221.23,   475.60,   472.85
  219.12,   477.03,   597.82
  217.02,   478.46,   722.80
  349.30,   227.21,   477.85
  347.20,   228.64,   602.82
  345.09,   230.07,   727.80
  347.75,   352.19,   476.39
  345.65,   353.62,   601.37
  343.54,   355.05,   726.34
  346.20,   477.17,   474.94
  344.10,   478.60,   599.91
  341.99,   480.03,   724.89
  100.56,   226.66,   600.39
  100.41,   229.35,   725.37
  100.25,   232.05,   850.34
   99.27,   351.62,   597.69
   99.12,   354.32,   722.66
   98.97,   357.02,   847.64
   97.99,   476.58,   594.99
   97.84,   479.28,   719.96
   97.69,   481.98,   844.94
  225.55,   227.94,   600.52
  225.40,   230.64,   725.49
  225.25,   233.34,   850.46
  224.27,   352.91,   597.82
  224.12,   355.60,   722.79
  223.96,   358.30,   847.76
  222.98,   477.87,   595.12
  222.83,   480.57,   720.09
  222.68,   483.27,   845.06
  350.54,   229.23,   600.64
  350.39,   231.93,   725.61
  350.24,   234.63,   850.58
  349.26,   354.19,   597.94
  349.11,   356.89,   722.91
  348.96,   359.59,   847.88
  347.98,   479.16,   595.24
  347.83,   481.86,   720.21
  347.67,   484.55,   845.18
   98.34,   348.64,    98.92
   96.90,   348.13,   223.91
   95.46,   347.61,   348.90
   99.57,   473.63,    99.44
   98.13,   473.12,   224.43
   96.69,   472.61,   349.42
  100.81,   598.62,    99.97
   99.37,   598.11,   224.96
   97.93,   597.60,   349.95
  223.32,   347.40,   100.35
  221.88,   346.88,   225.34
  220.44,   346.37,   350.33
  224.56,   472.39,   100.88
  223.12,   471.88,   225.87
  221.68,   471.36,   350.86
  225.79,   597.38,   101.40
  224.35,   596.87,   226.39
  222.91,   596.36,   351.38
  348.31,   346.16,   101.78
  346.87,   345.64,   226.78
  345.43,   345.13,   351.77
  349.54,   471.15,   102.31
  348.10,   470.64,   227.30
  346.66,   470.12,   352.29
  350.78,   596.14,   102.84
  349.34,   595.63,   227.83
  347.90,   595.12,   352.82
   98.19,   350.26,   223.92
   99.66,   353.50,   348.87
  101.13,   356.74,   473.82
  101.31,   475.18,   220.65
  102.78,   478.42,   345.60
  104.25,   481.65,   470.55
  104.43,   600.10,   217.38
  105.90,   603.34,   342.33
  107.37,   606.57,   467.28
  223.15,   347.11,   222.54
  224.61,   350.34,   347.49
  226.08,   353.58,   472.44
  226.26,   472.02,   219.26
  227.73,   475.26,   344.21
  229.20,   478.50,   469.16
  229.38,   596.94,   215.99
  230.85,   600.18,   340.94
  232.32,   603.42,   465.89
  348.10,   343.95,   221.15
  349.57,   347.19,   346.10
  351.03,   350.42,   471.05
  351.22,   468.87,   217.88
  352.68,   472.10,   342.83
  354.15,   475.34,   467.78
  354.34,   593.79,   214.61
  355.80,   597.02,   339.56
  357.27,   600.26,   464.51
   99.15,   348.16,   350.05
  101.28,   347.89,   475.03
  103.40,   347.62,   600.01
  102.42,   473.12,   350.26
  104.55,   472.85,   475.24
  106.67,   472.58,   600.22
  105.69,   598.08,   350.48
  107.81,   597.81,   475.46
  109.94,   597.54,   600.44
  224.09,   344.90,   347.91
  226.22,   344.63,   472.90
  228.34,   344.36,   597.88
  227.36,   469.86,   348.13
  229.48,   469.59,   473.11
  231.61,   469.32,   598.09
  230.63,   594.81,   348.34
  232.75,   594.54,   473.32
  234.88,   594.27,   598.31
  349.03,   341.63,   345.78
  351.15,   341.36,   470.76
  353.28,   341.09,   595.74
  352.30,   466.59,   345.99
  354.42,   466.32,   470.98
  356.55,   466.05,   595.96
  355.57,   591.55,   346.21
  357.69,   591.28,   471.19
  359.82,   591.01,   596.17
  101.23,   348.09,   473.64
  103.75,   344.37,   598.56
  106.27,   340.64,   723.48
   99.37,   473.02,   477.41
  101.90,   469.30,   602.32
  104.42,   465.57,   727.24
   97.52,   597.95,   481.17
  100.04,   594.23,   606.09
  102.56,   590.50,   731.01
  226.19,   350.02,   471.18
  228.71,   346.30,   596.10
  231.23,   342.57,   721.02
  224.33,   474.95,   474.94
  226.86,   471.23,   599.86
  229.38,   467.50,   724.78
  222.48,   599.88,   478.70
  225.00,   596.16,   603.62
  227.52,   592.43,   728.54
  351.15,   351.95,   468.71
  353.67,   348.23,   593.63
  356.19,   344.50,   718.55
  349.29,   476.88,   472.47
  351.82,   473.16,   597.39
  354.34,   469.43,   722.31
  347.44,   601.81,   476.24
  349.96,   598.09,   601.16
  352.48,   594.36,   726.08
   98.29,   348.93,   600.69
   96.19,   346.89,   725.66
   94.09,   344.84,   850.62
   96.62,   473.91,   602.71
   94.52,   471.86,   727.68
   92.43,   469.82,   852.64
   94.95,   598.88,   604.73
   92.86,   596.83,   729.69
   90.76,   594.79,   854.66
  223.26,   350.57,   602.82
  221.16,   348.52,   727.78
  219.07,   346.48,   852.75
  221.59,   475.54,   604.83
  219.49,   473.49,   729.80
  217.40,   471.45,   854.76
  219.92,   600.51,   606.85
  217.83,   598.47,   731.82
  215.73,   596.42,   856.78
  348.23,   352.20,   604.94
  346.13,   350.15,   729.90
  344.04,   348.11,   854.87
  346.56,   477.17,   606.96
  344.47,   475.12,   731.92
  342.37,   473.08,   856.89
  344.90,   602.14,   608.97
  342.80,   600.10,   733.94
  340.70,   598.05,   858.90
  100.77,   476.86,    99.89
   98.92,   480.19,   224.83
   97.08,   483.52,   349.77
  103.50,   601.79,    96.60
  101.66,   605.12,   221.54
   99.81,   608.45,   346.49
  106.23,   726.71,    93.31
  104.39,   730.04,   218.25
  102.55,   733.37,   343.20
  225.72,   474.18,   101.81
  223.88,   477.51,   226.75
  222.04,   480.84,   351.69
  228.46,   599.10,    98.52
  226.61,   602.43,   223.46
  224.77,   605.76,   348.40
  231.19,   724.03,    95.23
  229.35,   727.36,   220.17
  227.50,   730.69,   345.11
  350.68,   471.50,   103.72
  348.84,   474.83,   228.66
  346.99,   478.15,   353.60
  353.41,   596.42,   100.43
  351.57,   599.75,   225.37
  349.73,   603.08,   350.32
  356.15,   721.35,    97.14
  354.30,   724.68,   222.09
  352.46,   728.01,   347.03
   98.63,   473.44,   225.31
   95.44,   477.13,   350.21
   92.26,   480.83,   475.12
  100.35,   598.37,   221.66
   97.17,   602.07,   346.56
   93.98,   605.76,   471.46
  102.08,   723.31,   218.00
   98.89,   727.00,   342.91
   95.71,   730.69,   467.81
  223.57,   471.81,   228.54
  220.39,   475.50,   353.44
  217.20,   479.19,   478.35
  225.30,   596.74,   224.89
  222.11,   600.43,   349.79
  218.93,   604.13,   474.70
  227.02,   721.68,   221.24
  223.84,   725.37,   346.14
  220.66,   729.06,   471.05
  348.52,   470.18,   231.77
  345.34,   473.87,   356.68
  342.15,   477.56,   481.58
  350.25,   595.11,   228.12
  347.06,   598.80,   353.03
  343.88,   602.50,   477.93
  351.97,   720.04,   224.47
  348.79,   723.74,   349.38
  345.60,   727.43,   474.28
  100.13,   473.35,   348.69
  103.69,   469.89,   473.59
  107.25,   466.44,   598.49
   98.27,   598.28,   352.20
  101.83,   594.83,   477.10
  105.39,   591.38,   602.00
   96.41,   723.22,   355.70
   99.97,   719.77,   480.60
  103.54,   716.32,   605.50
  225.06,   475.30,   345.18
  228.63,   471.85,   470.08
  232.19,   468.40,   594.99
  223.21,   600.24,   348.69
  226.77,   596.79,   473.59
  230.33,   593.34,   598.49
  221.35,   725.18,   352.19
  224.91,   721.73,   477.09
  228.47,   718.27,   601.99
  350.00,   477.26,   341.67
  353.56,   473.81,   466.57
  357.12,   470.36,   591.48
  348.14,   602.20,   345.18
  351.70,   598.74,   470.08
  355.26,   595.29,   594.98
  346.28,   727.13,   348.68
  349.85,   723.68,   473.58
  353.41,   720.23,   598.49
   98.62,   475.63,   474.50
  101.30,   474.62,   599.46
  103.98,   473.61,   724.43
   97.51,   600.62,   475.53
  100.19,   599.61,   600.49
  102.88,   598.61,   725.46
   96.41,   725.61,   476.56
   99.09,   724.60,   601.52
  101.77,   723.60,   726.49
  223.58,   476.75,   471.82
  226.27,   475.75,   596.79
  228.95,   474.74,   721.76
  222.48,   601.75,   472.85
  225.16,   600.74,   597.82
  227.84,   599.73,   722.79
  221.37,   726.74,   473.88
  224.05,   725.73,   598.85
  226.74,   724.72,   723.82
  348.55,   477.88,   469.15
  351.23,   476.88,   594.12
  353.92,   475.87,   719.08
  347.44,   602.87,   470.18
  350.13,   601.87,   595.15
  352.81,   600.86,   720.11
  346.34,   727.86,   471.21
  349.02,   726.86,   596.18
  351.70,   725.85,   721.14
   99.79,   474.57,   601.69
  100.26,   478.10,   726.64
  100.72,   481.63,   851.59
   96.24,   599.47,   598.17
   96.71,   603.00,   723.12
   97.18,   606.53,   848.07
   92.70,   724.37,   594.65
   93.17,   727.90,   719.60
   93.63,   731.43,   844.55
  224.74,   478.10,   601.12
  225.21,   481.63,   726.07
  225.67,   485.16,   851.02
  221.19,   603.00,   597.61
  221.66,   606.53,   722.55
  222.13,   610.06,   847.50
  217.65,   727.90,   594.09
  218.11,   731.43,   719.04
  218.58,   734.96,   843.99
  349.69,   481.63,   600.56
  350.16,   485.16,   725.51
  350.62,   488.69,   850.45
  346.14,   606.53,   597.04
  346.61,   610.06,   721.99
  347.08,   613.59,   846.94
  342.60,   731.43,   593.52
  343.06,   734.96,   718.47
  343.53,   738.49,   843.42
   98.75,   599.52,   101.54
   98.41,   598.56,   226.53
   98.08,   597.59,   351.53
   95.10,   724.47,   102.49
   94.77,   723.50,   227.49
   94.43,   722.53,   352.49
   91.46,   849.41,   103.45
   91.12,   848.44,   228.45
   90.78,   847.47,   353.45
  223.70,   603.17,   101.90
  223.36,   602.20,   226.90
  223.02,   601.23,   351.89
  220.05,   728.11,   102.86
  219.71,   727.14,   227.86
  219.38,   726.18,   352.85
  216.40,   853.06,   103.82
  216.06,   852.09,   228.81
  215.73,   851.12,   353.81
  348.64,   606.82,   102.27
  348.31,   605.85,   227.26
  347.97,   604.88,   352.26
  345.00,   731.76,   103.23
  344.66,   730.79,   228.22
  344.32,   729.82,   353.22
  341.35,   856.70,   104.18
  341.01,   855.73,   229.18
  340.67,   854.76,   354.18
  101.59,   601.81,   226.80
  103.36,   598.76,   351.75
  105.13,   595.71,   476.70
  102.76,   726.77,   229.83
  104.53,   723.72,   354.78
  106.30,   720.66,   479.73
  103.93,   851.73,   232.87
  105.70,   848.67,   357.82
  107.47,   845.62,   482.77
  226.57,   600.69,   225.00
  228.34,   597.63,   349.95
  230.11,   594.58,   474.90
  227.74,   725.64,   228.03
  229.51,   722.59,   352.98
  231.28,   719.54,   477.93
  228.91,   850.60,   231.07
  230.68,   847.55,   356.02
  232.45,   844.50,   480.97
  351.55,   599.56,   223.20
  353.32,   596.51,   348.15
  355.10,   593.46,   473.10
  352.72,   724.52,   226.23
  354.49,   721.47,   351.18
  356.27,   718.41,   476.13
  353.89,   849.48,   229.27
  355.66,   846.42,   354.22
  357.43,   843.37,   479.17
   99.70,   601.07,   351.38
   97.09,   603.48,   476.33
   94.49,   605.88,   601.28
  100.34,   726.04,   348.99
   97.73,   728.45,   473.94
   95.13,   730.86,   598.89
  100.98,   851.02,   346.59
   98.38,   853.43,   471.54
   95.77,   855.84,   596.49
  224.67,   600.48,   354.00
  222.06,   602.88,   478.95
  219.46,   605.29,   603.90
  225.31,   725.45,   351.60
  222.71,   727.86,   476.55
  220.10,   730.27,   601.50
  225.95,   850.43,   349.21
  223.35,   852.83,   474.16
  220.74,   855.24,   599.11
  349.64,   599.88,   356.62
  347.03,   602.29,   481.57
  344.43,   604.70,   606.52
  350.28,   724.86,   354.22
  347.68,   727.27,   479.17
  345.07,   729.67,   604.12
  350.93,   849.83,   351.83
  348.32,   852.24,   476.78
  345.71,   854.65,   601.73
   99.64,   601.36,   474.53
   96.98,   602.49,   599.49
   94.32,   603.63,   724.46
  101.02,   726.34,   473.42
   98.36,   727.48,   598.39
   95.70,   728.61,   723.35
  102.39,   851.33,   472.32
   99.73,   852.47,   597.28
   97.07,   853.60,   722.25
  224.61,   600.00,   477.20
  221.95,   601.14,   602.17
  219.28,   602.28,   727.13
  225.98,   724.99,   476.09
  223.32,   726.13,   601.06
  220.66,   727.26,   726.03
  227.36,   849.98,   474.99
  224.70,   851.12,   599.96
  222.03,   852.25,   724.92
  349.57,   598.65,   479.87
  346.91,   599.79,   604.84
  344.25,   600.92,   729.81
  350.95,   723.64,   478.77
  348.28,   724.78,   603.73
  345.62,   725.91,   728.70
  352.32,   848.63,   477.66
  349.66,   849.76,   602.63
  347.00,   850.90,   727.59
   98.64,   599.35,   600.03
   98.84,   599.13,   725.03
   99.05,   598.91,   850.02
   97.60,   724.35,   600.25
   97.81,   724.13,   725.25
   98.01,   723.91,   850.25
   96.57,   849.35,   600.47
   96.77,   849.12,   725.47
   96.98,   848.90,   850.47
  223.63,   600.39,   599.82
  223.84,   600.17,   724.82
  224.04,   599.94,   849.82
  222.60,   725.38,   600.05
  222.80,   725.16,   725.05
  223.01,   724.94,   850.05
  221.57,   850.38,   600.27
  221.77,   850.16,   725.27
  221.97,   849.93,   850.27
  348.63,   601.42,   599.62
  348.83,   601.20,   724.62
  349.04,   600.98,   849.62
  347.59,   726.42,   599.85
  347.80,   726.20,   724.84
  348.00,   725.97,   849.84
  346.56,   851.41,   600.07
  346.76,   851.19,   725.07
  346.97,   850.97,   850.07
  224.27,   100.71,    98.37
  221.70,   102.39,   223.33
  219.13,   104.07,   348.29
  221.14,   225.66,    96.63
  218.57,   227.34,   221.59
  216.00,   229.01,   346.55
  218.00,   350.60,    94.88
  215.43,   352.28,   219.85
  212.86,   353.96,   344.81
  349.20,   103.88,   100.90
  346.63,   105.55,   225.86
  344.06,   107.23,   350.82
  346.07,   228.82,    99.15
  343.50,   230.50,   224.11
  340.93,   232.18,   349.08
  342.94,   353.77,    97.41
  340.37,   355.45,   222.37
  337.80,   357.13,   347.33
  474.14,   107.04,   103.42
  471.57,   108.72,   228.38
  469.00,   110.40,   353.35
  471.00,   231.99,   101.68
  468.44,   233.67,   226.64
  465.87,   235.35,   351.60
  467.87,   356.94,    99.93
  465.30,   358.62,   224.90
  462.73,   360.30,   349.86
  225.66,    99.58,   226.84
  226.86,   102.25,   351.80
  228.06,   104.93,   476.77
  226.09,   224.55,   224.16
  227.29,   227.22,   349.13
  228.49,   229.90,   474.09
  226.52,   349.52,   221.49
  227.72,   352.20,   346.45
  228.92,   354.87,   471.42
  350.65,    99.12,   225.65
  351.85,   101.80,   350.61
  353.05,   104.47,   475.58
  351.08,   224.10,   222.97
  352.28,   226.77,   347.94
  353.48,   229.44,   472.90
  351.51,   349.07,   220.29
  352.71,   351.74,   345.26
  353.91,   354.41,   470.23
  475.64,    98.67,   224.46
  476.84,   101.34,   349.42
  478.04,   104.01,   474.39
  476.07,   223.64,   221.78
  477.28,   226.31,   346.75
  478.48,   228.98,   471.71
  476.51,   348.61,   219.10
  477.71,   351.28,   344.07
  478.91,   353.95,   469.04
  226.75,   101.39,   351.56
  223.59,   101.57,   476.51
  220.43,   101.76,   601.47
  225.53,   226.38,   351.34
  222.37,   226.57,   476.30
  219.21,   226.75,   601.26
  224.30,   351.38,   351.12
  221.14,   351.56,   476.08
  217.98,   351.75,   601.04
  351.71,   102.62,   354.71
  348.55,   102.81,   479.67
  345.39,   102.99,   604.63
  350.48,   227.61,   354.50
  347.32,   227.80,   479.46
  344.16,   227.99,   604.42
  349.26,   352.61,   354.28
  346.09,   352.79,   479.24
  342.93,   352.98,   604.20
  476.66,   103.85,   357.87
  473.50,   104.04,   482.83
  470.34,   104.22,   607.79
  475.44,   228.84,   357.66
  472.27,   229.03,   482.62
  469.11,   229.22,   607.58
  474.21,   353.84,   357.44
  471.05,   354.02,   482.40
  467.89,   354.21,   607.36
  225.12,    98.55,   473.88
  224.36,    98.01,   598.88
  223.61,    97.46,   723.88
  225.08,   223.55,   474.43
  224.32,   223.01,   599.42
  223.56,   222.46,   724.42
  225.03,   348.55,   474.97
  224.28,   348.00,   599.97
  223.52,   347.46,   724.96
  350.12,    98.59,   474.64
  349.36,    98.05,   599.64
  348.60,    97.50,   724.63
  350.07,   223.59,   475.18
  349.32,   223.05,   600.18
  348.56,   222.50,   725.18
  350.03,   348.59,   475.73
  349.27,   348.04,   600.72
  348.52,   347.50,   725.72
  475.11,    98.63,   475.40
  474.36,    98.09,   600.39
  473.60,    97.54,   725.39
  475.07,   223.63,   475.94
  474.31,   223.09,   600.94
  473.56,   222.54,   725.94
  475.03,   348.63,   476.49
  474.27,   348.08,   601.48
  473.51,   347.54,   726.48
  226.54,   100.14,   598.86
  227.99,   101.72,   723.84
  229.43,   103.29,   848.82
  227.97,   225.13,   597.27
  229.42,   226.70,   722.25
  230.86,   228.27,   847.23
  229.40,   350.11,   595.68
  230.85,   351.68,   720.66
  232.29,   353.25,   845.64
  351.52,    98.70,   597.43
  352.97,   100.27,   722.41
  354.42,   101.84,   847.39
  352.95,   223.68,   595.84
  354.40,   225.25,   720.82
  355.85,   226.82,   845.80
  354.38,   348.66,   594.25
  355.83,   350.23,   719.23
  357.28,   351.80,   844.21
  476.51,    97.25,   596.00
  477.95,    98.82,   720.98
  479.40,   100.39,   845.96
  477.94,   222.23,   594.41
  479.38,   223.80,   719.39
  480.83,   225.37,   844.37
  479.37,   347.21,   592.82
  480.81,   348.78,   717.80
  482.26,   350.35,   842.78
  224.46,   223.16,   101.46
  225.17,   220.49,   226.43
  225.88,   217.82,   351.40
  220.76,   348.07,   104.15
  221.47,   345.40,   229.12
  222.18,   342.74,   354.09
  217.06,   472.99,   106.84
  217.76,   470.32,   231.80
  218.47,   467.65,   356.77
  349.41,   226.87,   100.83
  350.11,   224.21,   225.80
  350.82,   221.54,   350.77
  345.70,   351.79,   103.52
  346.41,   349.12,   228.49
  347.12,   346.45,   353.46
  342.00,   476.71,   106.21
  342.71,   474.04,   231.18
  343.42,   471.37,   356.15
  474.35,   230.59,   100.20
  475.06,   227.92,   225.17
  475.77,   225.26,   350.14
  470.65,   355.51,   102.89
  471.35,   352.84,   227.86
  472.06,   350.17,   352.83
  466.94,   480.42,   105.58
  467.65,   477.76,   230.55
  468.36,   475.09,   355.52
  225.97,   225.36,   225.37
  227.90,   227.58,   350.33
  229.84,   229.79,   475.30
  222.30,   350.29,   223.21
  224.23,   352.50,   348.18
  226.17,   354.72,   473.14
  218.63,   475.22,   221.05
  220.56,   477.43,   346.02
  222.50,   479.65,   470.98
  350.90,   229.00,   223.37
  352.83,   231.21,   348.33
  354.77,   233.42,   473.30
  347.23,   353.92,   221.21
  349.16,   356.14,   346.18
  351.10,   358.35,   471.14
  343.56,   478.85,   219.05
  345.49,   481.07,   344.02
  347.43,   483.28,   468.99
  475.83,   232.63,   221.37
  477.76,   234.85,   346.33
  479.70,   237.06,   471.30
  472.16,   357.56,   219.21
  474.09,   359.77,   344.18
  476.03,   361.99,   469.14
  468.49,   482.49,   217.06
  470.43,   484.70,   342.02
  472.36,   486.91,   466.99
  226.59,   224.93,   348.01
  228.23,   223.89,   473.00
  229.87,   222.85,   597.98
  227.89,   349.92,   349.04
  229.52,   348.88,   474.02
  231.16,   347.84,   599.01
  229.18,   474.91,   350.06
  230.82,   473.87,   475.04
  232.45,   472.83,   600.03
  351.58,   223.65,   346.37
  353.21,   222.61,   471.35
  354.85,   221.57,   596.34
  352.87,   348.64,   347.39
  354.51,   347.60,   472.37
  356.14,   346.56,   597.36
  354.16,   473.63,   348.41
  355.80,   472.59,   473.40
  357.44,   471.55,   598.38
  476.56,   222.37,   344.72
  478.19,   221.33,   469.70
  479.83,   220.29,   594.69
  477.85,   347.36,   345.74
  479.49,   346.32,   470.73
  481.13,   345.28,   595.71
  479.14,   472.35,   346.76
  480.78,   471.31,   471.75
  482.42,   470.27,   596.73
  226.24,   226.06,   475.05
  226.69,   226.34,   600.04
  227.15,   226.63,   725.04
  227.46,   351.05,   474.76
  227.91,   351.34,   599.75
  228.36,   351.62,   724.75
  228.68,   476.04,   474.47
  229.13,   476.33,   599.47
  229.58,   476.61,   724.46
  351.24,   224.84,   474.60
  351.69,   225.12,   599.60
  352.14,   225.41,   724.59
  352.45,   349.83,   474.31
  352.90,   350.12,   599.31
  353.36,   350.40,   724.30
  353.67,   474.83,   474.02
  354.12,   475.11,   599.02
  354.57,   475.40,   724.01
  476.23,   223.62,   474.15
  476.68,   223.91,   599.15
  477.13,   224.19,   724.14
  477.45,   348.62,   473.86
  477.90,   348.90,   598.86
  478.35,   349.19,   723.86
  478.66,   473.61,   473.57
  479.11,   473.89,   598.57
  479.57,   474.18,   723.57
  224.80,   224.38,   600.88
  221.14,   227.87,   725.78
  217.49,   231.36,   850.68
  226.41,   349.32,   597.44
  222.76,   352.81,   722.34
  219.10,   356.30,   847.23
  228.03,   474.26,   594.00
  224.37,   477.75,   718.89
  220.71,   481.24,   843.79
  349.74,   222.87,   604.58
  346.08,   226.36,   729.48
  342.42,   229.85,   854.38
  351.35,   347.81,   601.14
  347.69,   351.30,   726.04
  344.03,   354.79,   850.94
  352.96,   472.75,   597.70
  349.31,   476.24,   722.59
  345.65,   479.73,   847.49
  474.67,   221.36,   608.28
  471.01,   224.85,   733.18
  467.36,   228.34,   858.08
  476.29,   346.30,   604.84
  472.63,   349.79,   729.74
  468.97,   353.28,   854.64
  477.90,   471.24,   601.40
  474.24,   474.73,   726.29
  470.58,   478.22,   851.19
  224.16,   349.31,   100.80
  226.46,   346.21,   225.74
  228.76,   343.10,   350.68
  227.64,   474.23,   103.85
  229.94,   471.12,   228.79
  232.24,   468.01,   353.73
  231.12,   599.14,   106.89
  233.42,   596.03,   231.83
  235.72,   592.93,   356.77
  349.09,   345.89,    98.42
  351.39,   342.78,   223.36
  353.69,   339.67,   348.30
  352.57,   470.80,   101.46
  354.87,   467.70,   226.40
  357.17,   464.59,   351.34
  356.05,   595.72,   104.51
  358.35,   592.61,   229.45
  360.65,   589.50,   354.39
  474.02,   342.46,    96.04
  476.32,   339.36,   220.98
  478.62,   336.25,   345.92
  477.50,   467.38,    99.08
  479.80,   464.27,   224.02
  482.10,   461.16,   348.96
  480.98,   592.29,   102.12
  483.28,   589.18,   227.06
  485.58,   586.08,   352.00
  225.99,   351.61,   223.71
  225.70,   351.97,   348.71
  225.41,   352.33,   473.71
  228.40,   476.59,   223.36
  228.11,   476.95,   348.36
  227.82,   477.31,   473.36
  230.81,   601.56,   223.00
  230.52,   601.93,   348.00
  230.23,   602.29,   473.00
  350.96,   349.20,   224.01
  350.68,   349.56,   349.01
  350.39,   349.92,   474.01
  353.38,   474.18,   223.65
  353.09,   474.54,   348.65
  352.80,   474.90,   473.65
  355.79,   599.15,   223.30
  355.50,   599.51,   348.30
  355.21,   599.88,   473.30
  475.94,   346.79,   224.30
  475.65,   347.15,   349.30
  475.36,   347.51,   474.30
  478.35,   471.77,   223.95
  478.06,   472.13,   348.95
  477.77,   472.49,   473.95
  480.76,   596.74,   223.59
  480.48,   597.10,   348.59
  480.19,   597.46,   473.59
  224.34,   348.62,   349.14
  222.37,   351.21,   474.10
  220.39,   353.79,   599.05
  224.66,   473.59,   346.55
  222.69,   476.18,   471.51
  220.71,   478.77,   596.47
  224.98,   598.56,   343.97
  223.00,   601.15,   468.93
  221.03,   603.74,   593.89
  349.33,   348.34,   351.12
  347.35,   350.93,   476.08
  345.37,   353.52,   601.04
  349.65,   473.31,   348.54
  347.67,   475.90,   473.50
  345.69,   478.49,   598.45
  349.97,   598.29,   345.95
  347.99,   600.87,   470.91
  346.01,   603.46,   595.87
  474.31,   348.06,   353.10
  472.33,   350.65,   478.06
  470.36,   353.24,   603.02
  474.63,   473.03,   350.52
  472.65,   475.62,   475.48
  470.68,   478.21,   600.44
  474.95,   598.01,   347.94
  472.97,   600.60,   472.90
  470.99,   603.18,   597.85
  223.08,   350.54,   474.07
  224.80,   351.01,   599.05
  226.53,   351.47,   724.04
  219.44,   475.49,   473.65
  221.17,   475.95,   598.64
  222.89,   476.42,   723.63
  215.80,   600.44,   473.24
  217.53,   600.90,   598.23
  219.25,   601.37,   723.21
  348.01,   354.18,   472.33
  349.74,   354.64,   597.32
  351.46,   355.11,   722.30
  344.38,   479.12,   471.92
  346.10,   479.59,   596.90
  347.82,   480.05,   721.89
  340.74,   604.07,   471.50
  342.46,   604.53,   596.49
  344.19,   605.00,   721.48
  472.95,   357.81,   470.59
  474.67,   358.27,   595.58
  476.40,   358.74,   720.57
  469.31,   482.75,   470.18
  471.04,   483.22,   595.17
  472.76,   483.68,   720.15
  465.67,   607.70,   469.76
  467.40,   608.17,   594.75
  469.12,   608.63,   719.74
  226.50,   351.93,   600.84
  223.47,   354.96,   725.77
  220.44,   357.98,   850.70
  228.27,   476.88,   597.86
  225.24,   479.91,   722.79
  222.21,   482.93,   847.72
  230.05,   601.84,   594.88
  227.02,   604.86,   719.81
  223.99,   607.88,   844.74
  351.45,   350.23,   603.92
  348.42,   353.25,   728.84
  345.39,   356.28,   853.77
  353.22,   475.18,   600.93
  350.19,   478.20,   725.86
  347.16,   481.23,   850.79
  355.00,   600.13,   597.95
  351.97,   603.16,   722.88
  348.94,   606.18,   847.81
  476.40,   348.53,   606.99
  473.37,   351.55,   731.91
  470.34,   354.57,   856.84
  478.17,   473.48,   604.01
  475.14,   476.50,   728.93
  472.11,   479.52,   853.86
  479.95,   598.43,   601.03
  476.92,   601.45,   725.95
  473.89,   604.48,   850.88
  224.13,   473.29,   100.43
  220.81,   470.06,   225.34
  217.50,   466.82,   350.26
  224.59,   598.25,   103.68
  221.28,   595.01,   228.59
  217.97,   591.78,   353.51
  225.06,   723.21,   106.93
  221.75,   719.97,   231.84
  218.43,   716.73,   356.76
  349.08,   472.74,   103.73
  345.77,   469.50,   228.64
  342.46,   466.27,   353.56
  349.55,   597.70,   106.98
  346.23,   594.46,   231.89
  342.92,   591.22,   356.81
  350.01,   722.66,   110.23
  346.70,   719.42,   235.14
  343.39,   716.18,   360.06
  474.04,   472.19,   107.03
  470.72,   468.95,   231.94
  467.41,   465.71,   356.86
  474.50,   597.15,   110.28
  471.19,   593.91,   235.19
  467.88,   590.67,   360.11
  474.97,   722.10,   113.53
  471.66,   718.87,   238.44
  468.34,   715.63,   363.36
  225.16,   475.56,   225.65
  225.24,   474.07,   350.64
  225.32,   472.58,   475.63
  221.45,   600.49,   227.13
  221.53,   599.01,   352.13
  221.61,   597.52,   477.12
  217.75,   725.43,   228.62
  217.83,   723.94,   353.61
  217.91,   722.46,   478.60
  350.11,   479.26,   225.61
  350.19,   477.78,   350.60
  350.26,   476.29,   475.59
  346.40,   604.20,   227.10
  346.48,   602.71,   352.09
  346.56,   601.23,   477.08
  342.69,   729.14,   228.59
  342.77,   727.65,   353.58
  342.85,   726.17,   478.57
  475.05,   482.97,   225.58
  475.13,   481.49,   350.57
  475.21,   480.00,   475.56
  471.34,   607.91,   227.06
  471.42,   606.42,   352.06
  471.50,   604.94,   477.05
  467.64,   732.84,   228.55
  467.72,   731.36,   353.54
  467.80,   729.87,   478.53
  223.03,   473.96,   351.00
  225.28,   472.84,   475.98
  227.52,   471.72,   600.95
  223.03,   598.95,   352.12
  225.27,   597.84,   477.10
  227.52,   596.72,   602.07
  223.02,   723.95,   353.24
  225.27,   722.83,   478.21
  227.51,   721.71,   603.19
  348.01,   473.98,   348.76
  350.26,   472.87,   473.73
  352.50,   471.75,   598.71
  348.01,   598.98,   349.88
  350.25,   597.86,   474.85
  352.50,   596.74,   599.83
  348.00,   723.97,   350.99
  350.25,   722.86,   475.97
  352.49,   721.74,   600.94
  472.99,   474.01,   346.51
  475.24,   472.89,   471.49
  477.48,   471.77,   596.46
  472.99,   599.00,   347.63
  475.23,   597.89,   472.61
  477.48,   596.77,   597.58
  472.98,   724.00,   348.75
  475.23,   722.88,   473.72
  477.47,   721.76,   598.70
  226.72,   474.68,   476.21
  230.00,   476.85,   601.15
  233.29,   479.03,   726.09
  225.81,   599.65,   474.06
  229.10,   601.83,   598.99
  232.38,   604.01,   723.93
  224.91,   724.63,   471.90
  228.19,   726.81,   596.84
  231.48,   728.99,   721.78
  351.67,   475.52,   472.91
  354.96,   477.70,   597.85
  358.24,   479.88,   722.79
  350.77,   600.50,   470.76
  354.05,   602.68,   595.70
  357.33,   604.86,   720.63
  349.86,   725.48,   468.60
  353.14,   727.66,   593.54
  356.43,   729.84,   718.48
  476.63,   476.37,   469.61
  479.91,   478.55,   594.55
  483.19,   480.73,   719.49
  475.72,   601.35,   467.46
  479.00,   603.53,   592.40
  482.29,   605.71,   717.33
  474.81,   726.33,   465.30
  478.10,   728.51,   590.24
  481.38,   730.69,   715.18
  225.91,   475.29,   599.41
  224.60,   473.33,   724.39
  223.30,   471.37,   849.37
  226.89,   600.27,   601.38
  225.59,   598.31,   726.36
  224.28,   596.35,   851.34
  227.88,   725.25,   603.35
  226.57,   723.29,   728.33
  225.27,   721.33,   853.31
  350.90,   474.28,   600.70
  349.59,   472.32,   725.68
  348.29,   470.37,   850.66
  351.88,   599.26,   602.67
  350.58,   597.31,   727.65
  349.27,   595.35,   852.63
  352.87,   724.24,   604.64
  351.56,   722.29,   729.62
  350.26,   720.33,   854.59
  475.89,   473.28,   601.99
  474.58,   471.32,   726.97
  473.28,   469.36,   851.95
  476.87,   598.26,   603.96
  475.57,   596.30,   728.94
  474.26,   594.34,   853.92
  477.86,   723.24,   605.93
  476.55,   721.28,   730.91
  475.25,   719.32,   855.88
  224.10,   598.37,    99.96
  226.40,   596.35,   224.92
  228.70,   594.33,   349.89
  223.27,   723.35,   102.00
  225.57,   721.33,   226.96
  227.86,   719.31,   351.92
  222.44,   848.33,   104.04
  224.73,   846.31,   229.00
  227.03,   844.29,   353.96
  349.08,   599.24,    97.68
  351.37,   597.22,   222.64
  353.67,   595.20,   347.60
  348.24,   724.22,    99.71
  350.54,   722.20,   224.68
  352.84,   720.18,   349.64
  347.41,   849.20,   101.75
  349.71,   847.18,   226.71
  352.01,   845.16,   351.68
  474.05,   600.11,    95.39
  476.35,   598.09,   220.35
  478.65,   596.07,   345.32
  473.22,   725.09,    97.43
  475.52,   723.07,   222.39
  477.82,   721.05,   347.35
  472.39,   850.07,    99.47
  474.69,   848.05,   224.43
  476.98,   846.03,   349.39
  223.01,   598.12,   224.01
  223.17,   599.65,   349.00
  223.33,   601.18,   473.99
  221.44,   723.10,   222.48
  221.60,   724.63,   347.47
  221.76,   726.17,   472.46
  219.87,   848.08,   220.95
  220.03,   849.61,   345.94
  220.20,   851.15,   470.93
  348.00,   599.69,   223.83
  348.16,   601.22,   348.82
  348.32,   602.75,   473.81
  346.43,   724.67,   222.30
  346.59,   726.20,   347.29
  346.75,   727.73,   472.28
  344.86,   849.65,   220.77
  345.02,   851.18,   345.76
  345.19,   852.71,   470.75
  472.99,   601.25,   223.65
  473.15,   602.79,   348.64
  473.31,   604.32,   473.63
  471.42,   726.24,   222.12
  471.58,   727.77,   347.11
  471.74,   729.30,   472.10
  469.85,   851.22,   220.59
  470.01,   852.75,   345.58
  470.18,   854.28,   470.57
  226.10,   599.47,   350.32
  223.90,   596.64,   475.27
  221.70,   593.80,   600.21
  223.61,   724.42,   353.11
  221.41,   721.58,   478.06
  219.21,   718.75,   603.00
  221.12,   849.36,   355.90
  218.92,   846.53,   480.85
  216.72,   843.69,   605.80
  351.06,   601.92,   352.57
  348.86,   599.08,   477.52
  346.66,   596.25,   602.47
  348.56,   726.86,   355.36
  346.36,   724.03,   480.31
  344.17,   721.19,   605.26
  346.07,   851.80,   358.15
  343.87,   848.97,   483.10
  341.67,   846.13,   608.05
  476.01,   604.36,   354.83
  473.81,   601.52,   479.77
  471.61,   598.69,   604.72
  473.52,   729.30,   357.62
  471.32,   726.47,   482.57
  469.12,   723.63,   607.51
  471.03,   854.25,   360.41
  468.83,   851.41,   485.36
  466.63,   848.58,   610.31
  223.86,   598.19,   475.49
  225.75,   597.07,   600.47
  227.64,   595.95,   725.45
  222.56,   723.18,   476.63
  224.45,   722.06,   601.61
  226.35,   720.94,   726.59
  221.26,   848.16,   477.77
  223.15,   847.05,   602.75
  225.05,   845.93,   727.73
  348.83,   599.50,   473.61
  350.73,   598.39,   598.59
  352.62,   597.27,   723.57
  347.54,   724.49,   474.75
  349.43,   723.37,   599.73
  351.32,   722.25,   724.71
  346.24,   849.48,   475.89
  348.13,   848.36,   600.87
  350.03,   847.24,   725.85
  473.81,   600.82,   471.73
  475.71,   599.70,   596.71
  477.60,   598.58,   721.69
  472.51,   725.81,   472.86
  474.41,   724.69,   597.84
  476.30,   723.57,   722.83
  471.22,   850.80,   474.00
  473.11,   849.68,   598.98
  475.00,   848.56,   723.96
  224.92,   598.03,   599.26
  227.05,   597.64,   724.24
  229.17,   597.25,   849.22
  227.60,   723.00,   599.60
  229.73,   722.61,   724.58
  231.85,   722.22,   849.56
  230.28,   847.97,   599.94
  232.41,   847.58,   724.92
  234.54,   847.19,   849.90
  349.87,   595.35,   597.12
  352.00,   594.96,   722.10
  354.13,   594.58,   847.08
  352.55,   720.32,   597.46
  354.68,   719.93,   722.44
  356.81,   719.55,   847.43
  355.24,   845.29,   597.81
  357.36,   844.91,   722.79
  359.49,   844.52,   847.77
  474.83,   592.68,   594.99
  476.95,   592.29,   719.97
  479.08,   591.90,   844.95
  477.51,   717.65,   595.33
  479.63,   717.26,   720.31
  481.76,   716.87,   845.29
  480.19,   842.62,   595.67
  482.31,   842.23,   720.65
  484.44,   841.84,   845.63
  351.63,    99.42,   101.13
  350.31,    98.96,   226.12
  348.98,    98.49,   351.11
  351.90,   224.42,   101.60
  350.58,   223.95,   226.59
  349.25,   223.49,   351.58
  352.17,   349.42,   102.07
  350.85,   348.95,   227.06
  349.52,   348.49,   352.05
  476.63,    99.15,   102.46
  475.30,    98.68,   227.45
  473.98,    98.21,   352.44
  476.90,   224.15,   102.92
  475.57,   223.68,   227.92
  474.24,   223.21,   352.91
  477.17,   349.14,   103.39
  475.84,   348.68,   228.39
  474.51,   348.21,   353.38
  601.62,    98.87,   103.78
  600.29,    98.41,   228.77
  598.97,    97.94,   353.76
  601.89,   223.87,   104.25
  600.56,   223.41,   229.24
  599.24,   222.94,   354.23
  602.16,   348.87,   104.72
  600.83,   348.40,   229.71
  599.51,   347.94,   354.70
  348.76,    98.56,   224.74
  348.77,   102.20,   349.69
  348.78,   105.84,   474.64
  351.78,   223.47,   221.10
  351.79,   227.11,   346.05
  351.80,   230.75,   470.99
  354.80,   348.38,   217.46
  354.81,   352.02,   342.40
  354.82,   355.66,   467.35
  473.72,    95.54,   224.82
  473.73,    99.18,   349.77
  473.74,   102.83,   474.71
  476.74,   220.45,   221.18
  476.75,   224.09,   346.12
  476.76,   227.74,   471.07
  479.76,   345.36,   217.53
  479.77,   349.00,   342.48
  479.78,   352.65,   467.43
  598.69,    92.52,   224.90
  598.70,    96.16,   349.85
  598.71,    99.81,   474.79
  601.70,   217.43,   221.26
  601.71,   221.08,   346.20
  601.72,   224.72,   471.15
  604.72,   342.34,   217.61
  604.73,   345.99,   342.56
  604.74,   349.63,   467.51
  350.49,   101.23,   349.71
  352.43,   104.84,   474.64
  354.38,   108.45,   599.57
  351.60,   226.17,   346.08
  353.54,   229.78,   471.01
  355.49,   233.39,   595.95
  352.71,   351.11,   342.45
  354.65,   354.72,   467.39
  356.60,   358.33,   592.32
  475.47,   100.06,   347.79
  477.41,   103.67,   472.73
  479.36,   107.28,   597.66
  476.58,   225.00,   344.17
  478.52,   228.61,   469.10
  480.47,   232.22,   594.03
  477.69,   349.95,   340.54
  479.63,   353.56,   465.47
  481.58,   357.17,   590.40
  600.45,    98.90,   345.88
  602.39,   102.51,   470.81
  604.34,   106.12,   595.74
  601.56,   223.84,   342.25
  603.50,   227.45,   467.18
  605.45,   231.06,   592.12
  602.66,   348.78,   338.62
  604.61,   352.39,   463.56
  606.56,   356.00,   588.49
  348.38,    98.64,   473.05
  346.98,    96.22,   598.02
  345.57,    93.79,   722.98
  346.79,   223.60,   475.45
  345.38,   221.18,   600.42
  343.97,   218.76,   725.39
  345.19,   348.57,   477.85
  343.78,   346.15,   602.82
  342.38,   343.73,   727.79
  473.36,   100.20,   474.48
  471.96,    97.78,   599.45
  470.55,    95.36,   724.42
  471.77,   225.17,   476.88
  470.36,   222.75,   601.85
  468.96,   220.33,   726.82
  470.17,   350.14,   479.29
  468.76,   347.72,   604.26
  467.36,   345.30,   729.22
  598.35,   101.77,   475.92
  596.94,    99.35,   600.89
  595.54,    96.93,   725.86
  596.75,   226.74,   478.32
  595.34,   224.32,   603.29
  593.94,   221.90,   728.26
  595.15,   351.71,   480.72
  593.75,   349.29,   605.69
  592.34,   346.87,   730.66
  350.05,   100.96,   598.50
  346.57,   102.17,   723.44
  343.10,   103.37,   848.39
  350.14,   225.96,   597.30
  346.67,   227.16,   722.24
  343.19,   228.37,   847.19
  350.24,   350.95,   596.09
  346.76,   352.16,   721.04
  343.28,   353.36,   845.98
  475.00,   100.90,   601.97
  471.52,   102.11,   726.92
  468.05,   103.31,   851.87
  475.09,   225.90,   600.77
  471.62,   227.10,   725.72
  468.14,   228.31,   850.66
  475.19,   350.89,   599.57
  471.71,   352.10,   724.52
  468.23,   353.30,   849.46
  599.95,   100.84,   605.45
  596.48,   102.05,   730.40
  593.00,   103.25,   855.34
  600.05,   225.84,   604.25
  596.57,   227.04,   729.20
  593.09,   228.25,   854.14
  600.14,   350.83,   603.05
  596.66,   352.04,   727.99
  593.19,   353.24,   852.94
  348.21,   226.29,   100.73
  346.93,   227.95,   225.72
  345.66,   229.60,   350.70
  346.46,   351.27,    99.06
  345.18,   352.92,   224.04
  343.91,   354.58,   349.03
  344.71,   476.24,    97.39
  343.43,   477.90,   222.37
  342.15,   479.56,   347.35
  473.19,   228.06,   101.99
  471.92,   229.72,   226.97
  470.64,   231.37,   351.95
  471.44,   353.04,   100.32
  470.16,   354.69,   225.30
  468.89,   356.35,   350.28
  469.69,   478.01,    98.64
  468.41,   479.67,   223.62
  467.14,   481.33,   348.61
  598.17,   229.83,   103.24
  596.90,   231.48,   228.23
  595.62,   233.14,   353.21
  596.42,   354.80,   101.57
  595.15,   356.46,   226.55
  593.87,   358.12,   351.53
  594.67,   479.78,    99.90
  593.39,   481.44,   224.88
  592.12,   483.09,   349.86
  349.16,   223.26,   224.75
  352.27,   220.97,   349.69
  355.39,   218.69,   474.63
  349.31,   348.23,   227.03
  352.43,   345.95,   351.97
  355.54,   343.67,   476.91
  349.47,   473.21,   229.31
  352.58,   470.93,   354.25
  355.70,   468.65,   479.19
  474.12,   223.16,   221.63
  477.23,   220.88,   346.57
  480.35,   218.59,   471.51
  474.27,   348.14,   223.91
  477.39,   345.85,   348.85
  480.50,   343.57,   473.79
  474.43,   473.12,   226.19
  477.54,   470.83,   351.13
  480.66,   468.55,   476.07
  599.08,   223.06,   218.52
  602.20,   220.78,   343.46
  605.31,   218.50,   468.40
  599.24,   348.04,   220.80
  602.35,   345.76,   345.74
  605.46,   343.48,   470.68
  599.39,   473.02,   223.07
  602.50,   470.74,   348.01
  605.62,   468.45,   472.95
  351.52,   225.99,   351.24
  349.88,   225.00,   476.22
  348.24,   224.01,   601.21
  350.59,   350.98,   352.22
  348.95,   349.99,   477.20
  347.31,   349.00,   602.19
  349.65,   475.97,   353.20
  348.01,   474.98,   478.18
  346.37,   473.99,   603.17
  476.50,   226.91,   352.88
  474.87,   225.92,   477.87
  473.23,   224.93,   602.85
  475.57,   351.90,   353.86
  473.93,   350.91,   478.85
  472.29,   349.92,   603.83
  474.64,   476.90,   354.84
  473.00,   475.90,   479.83
  471.36,   474.91,   604.81
  601.49,   227.83,   354.53
  599.85,   226.84,   479.52
  598.21,   225.85,   604.50
  600.56,   352.82,   355.51
  598.92,   351.83,   480.49
  597.28,   350.84,   605.48
  599.62,   477.82,   356.49
  597.98,   476.82,   481.47
  596.35,   475.83,   606.46
  349.35,   223.51,   474.33
  350.95,   220.89,   599.29
  352.56,   218.26,   724.26
  346.30,   348.45,   477.00
  347.90,   345.82,   601.96
  349.51,   343.20,   726.92
  343.25,   473.38,   479.66
  344.86,   470.76,   604.63
  346.46,   468.13,   729.59
  474.30,   226.60,   472.80
  475.91,   223.97,   597.76
  477.51,   221.34,   722.72
  471.25,   351.53,   475.46
  472.86,   348.90,   600.42
  474.46,   346.28,   725.38
  468.21,   476.46,   478.13
  469.81,   473.84,   603.09
  471.41,   471.21,   728.05
  599.26,   229.68,   471.26
  600.86,   227.05,   596.22
  602.46,   224.43,   721.18
  596.21,   354.61,   473.92
  597.81,   351.99,   598.88
  599.41,   349.36,   723.85
  593.16,   479.55,   476.59
  594.76,   476.92,   601.55
  596.36,   474.29,   726.51
  348.75,   226.07,   598.09
  346.82,   224.08,   723.06
  344.90,   222.09,   848.03
  347.10,   351.05,   600.05
  345.18,   349.05,   725.02
  343.25,   347.06,   849.99
  345.45,   476.02,   602.02
  343.53,   474.03,   726.99
  341.61,   472.04,   851.96
  473.72,   227.69,   600.04
  471.80,   225.70,   725.01
  469.88,   223.71,   849.98
  472.07,   352.66,   602.00
  470.15,   350.67,   726.97
  468.23,   348.68,   851.94
  470.42,   477.64,   603.97
  468.50,   475.65,   728.94
  466.58,   473.65,   853.91
  598.70,   229.31,   601.98
  596.77,   227.32,   726.95
  594.85,   225.32,   851.92
  597.05,   354.28,   603.95
  595.13,   352.29,   728.92
  593.20,   350.30,   853.89
  595.40,   479.25,   605.92
  593.48,   477.26,   730.89
  591.55,   475.27,   855.86
  349.68,   348.43,    99.28
  352.85,   348.54,   224.24
  356.02,   348.66,   349.20
  350.01,   473.43,    99.16
  353.17,   473.54,   224.12
  356.34,   473.66,   349.08
  350.33,   598.43,    99.03
  353.50,   598.54,   223.99
  356.67,   598.66,   348.95
  474.64,   348.10,    96.11
  477.81,   348.21,   221.07
  480.98,   348.33,   346.03
  474.96,   473.10,    95.99
  478.13,   473.21,   220.95
  481.30,   473.33,   345.91
  475.29,   598.10,    95.87
  478.46,   598.21,   220.83
  481.63,   598.33,   345.79
  599.60,   347.77,    92.94
  602.77,   347.89,   217.90
  605.94,   348.00,   342.86
  599.92,   472.77,    92.82
  603.09,   472.89,   217.78
  606.26,   473.00,   342.74
  600.25,   597.77,    92.70
  603.42,   597.88,   217.66
  606.59,   598.00,   342.62
  351.38,   350.31,   225.60
  348.33,   350.04,   350.56
  345.28,   349.77,   475.52
  348.71,   475.29,   225.80
  345.66,   475.01,   350.76
  342.60,   474.74,   475.73
  346.03,   600.26,   226.01
  342.98,   599.99,   350.97
  339.93,   599.71,   475.93
  476.32,   352.98,   228.65
  473.26,   352.71,   353.61
  470.21,   352.44,   478.58
  473.64,   477.95,   228.86
  470.59,   477.68,   353.82
  467.54,   477.41,   478.78
  470.97,   602.92,   229.06
  467.92,   602.65,   354.03
  464.86,   602.38,   478.99
  601.25,   355.65,   231.71
  598.20,   355.38,   356.67
  595.14,   355.11,   481.63
  598.58,   480.62,   231.92
  595.52,   480.35,   356.88
  592.47,   480.08,   481.84
  595.90,   605.59,   232.12
  592.85,   605.32,   357.08
  589.80,   605.05,   482.05
  350.84,   350.59,   351.14
  347.11,   347.71,   476.05
  343.37,   344.83,   600.96
  350.03,   475.55,   353.99
  346.29,   472.68,   478.90
  342.55,   469.80,   603.82
  349.21,   600.52,   356.85
  345.47,   597.64,   481.76
  341.74,   594.76,   606.67
  475.78,   351.32,   354.89
  472.05,   348.44,   479.81
  468.31,   345.57,   604.72
  474.97,   476.28,   357.75
  471.23,   473.41,   482.66
  467.50,   470.53,   607.57
  474.15,   601.25,   360.60
  470.41,   598.37,   485.51
  466.68,   595.50,   610.42
  600.73,   352.05,   358.65
  596.99,   349.17,   483.56
  593.26,   346.30,   608.47
  599.91,   477.01,   361.50
  596.17,   474.14,   486.41
  592.44,   471.26,   611.32
  599.09,   601.98,   364.35
  595.36,   599.10,   489.26
  591.62,   596.23,   614.18
  351.52,   351.87,   474.38
  351.68,   351.66,   599.38
  351.83,   351.44,   724.38
  349.62,   476.86,   474.60
  349.78,   476.64,   599.60
  349.94,   476.42,   724.60
  347.72,   601.84,   474.82
  347.88,   601.63,   599.82
  348.04,   601.41,   724.82
  476.51,   353.77,   474.22
  476.66,   353.56,   599.22
  476.82,   353.34,   724.22
  474.61,   478.76,   474.44
  474.76,   478.54,   599.44
  474.92,   478.32,   724.44
  472.71,   603.74,   474.66
  472.86,   603.53,   599.66
  473.02,   603.31,   724.66
  601.49,   355.67,   474.07
  601.65,   355.46,   599.07
  601.81,   355.24,   724.07
  599.59,   480.66,   474.29
  599.75,   480.44,   599.29
  599.91,   480.22,   724.29
  597.69,   605.64,   474.51
  597.85,   605.43,   599.51
  598.01,   605.21,   724.51
  351.17,   348.86,   601.18
  353.90,   347.05,   726.13
  356.63,   345.25,   851.09
  348.89,   473.83,   603.04
  351.62,   472.02,   727.99
  354.35,   470.21,   852.95
  346.61,   598.79,   604.89
  349.34,   596.99,   729.85
  352.07,   595.18,   854.81
  476.12,   351.18,   598.48
  478.85,   349.37,   723.44
  481.58,   347.56,   848.40
  473.84,   476.15,   600.34
  476.57,   474.34,   725.30
  479.30,   472.53,   850.26
  471.56,   601.11,   602.20
  474.29,   599.30,   727.16
  477.02,   597.49,   852.11
  601.07,   353.50,   595.79
  603.80,   351.69,   720.75
  606.52,   349.88,   845.70
  598.79,   478.47,   597.65
  601.52,   476.66,   722.60
  604.25,   474.85,   847.56
  596.51,   603.43,   599.51
  599.24,   601.62,   724.46
  601.97,   599.81,   849.42
  350.10,   475.15,   101.30
  350.93,   471.55,   226.24
  351.75,   467.96,   351.19
  350.56,   600.09,   104.89
  351.39,   596.50,   229.83
  352.21,   592.91,   354.78
  351.02,   725.04,   108.48
  351.85,   721.45,   233.43
  352.67,   717.85,   358.37
  475.10,   474.71,   100.46
  475.92,   471.12,   225.41
  476.75,   467.52,   350.35
  475.56,   599.66,   104.05
  476.38,   596.06,   229.00
  477.21,   592.47,   353.94
  476.02,   724.60,   107.64
  476.84,   721.01,   232.59
  477.67,   717.42,   357.53
  600.09,   474.27,    99.62
  600.92,   470.68,   224.57
  601.74,   467.09,   349.51
  600.55,   599.22,   103.21
  601.38,   595.63,   228.16
  602.21,   592.03,   353.10
  601.01,   724.17,   106.80
  601.84,   720.57,   231.75
  602.67,   716.98,   356.69
  348.72,   473.35,   223.90
  345.84,   474.41,   348.86
  342.97,   475.48,   473.82
  345.79,   598.31,   222.77
  342.91,   599.37,   347.73
  340.04,   600.44,   472.69
  342.85,   723.27,   221.64
  339.98,   724.34,   346.60
  337.10,   725.40,   471.56
  473.65,   476.31,   226.75
  470.78,   477.37,   351.71
  467.90,   478.43,   476.67
  470.72,   601.27,   225.62
  467.84,   602.33,   350.58
  464.97,   603.40,   475.54
  467.79,   726.23,   224.49
  464.91,   727.29,   349.45
  462.03,   728.36,   474.41
  598.59,   479.27,   229.60
  595.71,   480.33,   354.56
  592.83,   481.39,   479.52
  595.65,   604.23,   228.47
  592.78,   605.29,   353.43
  589.90,   606.35,   478.39
  592.72,   729.19,   227.34
  589.84,   730.25,   352.30
  586.97,   731.31,   477.26
  348.16,   473.64,   349.38
  347.41,   476.29,   474.35
  346.66,   478.95,   599.32
  351.23,   598.57,   346.75
  350.48,   601.23,   471.72
  349.73,   603.88,   596.69
  354.29,   723.51,   344.11
  353.54,   726.16,   469.08
  352.79,   728.82,   594.05
  473.12,   470.59,   350.20
  472.37,   473.24,   475.17
  471.62,   475.90,   600.14
  476.19,   595.52,   347.56
  475.44,   598.18,   472.53
  474.69,   600.83,   597.50
  479.25,   720.46,   344.93
  478.50,   723.11,   469.90
  477.75,   725.77,   594.87
  598.08,   467.54,   351.02
  597.33,   470.19,   475.99
  596.58,   472.85,   600.96
  601.15,   592.47,   348.38
  600.40,   595.13,   473.35
  599.65,   597.78,   598.32
  604.21,   717.41,   345.74
  603.46,   720.06,   470.71
  602.71,   722.72,   595.68
  349.88,   475.56,   475.69
  348.18,   473.52,   600.66
  346.47,   471.47,   725.64
  346.77,   600.50,   477.69
  345.06,   598.46,   602.66
  343.35,   596.42,   727.64
  343.65,   725.45,   479.69
  341.94,   723.41,   604.66
  340.24,   721.36,   729.64
  474.83,   478.65,   477.45
  473.13,   476.60,   602.42
  471.42,   474.56,   727.39
  471.72,   603.59,   479.45
  470.01,   601.55,   604.42
  468.30,   599.51,   729.39
  468.60,   728.54,   481.45
  466.89,   726.49,   606.42
  465.18,   724.45,   731.39
  599.78,   481.73,   479.21
  598.07,   479.69,   604.18
  596.37,   477.65,   729.15
  596.67,   606.68,   481.21
  594.96,   604.64,   606.18
  593.25,   602.59,   731.15
  593.55,   731.63,   483.21
  591.84,   729.58,   608.18
  590.13,   727.54,   733.15
  351.46,   473.50,   600.77
  353.35,   469.77,   725.70
  355.25,   466.04,   850.63
  349.81,   598.43,   604.53
  351.71,   594.70,   729.46
  353.61,   590.97,   854.39
  348.17,   723.37,   608.28
  350.07,   719.63,   733.21
  351.97,   715.90,   858.14
  476.43,   475.20,   598.92
  478.33,   471.47,   723.85
  480.23,   467.73,   848.78
  474.79,   600.13,   602.68
  476.69,   596.40,   727.61
  478.58,   592.67,   852.54
  473.15,   725.06,   606.44
  475.04,   721.33,   731.37
  476.94,   717.60,   856.30
  601.41,   476.90,   597.07
  603.30,   473.16,   722.00
  605.20,   469.43,   846.93
  599.76,   601.83,   600.83
  601.66,   598.10,   725.76
  603.56,   594.37,   850.69
  598.12,   726.76,   604.59
  600.02,   723.03,   729.52
  601.92,   719.30,   854.45
  349.45,   600.83,    99.97
  350.94,   598.06,   224.93
  352.43,   595.30,   349.89
  352.54,   725.76,   102.69
  354.03,   722.99,   227.65
  355.52,   720.23,   352.62
  355.63,   850.69,   105.42
  357.12,   847.93,   230.38
  358.61,   845.16,   355.34
  474.40,   597.77,    98.41
  475.89,   595.01,   223.37
  477.39,   592.24,   348.33
  477.49,   722.70,   101.14
  478.98,   719.94,   226.10
  480.47,   717.18,   351.06
  480.58,   847.64,   103.86
  482.07,   844.87,   228.82
  483.56,   842.11,   353.78
  599.36,   594.72,    96.85
  600.85,   591.95,   221.81
  602.34,   589.19,   346.77
  602.44,   719.65,    99.58
  603.94,   716.88,   224.54
  605.43,   714.12,   349.50
  605.53,   844.58,   102.30
  607.02,   841.82,   227.26
  608.52,   839.05,   352.22
  350.09,   598.80,   223.33
  348.47,   600.21,   348.32
  346.85,   601.62,   473.30
  348.00,   723.77,   221.89
  346.39,   725.19,   346.88
  344.77,   726.60,   471.86
  345.92,   848.75,   220.45
  344.30,   850.16,   345.44
  342.68,   851.57,   470.42
  475.06,   600.90,   224.93
  473.44,   602.31,   349.91
  471.82,   603.73,   474.89
  472.98,   725.88,   223.49
  471.36,   727.29,   348.47
  469.74,   728.70,   473.45
  470.89,   850.85,   222.05
  469.27,   852.26,   347.03
  467.65,   853.68,   472.01
  600.03,   603.00,   226.52
  598.41,   604.42,   351.51
  596.80,   605.83,   476.49
  597.95,   727.98,   225.08
  596.33,   729.39,   350.07
  594.71,   730.80,   475.05
  595.86,   852.95,   223.64
  594.25,   854.37,   348.63
  592.63,   855.78,   473.61
  348.53,   601.50,   350.08
  346.99,   600.81,   475.07
  345.45,   600.11,   600.06
  351.34,   726.47,   350.82
  349.80,   725.77,   475.80
  348.26,   725.07,   600.79
  354.15,   851.44,   351.55
  352.61,   850.74,   476.54
  351.07,   850.04,   601.52
  473.48,   598.68,   351.61
  471.94,   597.98,   476.60
  470.40,   597.29,   601.58
  476.30,   723.65,   352.34
  474.76,   722.95,   477.33
  473.22,   722.25,   602.32
  479.11,   848.61,   353.07
  477.57,   847.92,   478.06
  476.03,   847.22,   603.05
  598.44,   595.86,   353.13
  596.90,   595.16,   478.12
  595.36,   594.46,   603.11
  601.26,   720.83,   353.86
  599.72,   720.13,   478.85
  598.18,   719.43,   603.84
  604.07,   845.79,   354.60
  602.53,   845.09,   479.58
  600.99,   844.40,   604.57
  351.41,   600.49,   475.44
  354.95,   597.92,   600.36
  358.50,   595.34,   725.29
  347.80,   725.41,   478.11
  351.35,   722.84,   603.04
  354.90,   720.26,   727.96
  344.19,   850.33,   480.79
  347.74,   847.75,   605.71
  351.29,   845.18,   730.64
  476.30,   604.17,   471.97
  479.85,   601.60,   596.89
  483.40,   599.02,   721.81
  472.70,   729.09,   474.64
  476.25,   726.52,   599.57
  479.79,   723.94,   724.49
  469.09,   854.01,   477.32
  472.64,   851.43,   602.24
  476.19,   848.86,   727.16
  601.20,   607.85,   468.49
  604.75,   605.28,   593.42
  608.30,   602.70,   718.34
  597.59,   732.77,   471.17
  601.14,   730.20,   596.09
  604.69,   727.62,   721.02
  593.99,   857.69,   473.85
  597.54,   855.11,   598.77
  601.09,   852.54,   723.69
  348.21,   600.64,   599.16
  351.45,   601.66,   724.11
  354.68,   602.67,   849.06
  347.09,   725.63,   598.17
  350.32,   726.65,   723.12
  353.56,   727.66,   848.08
  345.97,   850.63,   597.18
  349.20,   851.64,   722.14
  352.43,   852.66,   847.09
  473.17,   601.74,   595.91
  476.40,   602.76,   720.87
  479.63,   603.77,   845.82
  472.04,   726.73,   594.93
  475.28,   727.75,   719.88
  478.51,   728.76,   844.84
  470.92,   851.72,   593.94
  474.15,   852.74,   718.90
  477.38,   853.75,   843.85
  598.12,   602.84,   592.67
  601.35,   603.86,   717.63
  604.59,   604.87,   842.58
  597.00,   727.83,   591.69
  600.23,   728.85,   716.64
  603.46,   729.86,   841.59
  595.87,   852.82,   590.70
  599.10,   853.84,   715.65
  602.34,   854.85,   840.61
  475.20,   101.60,    99.75
  471.88,   102.63,   224.70
  468.56,   103.66,   349.65
  474.24,   226.59,    98.70
  470.92,   227.62,   223.65
  467.60,   228.65,   348.60
  473.29,   351.58,    97.64
  469.97,   352.61,   222.59
  466.64,   353.64,   347.54
  600.15,   102.58,   103.06
  596.83,   103.61,   228.01
  593.51,   104.64,   352.97
  599.19,   227.57,   102.01
  595.87,   228.60,   226.96
  592.55,   229.63,   351.91
  598.24,   352.56,   100.95
  594.92,   353.59,   225.90
  591.60,   354.62,   350.86
  725.10,   103.56,   106.38
  721.78,   104.59,   231.33
  718.46,   105.62,   356.28
  724.15,   228.56,   105.32
  720.83,   229.58,   230.27
  717.50,   230.61,   355.22
  723.19,   353.55,   104.27
  719.87,   354.58,   229.22
  716.55,   355.61,   354.17
  476.00,   101.96,   223.01
  475.09,    98.57,   347.96
  474.19,    95.19,   472.91
  473.70,   226.89,   226.38
  472.79,   223.51,   351.33
  471.89,   220.12,   476.28
  471.40,   351.83,   229.75
  470.50,   348.44,   354.70
  469.59,   345.06,   479.65
  600.98,   104.23,   223.98
  600.07,   100.85,   348.93
  599.16,    97.46,   473.88
  598.68,   229.17,   227.35
  597.77,   225.78,   352.30
  596.86,   222.40,   477.25
  596.38,   354.10,   230.72
  595.47,   350.72,   355.67
  594.56,   347.33,   480.62
  725.95,   106.51,   224.95
  725.05,   103.12,   349.90
  724.14,    99.74,   474.85
  723.65,   231.44,   228.32
  722.75,   228.06,   353.27
  721.84,   224.67,   478.22
  721.35,   356.38,   231.69
  720.45,   352.99,   356.64
  719.54,   349.60,   481.59
  475.79,    99.68,   350.57
  473.56,   102.62,   475.51
  471.33,   105.56,   600.46
  473.57,   224.63,   347.59
  471.34,   227.57,   472.53
  469.11,   230.51,   597.48
  471.35,   349.57,   344.61
  469.12,   352.51,   469.55
  466.89,   355.45,   594.50
  600.75,   101.96,   352.75
  598.52,   104.90,   477.69
  596.29,   107.84,   602.64
  598.53,   226.90,   349.77
  596.30,   229.84,   474.71
  594.07,   232.78,   599.66
  596.31,   351.85,   346.79
  594.08,   354.79,   471.73
  591.85,   357.73,   596.68
  725.71,   104.23,   354.93
  723.48,   107.17,   479.87
  721.25,   110.11,   604.82
  723.49,   229.18,   351.95
  721.26,   232.12,   476.89
  719.03,   235.06,   601.84
  721.27,   354.12,   348.97
  719.04,   357.06,   473.91
  716.81,   360.00,   598.86
  476.99,    98.45,   475.89
  480.73,    99.63,   600.82
  484.47,   100.80,   725.76
  479.09,   223.43,   474.65
  482.83,   224.60,   599.59
  486.57,   225.78,   724.52
  481.19,   348.40,   473.41
  484.93,   349.58,   598.35
  488.67,   350.75,   723.29
  601.92,    96.32,   472.16
  605.66,    97.49,   597.10
  609.40,    98.67,   722.04
  604.02,   221.29,   470.93
  607.76,   222.47,   595.87
  611.50,   223.64,   720.80
  606.12,   346.27,   469.69
  609.86,   347.44,   594.63
  613.60,   348.62,   719.57
  726.85,    94.18,   468.44
  730.59,    95.36,   593.38
  734.33,    96.53,   718.32
  728.94,   219.16,   467.21
  732.68,   220.33,   592.14
  736.43,   221.51,   717.08
  731.04,   344.14,   465.97
  734.78,   345.31,   590.91
  738.52,   346.49,   715.85
  473.47,    99.36,   599.08
  474.36,   101.64,   724.06
  475.24,   103.91,   849.03
  471.49,   224.32,   596.82
  472.38,   226.60,   721.79
  473.26,   228.87,   846.77
  469.51,   349.29,   594.56
  470.39,   351.56,   719.53
  471.28,   353.84,   844.51
  598.46,   101.32,   598.16
  599.34,   103.60,   723.14
  600.22,   105.87,   848.11
  596.47,   226.29,   595.90
  597.36,   228.56,   720.88
  598.24,   230.84,   845.85
  594.49,   351.25,   593.64
  595.38,   353.53,   718.62
  596.26,   355.80,   843.59
  723.44,   103.29,   597.24
  724.32,   105.56,   722.22
  725.20,   107.84,   847.19
  721.46,   228.25,   594.98
  722.34,   230.53,   719.96
  723.22,   232.80,   844.93
  719.47,   353.22,   592.72
  720.36,   355.49,   717.70
  721.24,   357.77,   842.67
  476.95,   223.51,   101.49
  473.48,   222.45,   226.44
  470.01,   221.39,   351.39
  474.48,   348.48,   102.48
  471.01,   347.42,   227.43
  467.54,   346.36,   352.38
  472.01,   473.45,   103.47
  468.54,   472.39,   228.42
  465.07,   471.33,   353.37
  601.88,   225.95,   104.98
  598.41,   224.89,   229.93
  594.94,   223.83,   354.88
  599.41,   350.92,   105.97
  595.94,   349.86,   230.92
  592.47,   348.80,   355.87
  596.93,   475.89,   106.96
  593.46,   474.83,   231.91
  589.99,   473.77,   356.86
  726.81,   228.39,   108.47
  723.33,   227.33,   233.42
  719.86,   226.27,   358.37
  724.33,   353.36,   109.46
  720.86,   352.31,   234.41
  717.39,   351.25,   359.36
  721.86,   478.34,   110.45
  718.39,   477.28,   235.40
  714.92,   476.22,   360.35
  476.48,   226.26,   223.41
  476.41,   227.86,   348.40
  476.34,   229.46,   473.39
  479.68,   351.21,   221.81
  479.61,   352.81,   346.80
  479.54,   354.41,   471.79
  482.87,   476.16,   220.22
  482.80,   477.76,   345.21
  482.73,   479.35,   470.20
  601.44,   223.07,   223.52
  601.37,   224.66,   348.51
  601.30,   226.26,   473.50
  604.64,   348.02,   221.92
  604.57,   349.61,   346.91
  604.50,   351.21,   471.90
  607.83,   472.97,   220.33
  607.76,   474.56,   345.32
  607.69,   476.16,   470.31
  726.40,   219.87,   223.63
  726.33,   221.47,   348.62
  726.26,   223.07,   473.61
  729.60,   344.82,   222.04
  729.53,   346.42,   347.03
  729.46,   348.02,   472.02
  732.79,   469.77,   220.44
  732.72,   471.37,   345.43
  732.65,   472.97,   470.42
  473.22,   225.26,   351.65
  472.97,   223.33,   476.63
  472.72,   221.40,   601.62
  470.97,   350.22,   353.57
  470.72,   348.30,   478.56
  470.46,   346.37,   603.54
  468.71,   475.19,   355.50
  468.46,   473.26,   480.48
  468.21,   471.33,   605.47
  598.20,   227.51,   351.94
  597.95,   225.58,   476.92
  597.70,   223.66,   601.91
  595.95,   352.48,   353.86
  595.69,   350.55,   478.85
  595.44,   348.62,   603.83
  593.69,   477.44,   355.78
  593.44,   475.51,   480.77
  593.19,   473.59,   605.75
  723.18,   229.77,   352.22
  722.93,   227.84,   477.21
  722.68,   225.91,   602.19
  720.93,   354.73,   354.15
  720.67,   352.80,   479.13
  720.42,   350.87,   604.12
  718.67,   479.70,   356.07
  718.42,   477.77,   481.06
  718.16,   475.84,   606.04
  473.04,   223.82,   473.19
  470.11,   226.98,   598.12
  467.19,   230.13,   723.04
  473.87,   348.78,   470.06
  470.95,   351.93,   594.99
  468.02,   355.08,   719.91
  474.70,   473.74,   466.93
  471.78,   476.89,   591.85
  468.86,   480.04,   716.78
  598.00,   223.06,   476.13
  595.08,   226.22,   601.06
  592.15,   229.37,   725.99
  598.83,   348.02,   473.00
  595.91,   351.17,   597.93
  592.99,   354.33,   722.85
  599.66,   472.98,   469.87
  596.74,   476.13,   594.80
  593.82,   479.28,   719.72
  722.96,   222.31,   479.08
  720.04,   225.46,   604.00
  717.12,   228.61,   728.93
  723.79,   347.26,   475.94
  720.87,   350.41,   600.87
  717.95,   353.57,   725.80
  724.63,   472.22,   472.81
  721.70,   475.37,   597.74
  718.78,   478.52,   722.66
  474.33,   223.02,   600.08
  471.08,   224.32,   725.03
  467.83,   225.61,   849.98
  476.12,   348.01,   598.83
  472.87,   349.30,   723.78
  469.62,   350.59,   848.73
  477.91,   472.99,   597.58
  474.66,   474.28,   722.53
  471.42,   475.58,   847.48
  599.27,   221.27,   603.34
  596.03,   222.56,   728.29
  592.78,   223.86,   853.24
  601.07,   346.25,   602.09
  597.82,   347.54,   727.04
  594.57,   348.84,   852.00
  602.86,   471.23,   600.85
  599.61,   472.52,   725.80
  596.36,   473.82,   850.75
  724.22,   219.51,   606.61
  720.97,   220.80,   731.56
  717.72,   222.10,   856.51
  726.01,   344.49,   605.36
  722.76,   345.78,   730.31
  719.51,   347.08,   855.26
  727.80,   469.47,   604.11
  724.55,   470.76,   729.06
  721.30,   472.06,   854.01
  473.55,   349.81,    99.64
  475.72,   347.19,   224.59
  477.88,   344.56,   349.55
  470.64,   474.75,   102.31
  472.81,   472.13,   227.27
  474.98,   469.50,   352.22
  467.74,   599.69,   104.99
  469.91,   597.06,   229.94
  472.08,   594.44,   354.90
  598.50,   352.76,    97.53
  600.66,   350.14,   222.49
  602.83,   347.51,   347.44
  595.59,   477.70,   100.21
  597.76,   475.07,   225.16
  599.93,   472.45,   350.12
  592.69,   602.64,   102.88
  594.86,   600.01,   227.84
  597.03,   597.39,   352.79
  723.44,   355.71,    95.43
  725.61,   353.09,   220.38
  727.78,   350.46,   345.33
  720.54,   480.65,    98.10
  722.71,   478.02,   223.06
  724.88,   475.40,   348.01
  717.64,   605.59,   100.78
  719.80,   602.96,   225.73
  721.97,   600.34,   350.68
  476.36,   350.93,   225.98
  479.53,   349.00,   350.93
  482.71,   347.07,   475.87
  473.04,   475.87,   228.00
  476.22,   473.94,   352.94
  479.39,   472.01,   477.89
  469.72,   600.81,   230.01
  472.90,   598.88,   354.95
  476.07,   596.95,   479.90
  601.27,   354.30,   222.86
  604.45,   352.37,   347.80
  607.63,   350.44,   472.75
  597.96,   479.24,   224.87
  601.13,   477.31,   349.82
  604.31,   475.38,   474.76
  594.64,   604.17,   226.89
  597.81,   602.25,   351.83
  600.99,   600.32,   476.78
  726.19,   357.66,   219.74
  729.37,   355.73,   344.68
  732.54,   353.81,   469.63
  722.87,   482.60,   221.75
  726.05,   480.67,   346.69
  729.22,   478.75,   471.64
  719.55,   607.54,   223.76
  722.73,   605.61,   348.71
  725.91,   603.69,   473.65
  475.20,   349.23,   351.08
  474.92,   350.19,   476.08
  474.63,   351.15,   601.07
  477.22,   474.21,   350.12
  476.94,   475.17,   475.12
  476.65,   476.13,   600.12
  479.24,   599.19,   349.17
  478.95,   600.15,   474.16
  478.67,   601.11,   599.16
  600.19,   347.21,   351.38
  599.90,   348.17,   476.38
  599.61,   349.13,   601.37
  602.21,   472.19,   350.43
  601.92,   473.15,   475.42
  601.63,   474.11,   600.42
  604.22,   597.17,   349.47
  603.94,   598.13,   474.47
  603.65,   599.09,   599.46
  725.17,   345.19,   351.69
  724.88,   346.15,   476.68
  724.60,   347.11,   601.68
  727.19,   470.17,   350.73
  726.90,   471.13,   475.73
  726.61,   472.09,   600.72
  729.21,   595.15,   349.77
  728.92,   596.11,   474.77
  728.63,   597.07,   599.77
  474.00,   350.59,   474.33
  473.59,   353.42,   599.30
  473.17,   356.24,   724.27
  477.69,   475.50,   471.52
  477.28,   478.33,   596.48
  476.87,   481.16,   721.45
  481.39,   600.42,   468.70
  480.97,   603.24,   593.67
  480.56,   606.07,   718.64
  598.95,   346.91,   474.83
  598.53,   349.73,   599.79
  598.12,   352.56,   724.76
  602.64,   471.82,   472.01
  602.22,   474.65,   596.98
  601.81,   477.47,   721.95
  606.33,   596.73,   469.20
  605.92,   599.56,   594.17
  605.50,   602.39,   719.13
  723.89,   343.22,   475.32
  723.48,   346.05,   600.29
  723.06,   348.88,   725.26
  727.58,   468.14,   472.51
  727.17,   470.96,   597.48
  726.76,   473.79,   722.44
  731.28,   593.05,   469.70
  730.86,   595.88,   594.66
  730.45,   598.71,   719.63
  473.30,   349.86,   599.03
  474.20,   348.47,   724.01
  475.10,   347.09,   849.00
  472.58,   474.85,   600.42
  473.48,   473.46,   725.41
  474.38,   472.08,   850.40
  471.86,   599.84,   601.81
  472.76,   598.45,   726.80
  473.66,   597.07,   851.79
  598.30,   350.59,   598.13
  599.20,   349.20,   723.12
  600.10,   347.82,   848.11
  597.58,   475.58,   599.53
  598.47,   474.19,   724.52
  599.37,   472.81,   849.50
  596.85,   600.57,   600.92
  597.75,   599.18,   725.91
  598.65,   597.80,   850.90
  723.29,   351.32,   597.24
  724.19,   349.93,   722.23
  725.09,   348.55,   847.22
  722.57,   476.31,   598.63
  723.47,   474.93,   723.62
  724.37,   473.54,   848.61
  721.85,   601.30,   600.03
  722.75,   599.92,   725.02
  723.65,   598.53,   850.01
  474.72,   474.78,    98.18
  475.02,   475.69,   223.17
  475.32,   476.60,   348.17
  477.77,   599.74,    97.26
  478.07,   600.65,   222.26
  478.37,   601.56,   347.25
  480.83,   724.70,    96.35
  481.12,   725.61,   221.34
  481.42,   726.52,   346.34
  599.68,   471.73,    97.90
  599.98,   472.64,   222.90
  600.28,   473.55,   347.89
  602.74,   596.69,    96.99
  603.03,   597.60,   221.98
  603.33,   598.51,   346.98
  605.79,   721.65,    96.07
  606.09,   722.56,   221.07
  606.38,   723.47,   346.06
  724.65,   468.68,    97.63
  724.94,   469.59,   222.62
  725.24,   470.49,   347.62
  727.70,   593.64,    96.71
  728.00,   594.54,   221.71
  728.29,   595.45,   346.70
  730.75,   718.60,    95.80
  731.05,   719.50,   220.79
  731.35,   720.41,   345.79
  473.18,   475.45,   223.37
  469.59,   475.16,   348.32
  466.00,   474.87,   473.26
  474.27,   600.45,   223.69
  470.68,   600.16,   348.64
  467.09,   599.86,   473.59
  475.37,   725.44,   224.02
  471.78,   725.15,   348.96
  468.19,   724.86,   473.91
  598.13,   474.35,   226.95
  594.54,   474.06,   351.90
  590.95,   473.77,   476.85
  599.22,   599.35,   227.28
  595.63,   599.05,   352.23
  592.04,   598.76,   477.17
  600.31,   724.34,   227.60
  596.72,   724.05,   352.55
  593.13,   723.76,   477.50
  723.07,   473.25,   230.54
  719.48,   472.96,   355.49
  715.89,   472.67,   480.44
  724.16,   598.25,   230.87
  720.57,   597.95,   355.81
  716.98,   597.66,   480.76
  725.25,   723.24,   231.19
  721.66,   722.95,   356.14
  718.07,   722.66,   481.09
  475.70,   475.56,   349.31
  473.77,   475.10,   474.29
  471.84,   474.64,   599.28
  472.78,   600.52,   349.73
  470.86,   600.06,   474.71
  468.93,   599.60,   599.69
  469.87,   725.49,   350.14
  467.94,   725.03,   475.13
  466.02,   724.57,   600.11
  600.65,   478.47,   351.24
  598.72,   478.00,   476.23
  596.80,   477.54,   601.21
  597.73,   603.43,   351.66
  595.81,   602.97,   476.65
  593.88,   602.51,   601.63
  594.82,   728.40,   352.08
  592.89,   727.94,   477.06
  590.97,   727.47,   602.05
  725.60,   481.37,   353.18
  723.67,   480.91,   478.16
  721.75,   480.45,   603.15
  722.68,   606.34,   353.60
  720.76,   605.88,   478.58
  718.83,   605.42,   603.57
  719.77,   731.30,   354.01
  717.84,   730.84,   479.00
  715.92,   730.38,   603.98
  476.78,   476.09,   473.04
  476.05,   472.36,   597.98
  475.31,   468.63,   722.92
  477.27,   601.03,   476.77
  476.53,   597.31,   601.71
  475.79,   593.58,   726.65
  477.75,   725.98,   480.50
  477.01,   722.25,   605.44
  476.27,   718.52,   730.38
  601.78,   475.59,   473.76
  601.04,   471.86,   598.70
  600.31,   468.13,   723.64
  602.26,   600.53,   477.49
  601.53,   596.80,   602.43
  600.79,   593.07,   727.38
  602.75,   725.47,   481.22
  602.01,   721.74,   606.16
  601.27,   718.02,   731.11
  726.78,   475.08,   474.48
  726.04,   471.35,   599.42
  725.30,   467.63,   724.37
  727.26,   600.02,   478.21
  726.52,   596.30,   603.16
  725.79,   592.57,   728.10
  727.74,   724.97,   481.94
  727.01,   721.24,   606.89
  726.27,   717.51,   731.83
  474.47,   476.51,   599.85
  473.47,   473.82,   724.82
  472.48,   471.13,   849.79
  471.97,   601.46,   602.53
  470.98,   598.77,   727.49
  469.98,   596.07,   852.46
  469.47,   726.41,   605.20
  468.48,   723.71,   730.17
  467.48,   721.02,   855.13
  599.44,   478.99,   600.90
  598.45,   476.30,   725.87
  597.45,   473.60,   850.84
  596.94,   603.94,   603.58
  595.95,   601.24,   728.54
  594.95,   598.55,   853.51
  594.44,   728.88,   606.25
  593.45,   726.19,   731.22
  592.45,   723.50,   856.18
  724.41,   481.47,   601.95
  723.42,   478.77,   726.92
  722.42,   476.08,   851.89
  721.91,   606.41,   604.63
  720.92,   603.72,   729.59
  719.92,   601.03,   854.56
  719.42,   731.36,   607.30
  718.42,   728.67,   732.27
  717.42,   725.97,   857.23
  474.86,   601.08,   100.45
  472.52,   601.35,   225.42
  470.18,   601.61,   350.40
  478.28,   726.04,   100.25
  475.94,   726.30,   225.23
  473.60,   726.56,   350.20
  481.70,   850.99,   100.05
  479.36,   851.25,   225.03
  477.02,   851.51,   350.01
  599.80,   597.67,   102.80
  597.45,   597.93,   227.77
  595.11,   598.19,   352.75
  603.21,   722.62,   102.60
  600.87,   722.88,   227.58
  598.53,   723.15,   352.55
  606.63,   847.58,   102.40
  604.29,   847.84,   227.38
  601.95,   848.10,   352.36
  724.73,   594.25,   105.15
  722.38,   594.52,   230.12
  720.04,   594.78,   355.10
  728.15,   719.21,   104.95
  725.80,   719.47,   229.93
  723.46,   719.73,   354.90
  731.56,   844.16,   104.75
  729.22,   844.42,   229.73
  726.88,   844.68,   354.71
  473.64,   601.16,   223.20
  474.89,   601.64,   348.19
  476.15,   602.12,   473.18
  475.27,   726.15,   222.70
  476.52,   726.63,   347.70
  477.78,   727.11,   472.69
  476.90,   851.14,   222.21
  478.15,   851.62,   347.20
  479.41,   852.09,   472.20
  598.62,   599.53,   221.95
  599.88,   600.00,   346.94
  601.13,   600.48,   471.93
  600.25,   724.51,   221.45
  601.51,   724.99,   346.45
  602.76,   725.47,   471.44
  601.88,   849.50,   220.96
  603.14,   849.98,   345.95
  604.39,   850.46,   470.95
  723.60,   597.89,   220.70
  724.86,   598.37,   345.69
  726.12,   598.85,   470.68
  725.23,   722.88,   220.20
  726.49,   723.36,   345.20
  727.75,   723.84,   470.19
  726.86,   847.87,   219.71
  728.12,   848.35,   344.70
  729.37,   848.82,   469.70
  475.46,   598.49,   351.11
  476.12,   596.22,   476.09
  476.79,   593.94,   601.07
  475.34,   723.47,   353.39
  476.01,   721.20,   478.37
  476.68,   718.92,   603.34
  475.23,   848.45,   355.66
  475.90,   846.18,   480.64
  476.56,   843.90,   605.62
  600.46,   598.62,   350.45
  601.12,   596.34,   475.43
  601.79,   594.07,   600.40
  600.34,   723.60,   352.72
  601.01,   721.32,   477.70
  601.67,   719.05,   602.68
  600.23,   848.58,   355.00
  600.89,   846.30,   479.98
  601.56,   844.03,   604.95
  725.45,   598.74,   349.78
  726.12,   596.47,   474.76
  726.79,   594.20,   599.74
  725.34,   723.72,   352.06
  726.01,   721.45,   477.04
  726.67,   719.17,   602.01
  725.23,   848.70,   354.34
  725.89,   846.43,   479.31
  726.56,   844.15,   604.29
  474.31,   599.79,   475.78
  476.86,   599.57,   600.75
  479.41,   599.35,   725.73
  474.42,   724.79,   475.99
  476.97,   724.57,   600.97
  479.53,   724.35,   725.94
  474.53,   849.79,   476.21
  477.08,   849.57,   601.18
  479.64,   849.35,   726.16
  599.28,   599.68,   473.23
  601.84,   599.46,   598.20
  604.39,   599.24,   723.17
  599.40,   724.68,   473.44
  601.95,   724.46,   598.41
  604.50,   724.24,   723.39
  599.51,   849.68,   473.66
  602.06,   849.46,   598.63
  604.61,   849.24,   723.60
  724.26,   599.57,   470.67
  726.81,   599.36,   595.65
  729.36,   599.14,   720.62
  724.37,   724.57,   470.89
  726.92,   724.35,   595.86
  729.47,   724.14,   720.84
  724.48,   849.57,   471.10
  727.03,   849.35,   596.08
  729.58,   849.14,   721.05
  473.81,   598.56,   599.00
  471.47,   601.75,   723.94
  469.14,   604.95,   848.88
  473.03,   723.52,   595.79
  470.69,   726.71,   720.73
  468.36,   729.90,   845.67
  472.25,   848.47,   592.58
  469.91,   851.66,   717.52
  467.58,   854.86,   842.46
  598.78,   599.40,   601.31
  596.45,   602.59,   726.25
  594.12,   605.79,   851.19
  598.00,   724.36,   598.11
  595.67,   727.55,   723.04
  593.33,   730.74,   847.98
  597.22,   849.31,   594.90
  594.89,   852.51,   719.84
  592.55,   855.70,   844.77
  723.76,   600.24,   603.63
  721.43,   603.43,   728.57
  719.09,   606.63,   853.50
  722.98,   725.20,   600.42
  720.64,   728.39,   725.36
  718.31,   731.58,   850.29
  722.20,   850.15,   597.21
  719.86,   853.35,   722.15
  717.53,   856.54,   847.09
  598.72,    98.54,   101.96
  596.36,   100.65,   226.92
  594.01,   102.76,   351.88
  599.81,   223.52,    99.87
  597.45,   225.63,   224.83
  595.10,   227.74,   349.79
  600.90,   348.50,    97.79
  598.54,   350.61,   222.75
  596.19,   352.72,   347.71
  723.69,    97.49,   104.33
  721.33,    99.60,   229.29
  718.98,   101.71,   354.25
  724.78,   222.47,   102.25
  722.43,   224.58,   227.21
  720.07,   226.69,   352.17
  725.87,   347.45,   100.16
  723.52,   349.56,   225.12
  721.16,   351.66,   350.08
  848.66,    96.44,   106.71
  846.31,    98.55,   231.67
  843.95,   100.66,   356.63
  849.75,   221.42,   104.62
  847.40,   223.53,   229.58
  845.04,   225.63,   354.54
  850.85,   346.40,   102.53
  848.49,   348.50,   227.49
  846.14,   350.61,   352.45
  599.51,    99.50,   224.88
  597.30,    97.36,   349.84
  595.09,    95.21,   474.80
  597.19,   224.46,   226.99
  594.98,   222.32,   351.95
  592.77,   220.17,   476.91
  594.86,   349.42,   229.09
  592.65,   347.28,   354.05
  590.45,   345.13,   479.01
  724.47,   101.79,   227.13
  722.26,    99.64,   352.09
  720.05,    97.49,   477.05
  722.15,   226.75,   229.23
  719.94,   224.60,   354.20
  717.73,   222.46,   479.16
  719.82,   351.71,   231.34
  717.61,   349.56,   356.30
  715.40,   347.42,   481.26
  849.43,   104.07,   229.38
  847.22,   101.93,   354.34
  845.01,    99.78,   479.30
  847.10,   229.03,   231.48
  844.90,   226.89,   356.44
  842.69,   224.74,   481.41
  844.78,   353.99,   233.59
  842.57,   351.85,   358.55
  840.36,   349.70,   483.51
  601.29,    99.22,   348.32
  601.92,    95.73,   473.27
  602.55,    92.24,   598.22
  597.81,   224.12,   351.82
  598.44,   220.63,   476.77
  599.06,   217.15,   601.72
  594.32,   349.02,   355.33
  594.95,   345.54,   480.28
  595.58,   342.05,   605.23
  726.24,   102.72,   347.79
  726.87,    99.23,   472.74
  727.50,    95.75,   597.69
  722.76,   227.62,   351.29
  723.39,   224.13,   476.24
  724.01,   220.65,   601.19
  719.27,   352.52,   354.80
  719.90,   349.04,   479.75
  720.53,   345.55,   604.70
  851.19,   106.22,   347.26
  851.82,   102.73,   472.21
  852.45,    99.25,   597.16
  847.71,   231.12,   350.76
  848.34,   227.64,   475.71
  848.96,   224.15,   600.66
  844.22,   356.03,   354.27
  844.85,   352.54,   479.21
  845.48,   349.05,   604.16
  598.49,    99.83,   473.68
  597.51,   102.13,   598.65
  596.52,   104.43,   723.63
  601.33,   224.77,   471.40
  600.34,   227.08,   596.37
  599.36,   229.38,   721.35
  604.17,   349.72,   469.12
  603.18,   352.02,   594.09
  602.19,   354.33,   719.07
  723.46,    97.01,   474.72
  722.47,    99.31,   599.69
  721.48,   101.62,   724.67
  726.29,   221.96,   472.44
  725.31,   224.26,   597.41
  724.32,   226.56,   722.39
  729.13,   346.90,   470.16
  728.14,   349.21,   595.13
  727.16,   351.51,   720.11
  848.42,    94.19,   475.75
  847.43,    96.49,   600.73
  846.45,    98.80,   725.70
  851.26,   219.14,   473.47
  850.27,   221.44,   598.45
  849.29,   223.74,   723.42
  854.09,   344.09,   471.19
  853.11,   346.39,   596.17
  852.12,   348.69,   721.14
  598.09,   101.75,   600.50
  599.80,   101.14,   725.49
  601.51,   100.54,   850.47
  595.43,   226.72,   601.14
  597.14,   226.11,   726.13
  598.85,   225.51,   851.11
  592.77,   351.69,   601.78
  594.48,   351.08,   726.77
  596.19,   350.48,   851.76
  723.05,   104.41,   598.80
  724.76,   103.81,   723.79
  726.47,   103.20,   848.78
  720.39,   229.38,   599.44
  722.10,   228.78,   724.43
  723.81,   228.17,   849.42
  717.73,   354.35,   600.09
  719.44,   353.75,   725.07
  721.15,   353.14,   850.06
  848.01,   107.08,   597.11
  849.72,   106.47,   722.09
  851.43,   105.87,   847.08
  845.35,   232.05,   597.75
  847.06,   231.44,   722.74
  848.77,   230.84,   847.72
  842.69,   357.02,   598.39
  844.40,   356.41,   723.38
  846.11,   355.81,   848.36
  600.80,   224.56,    98.29
  603.18,   228.27,   223.21
  605.56,   231.97,   348.14
  597.87,   349.47,    94.64
  600.25,   353.18,   219.56
  602.63,   356.89,   344.49
  594.93,   474.38,    90.99
  597.32,   478.09,   215.91
  599.70,   481.80,   340.83
  725.74,   227.42,    95.83
  728.13,   231.13,   220.75
  730.51,   234.84,   345.67
  722.81,   352.33,    92.17
  725.19,   356.04,   217.10
  727.57,   359.75,   342.02
  719.88,   477.25,    88.52
  722.26,   480.95,   213.45
  724.64,   484.66,   338.37
  850.69,   230.28,    93.36
  853.07,   233.99,   218.28
  855.45,   237.70,   343.20
  847.75,   355.20,    89.71
  850.13,   358.90,   214.63
  852.52,   362.61,   339.55
  844.82,   480.11,    86.06
  847.20,   483.82,   210.98
  849.58,   487.52,   335.90
  599.32,   226.88,   224.02
  601.75,   229.92,   348.96
  604.18,   232.97,   473.90
  599.12,   351.84,   220.98
  601.55,   354.89,   345.92
  603.98,   357.93,   470.85
  598.92,   476.80,   217.93
  601.35,   479.85,   342.87
  603.78,   482.90,   467.81
  724.30,   227.02,   221.59
  726.73,   230.06,   346.53
  729.15,   233.11,   471.47
  724.10,   351.98,   218.55
  726.53,   355.03,   343.49
  728.95,   358.07,   468.42
  723.90,   476.94,   215.50
  726.33,   479.99,   340.44
  728.75,   483.04,   465.38
  849.28,   227.16,   219.16
  851.70,   230.20,   344.10
  854.13,   233.25,   469.04
  849.08,   352.12,   216.12
  851.50,   355.17,   341.05
  853.93,   358.21,   465.99
  848.88,   477.08,   213.07
  851.30,   480.13,   338.01
  853.73,   483.18,   462.95
  600.81,   224.76,   349.31
  600.08,   227.39,   474.28
  599.35,   230.02,   599.25
  601.82,   349.73,   346.68
  601.09,   352.36,   471.65
  600.36,   354.99,   596.62
  602.83,   474.70,   344.06
  602.10,   477.33,   469.03
  601.37,   479.96,   594.00
  725.81,   223.77,   350.06
  725.08,   226.40,   475.03
  724.35,   229.03,   600.00
  726.82,   348.74,   347.43
  726.09,   351.37,   472.40
  725.36,   354.00,   597.37
  727.83,   473.70,   344.81
  727.10,   476.33,   469.78
  726.37,   478.97,   594.75
  850.80,   222.77,   350.81
  850.07,   225.40,   475.78
  849.34,   228.03,   600.75
  851.81,   347.74,   348.18
  851.08,   350.37,   473.15
  850.35,   353.00,   598.12
  852.82,   472.71,   345.56
  852.09,   475.34,   470.53
  851.36,   477.97,   595.50
  599.06,   226.28,   474.80
  602.76,   222.60,   599.69
  606.46,   218.93,   724.58
  595.54,   351.17,   478.58
  599.24,   347.50,   603.47
  602.94,   343.82,   728.36
  592.01,   476.07,   482.36
  595.71,   472.39,   607.25
  599.41,   468.71,   732.14
  723.96,   229.91,   471.20
  727.66,   226.24,   596.09
  731.36,   222.56,   720.98
  720.43,   354.81,   474.98
  724.13,   351.13,   599.87
  727.83,   347.45,   724.77
  716.91,   479.70,   478.77
  720.61,   476.02,   603.66
  724.31,   472.35,   728.55
  848.85,   233.55,   467.61
  852.55,   229.87,   592.50
  856.25,   226.19,   717.39
  845.33,   358.44,   471.39
  849.03,   354.76,   596.28
  852.73,   351.08,   721.17
  841.80,   483.33,   475.17
  845.51,   479.65,   600.06
  849.21,   475.98,   724.95
  599.19,   225.50,   600.63
  599.09,   225.27,   725.63
  598.99,   225.03,   850.63
  599.54,   350.50,   600.86
  599.44,   350.26,   725.86
  599.34,   350.03,   850.86
  599.90,   475.50,   601.10
  599.80,   475.26,   726.10
  599.70,   475.03,   851.10
  724.19,   225.14,   600.73
  724.09,   224.91,   725.73
  723.99,   224.68,   850.73
  724.54,   350.14,   600.96
  724.44,   349.91,   725.96
  724.34,   349.68,   850.96
  724.90,   475.14,   601.20
  724.80,   474.91,   726.20
  724.70,   474.67,   851.20
  849.18,   224.79,   600.83
  849.09,   224.55,   725.83
  848.99,   224.32,   850.83
  849.54,   349.79,   601.06
  849.44,   349.55,   726.06
  849.34,   349.32,   851.06
  849.90,   474.79,   601.30
  849.80,   474.55,   726.30
  849.70,   474.32,   851.30
  599.91,   349.66,    99.19
  602.44,   346.73,   224.13
  604.98,   343.80,   349.07
  598.56,   474.62,   102.15
  601.09,   471.69,   227.09
  603.63,   468.76,   352.03
  597.21,   599.58,   105.11
  599.75,   596.65,   230.05
  602.28,   593.72,   354.99
  724.87,   351.07,    96.69
  727.41,   348.14,   221.63
  729.94,   345.21,   346.57
  723.53,   476.03,    99.65
  726.06,   473.10,   224.59
  728.60,   470.17,   349.53
  722.18,   600.99,   102.61
  724.71,   598.06,   227.55
  727.25,   595.12,   352.49
  849.84,   352.48,    94.19
  852.38,   349.55,   219.13
  854.91,   346.62,   344.07
  848.49,   477.44,    97.15
  851.03,   474.51,   222.09
  853.56,   471.57,   347.03
  847.15,   602.39,   100.11
  849.68,   599.46,   225.05
  852.21,   596.53,   349.99
  599.48,   350.76,   223.71
  598.89,   350.89,   348.71
  598.30,   351.02,   473.71
  599.13,   475.76,   223.58
  598.54,   475.89,   348.58
  597.95,   476.02,   473.58
  598.78,   600.76,   223.45
  598.19,   600.89,   348.45
  597.59,   601.02,   473.45
  724.48,   351.12,   224.30
  723.89,   351.24,   349.30
  723.29,   351.37,   474.30
  724.13,   476.12,   224.18
  723.54,   476.24,   349.17
  722.94,   476.37,   474.17
  723.78,   601.11,   224.05
  723.19,   601.24,   349.05
  722.59,   601.37,   474.04
  849.48,   351.47,   224.90
  848.89,   351.59,   349.90
  848.29,   351.72,   474.89
  849.13,   476.47,   224.77
  848.54,   476.59,   349.77
  847.94,   476.72,   474.77
  848.78,   601.47,   224.64
  848.18,   601.59,   349.64
  847.59,   601.72,   474.64
  600.35,   349.55,   348.19
  601.12,   352.13,   473.16
  601.89,   354.70,   598.13
  601.30,   474.52,   345.60
  602.07,   477.10,   470.57
  602.85,   479.67,   595.54
  602.26,   599.49,   343.02
  603.03,   602.07,   467.99
  603.80,   604.64,   592.96
  725.34,   348.58,   347.43
  726.11,   351.16,   472.40
  726.89,   353.73,   597.37
  726.30,   473.55,   344.85
  727.07,   476.13,   469.82
  727.84,   478.70,   594.79
  727.25,   598.52,   342.27
  728.02,   601.10,   467.24
  728.80,   603.67,   592.21
  850.33,   347.61,   346.68
  851.11,   350.18,   471.65
  851.88,   352.76,   596.62
  851.29,   472.58,   344.10
  852.06,   475.15,   469.07
  852.84,   477.73,   594.04
  852.25,   597.55,   341.51
  853.02,   600.12,   466.48
  853.79,   602.70,   591.45
  602.00,   348.74,   475.76
  603.72,   345.00,   600.70
  605.44,   341.27,   725.63
  601.46,   473.68,   479.51
  603.18,   469.94,   604.44
  604.90,   466.21,   729.37
  600.92,   598.62,   483.25
  602.64,   594.89,   608.18
  604.36,   591.15,   733.12
  726.99,   349.33,   474.06
  728.71,   345.59,   598.99
  730.43,   341.86,   723.93
  726.44,   474.27,   477.80
  728.16,   470.54,   602.74
  729.88,   466.80,   727.67
  725.90,   599.21,   481.55
  727.62,   595.48,   606.48
  729.34,   591.74,   731.41
  851.97,   349.92,   472.36
  853.69,   346.19,   597.29
  855.41,   342.45,   722.22
  851.43,   474.86,   476.10
  853.15,   471.13,   601.03
  854.87,   467.39,   725.97
  850.89,   599.81,   479.85
  852.61,   596.07,   604.78
  854.33,   592.34,   729.71
  599.30,   348.35,   600.29
  600.36,   346.65,   725.27
  601.42,   344.94,   850.25
  596.63,   473.31,   602.01
  597.69,   471.61,   727.00
  598.76,   469.90,   851.98
  593.97,   598.27,   603.74
  595.03,   596.57,   728.72
  596.09,   594.86,   853.71
  724.27,   351.03,   599.26
  725.33,   349.33,   724.25
  726.39,   347.62,   849.23
  721.60,   475.99,   600.99
  722.66,   474.29,   725.97
  723.72,   472.58,   850.96
  718.93,   600.95,   602.71
  719.99,   599.25,   727.70
  721.05,   597.54,   852.68
  849.23,   353.71,   598.24
  850.30,   352.01,   723.22
  851.36,   350.30,   848.21
  846.57,   478.67,   599.96
  847.63,   476.97,   724.95
  848.69,   475.26,   849.93
  843.90,   603.63,   601.69
  844.96,   601.93,   726.67
  846.02,   600.22,   851.66
  600.77,   474.66,    99.27
  601.58,   478.13,   224.22
  602.38,   481.61,   349.16
  600.89,   599.61,    95.79
  601.70,   603.08,   220.74
  602.50,   606.56,   345.69
  601.01,   724.56,    92.31
  601.82,   728.03,   217.26
  602.62,   731.51,   342.21
  725.77,   474.51,    98.47
  726.58,   477.99,   223.41
  727.38,   481.46,   348.36
  725.89,   599.46,    94.99
  726.70,   602.94,   219.94
  727.50,   606.42,   344.89
  726.01,   724.42,    91.51
  726.82,   727.89,   216.46
  727.62,   731.37,   341.41
  850.77,   474.37,    97.66
  851.57,   477.85,   222.61
  852.38,   481.32,   347.56
  850.89,   599.32,    94.19
  851.69,   602.80,   219.14
  852.50,   606.27,   344.09
  851.01,   724.27,    90.71
  851.81,   727.75,   215.66
  852.62,   731.22,   340.61
  601.14,   475.90,   226.58
  603.49,   473.06,   351.52
  605.85,   470.22,   476.47
  599.31,   600.85,   229.45
  601.66,   598.01,   354.39
  604.01,   595.18,   479.34
  597.47,   725.81,   232.32
  599.82,   722.97,   357.27
  602.17,   720.13,   482.21
  726.11,   477.79,   224.27
  728.46,   474.95,   349.21
  730.81,   472.11,   474.16
  724.27,   602.74,   227.14
  726.62,   599.91,   352.09
  728.97,   597.07,   477.03
  722.43,   727.70,   230.01
  724.78,   724.86,   354.96
  727.13,   722.02,   479.90
  851.07,   479.68,   221.96
  853.42,   476.84,   346.91
  855.77,   474.01,   471.85
  849.23,   604.63,   224.83
  851.59,   601.80,   349.78
  853.94,   598.96,   474.72
  847.40,   729.59,   227.70
  849.75,   726.75,   352.65
  852.10,   723.91,   477.60
  599.26,   476.06,   348.21
  595.87,   473.52,   473.14
  592.48,   470.97,   598.07
  597.93,   601.03,   350.72
  594.54,   598.48,   475.65
  591.15,   595.94,   600.58
  596.59,   726.00,   353.24
  593.21,   723.45,   478.16
  589.82,   720.90,   603.09
  724.20,   477.33,   351.63
  720.82,   474.78,   476.56
  717.43,   472.23,   601.48
  722.87,   602.29,   354.14
  719.48,   599.75,   479.07
  716.09,   597.20,   604.00
  721.54,   727.26,   356.65
  718.15,   724.71,   481.58
  714.76,   722.17,   606.51
  849.15,   478.59,   355.04
  845.76,   476.04,   479.97
  842.37,   473.49,   604.90
  847.82,   603.56,   357.55
  844.43,   601.01,   482.48
  841.04,   598.46,   607.41
  846.49,   728.52,   360.07
  843.10,   725.98,   485.00
  839.71,   723.43,   609.92
  601.83,   475.51,   476.25
  605.56,   473.73,   601.18
  609.30,   471.95,   726.11
  599.41,   600.47,   478.10
  603.15,   598.69,   603.03
  606.89,   596.91,   727.96
  597.00,   725.43,   479.95
  600.73,   723.66,   604.88
  604.47,   721.88,   729.82
  726.75,   477.98,   472.55
  730.48,   476.20,   597.48
  734.22,   474.42,   722.41
  724.33,   602.94,   474.40
  728.07,   601.16,   599.33
  731.81,   599.38,   724.26
  721.92,   727.90,   476.25
  725.65,   726.12,   601.18
  729.39,   724.35,   726.11
  851.67,   480.45,   468.85
  855.41,   478.67,   593.78
  859.14,   476.89,   718.71
  849.25,   605.41,   470.70
  852.99,   603.63,   595.63
  856.73,   601.85,   720.56
  846.84,   730.37,   472.55
  850.57,   728.59,   597.48
  854.31,   726.82,   722.41
  599.12,   475.22,   601.54
  599.10,   478.50,   726.49
  599.07,   481.78,   851.45
  602.61,   600.13,   598.26
  602.59,   603.41,   723.22
  602.56,   606.69,   848.17
  606.10,   725.04,   594.98
  606.08,   728.32,   719.94
  606.05,   731.60,   844.89
  724.08,   471.73,   601.66
  724.05,   475.01,   726.61
  724.02,   478.29,   851.57
  727.57,   596.64,   598.38
  727.54,   599.92,   723.34
  727.51,   603.20,   848.29
  731.05,   721.55,   595.10
  731.03,   724.83,   720.06
  731.00,   728.11,   845.01
  849.03,   468.25,   601.78
  849.00,   471.53,   726.73
  848.97,   474.81,   851.69
  852.52,   593.15,   598.50
  852.49,   596.43,   723.46
  852.46,   599.72,   848.41
  856.01,   718.06,   595.22
  855.98,   721.34,   720.18
  855.95,   724.62,   845.13
  601.95,   601.93,    99.62
  603.51,   601.71,   224.61
  605.08,   601.48,   349.60
  599.70,   726.91,    99.87
  601.27,   726.69,   224.86
  602.84,   726.46,   349.85
  597.46,   851.89,   100.13
  599.03,   851.67,   225.12
  600.60,   851.44,   350.11
  726.92,   604.18,    98.06
  728.48,   603.95,   223.04
  730.05,   603.73,   348.03
  724.67,   729.16,    98.31
  726.24,   728.93,   223.30
  727.81,   728.71,   348.29
  722.43,   854.14,    98.56
  724.00,   853.91,   223.55
  725.57,   853.69,   348.54
  851.89,   606.42,    96.49
  853.45,   606.20,   221.48
  855.02,   605.98,   346.47
  849.64,   731.40,    96.74
  851.21,   731.18,   221.73
  852.78,   730.95,   346.72
  847.40,   856.38,    97.00
  848.97,   856.16,   221.99
  850.54,   855.93,   346.98
  599.63,   599.54,   223.10
  602.86,   599.57,   348.06
  606.09,   599.60,   473.01
  596.51,   724.50,   223.14
  599.74,   724.53,   348.10
  602.98,   724.56,   473.06
  593.39,   849.46,   223.19
  596.62,   849.49,   348.15
  599.86,   849.53,   473.11
  724.55,   602.66,   219.86
  727.78,   602.69,   344.82
  731.01,   602.72,   469.78
  721.43,   727.62,   219.91
  724.66,   727.65,   344.87
  727.90,   727.68,   469.83
  718.31,   852.58,   219.96
  721.54,   852.61,   344.92
  724.78,   852.64,   469.87
  849.46,   605.77,   216.63
  852.70,   605.81,   341.59
  855.93,   605.84,   466.55
  846.35,   730.73,   216.68
  849.58,   730.77,   341.63
  852.82,   730.80,   466.59
  843.23,   855.70,   216.72
  846.46,   855.73,   341.68
  849.70,   855.76,   466.64
  598.89,   600.68,   348.85
  601.12,   599.14,   473.82
  603.35,   597.61,   598.79
  601.67,   725.64,   350.34
  603.90,   724.10,   475.31
  606.13,   722.57,   600.28
  604.46,   850.60,   351.82
  606.69,   849.06,   476.79
  608.92,   847.53,   601.76
  723.84,   597.91,   346.59
  726.06,   596.38,   471.56
  728.29,   594.85,   596.53
  726.62,   722.88,   348.07
  728.85,   721.34,   473.04
  731.08,   719.81,   598.01
  729.41,   847.84,   349.56
  731.64,   846.30,   474.53
  733.87,   844.77,   599.50
  848.78,   595.15,   344.33
  851.01,   593.62,   469.30
  853.24,   592.09,   594.27
  851.57,   720.11,   345.81
  853.80,   718.58,   470.78
  856.03,   717.05,   595.75
  854.36,   845.07,   347.29
  856.59,   843.54,   472.26
  858.82,   842.01,   597.23
  601.25,   600.12,   475.56
  602.55,   599.14,   600.55
  603.86,   598.15,   725.54
  603.19,   725.10,   476.53
  604.49,   724.12,   601.52
  605.79,   723.13,   726.51
  605.13,   850.09,   477.50
  606.43,   849.10,   602.49
  607.73,   848.11,   727.48
  726.23,   598.20,   474.24
  727.53,   597.21,   599.23
  728.83,   596.22,   724.22
  728.17,   723.18,   475.21
  729.47,   722.19,   600.20
  730.77,   721.20,   725.19
  730.10,   848.16,   476.18
  731.41,   847.17,   601.17
  732.71,   846.18,   726.16
  851.21,   596.27,   472.93
  852.51,   595.28,   597.92
  853.81,   594.29,   722.91
  853.15,   721.25,   473.90
  854.45,   720.26,   598.88
  855.75,   719.27,   723.87
  855.08,   846.23,   474.86
  856.38,   845.24,   599.85
  857.69,   844.26,   724.84
  598.68,   601.64,   599.40
  595.03,   601.82,   724.35
  591.38,   602.00,   849.30
  597.02,   726.62,   599.17
  593.36,   726.81,   724.12
  589.71,   726.99,   849.07
  595.35,   851.61,   598.94
  591.69,   851.79,   723.89
  588.04,   851.98,   848.84
  723.62,   603.31,   603.06
  719.96,   603.49,   728.00
  716.31,   603.67,   852.95
  721.95,   728.30,   602.82
  718.30,   728.48,   727.77
  714.64,   728.66,   852.72
  720.28,   853.29,   602.59
  716.63,   853.47,   727.54
  712.98,   853.65,   852.49
  848.55,   604.98,   606.71
  844.90,   605.16,   731.65
  841.25,   605.35,   856.60
  846.89,   729.97,   606.48
  843.23,   730.15,   731.42
  839.58,   730.34,   856.37
  845.22,   854.96,   606.24
  841.57,   855.14,   731.19
  837.91,   855.32,   856.14
