27, 125, pa2-debug-f-output1.txt
  190.15,   194.88,   195.06
  396.69,   400.59,   208.58
  100.72,    99.78,   100.99
  101.72,   101.09,   226.57
  102.92,   102.88,   350.17
  103.22,   224.64,    99.76
  104.25,   226.59,   225.07
  103.96,   227.59,   348.93
  103.94,   348.92,    98.37
  105.71,   351.29,   223.14
  105.15,   353.49,   347.25
  225.50,    99.01,    98.98
  226.55,   100.24,   224.20
  227.79,   101.88,   349.02
  227.78,   223.89,    97.67
  228.88,   225.52,   222.77
  229.05,   226.60,   347.47
  228.41,   347.49,    96.44
  230.55,   349.40,   222.04
  230.10,   351.54,   345.32
  349.49,    97.08,    96.25
  350.48,    98.74,   220.92
  352.05,   100.86,   347.25
  350.17,   222.35,    94.39
  351.24,   223.79,   218.75
  353.96,   225.63,   345.00
  351.36,   347.04,    93.57
  352.97,   348.07,   218.57
  355.62,   350.15,   343.63
  100.47,    99.75,   227.21
   97.89,    99.19,   350.99
   95.08,    98.15,   475.71
   98.75,   224.95,   227.94
   94.63,   224.22,   351.96
   90.84,   223.01,   475.93
   95.95,   349.90,   227.95
   91.82,   349.79,   352.34
   88.68,   349.05,   476.53
  225.12,   103.07,   228.86
  222.63,   101.90,   353.88
  220.24,   101.21,   478.81
  223.52,   228.08,   229.57
  219.77,   226.72,   354.25
  216.14,   226.01,   478.85
  221.26,   351.82,   230.76
  216.99,   352.13,   354.30
  213.11,   352.04,   477.76
  348.97,   105.15,   229.44
  346.88,   105.19,   355.97
  344.55,   105.05,   481.74
  345.77,   230.12,   229.96
  344.73,   229.99,   355.63
  342.79,   229.39,   481.73
  343.66,   354.44,   231.77
  342.14,   354.37,   356.04
  340.32,   353.96,   481.17
  101.77,    99.84,   350.67
  105.02,   100.81,   475.25
  108.62,   101.83,   600.31
   98.20,   224.78,   349.65
  100.10,   225.40,   473.64
  104.13,   226.80,   598.59
   94.80,   350.38,   347.90
   96.90,   351.72,   472.06
  101.69,   352.99,   597.24
  226.41,   103.26,   347.46
  230.18,   104.71,   472.50
  234.08,   106.10,   597.52
  222.67,   228.09,   345.70
  225.58,   229.21,   470.55
  229.34,   230.24,   595.89
  219.49,   353.17,   343.88
  221.96,   355.08,   467.65
  226.36,   356.29,   593.01
  350.74,   107.09,   343.37
  354.39,   109.02,   469.15
  357.54,   110.60,   594.33
  347.66,   231.74,   341.19
  352.29,   233.39,   467.17
  355.20,   234.78,   593.02
  344.70,   356.33,   339.99
  348.79,   357.88,   465.03
  352.21,   359.63,   590.36
  101.18,    97.98,   473.49
   98.06,   100.97,   598.79
   95.20,   103.86,   724.04
  103.18,   222.69,   470.58
  100.69,   225.45,   595.08
  100.09,   229.14,   720.11
  107.04,   349.09,   467.07
  104.81,   351.73,   592.19
  104.89,   354.65,   718.15
  226.49,    95.18,   477.36
  223.52,    98.25,   602.67
  221.32,   101.05,   727.16
  228.81,   219.65,   474.29
  225.88,   222.21,   599.63
  224.38,   225.16,   724.64
  232.19,   345.23,   469.56
  229.77,   348.00,   594.89
  229.03,   350.58,   721.13
  350.15,    92.54,   481.15
  347.43,    95.87,   606.28
  344.21,    98.59,   730.52
  355.31,   217.02,   477.83
  351.25,   220.09,   603.56
  346.92,   222.33,   727.89
  359.29,   341.40,   473.82
  355.95,   344.74,   599.15
  351.76,   347.49,   724.67
   98.15,    98.90,   597.90
   96.49,   101.13,   723.27
   94.64,   104.22,   848.74
   94.48,   223.62,   594.56
   95.21,   226.96,   719.36
   94.57,   229.84,   845.04
   92.91,   349.94,   592.05
   93.77,   352.54,   717.70
   93.71,   355.45,   843.61
  223.46,   101.97,   600.09
  222.50,   104.73,   724.74
  220.78,   107.59,   849.57
  219.84,   226.33,   597.33
  219.71,   228.69,   722.31
  218.91,   231.90,   846.89
  217.67,   352.14,   592.58
  218.40,   354.25,   718.85
  217.58,   356.70,   843.98
  347.38,   105.85,   602.22
  345.55,   108.19,   726.67
  344.67,   110.39,   850.37
  345.32,   230.09,   599.57
  342.44,   232.35,   724.23
  341.10,   234.98,   848.00
  343.68,   354.83,   595.03
  341.68,   357.26,   720.59
  339.39,   359.96,   845.79
  102.07,   223.48,   100.00
  103.77,   226.76,   225.73
  104.26,   229.53,   349.30
   97.85,   347.57,    97.29
  100.47,   351.84,   221.97
  101.08,   355.18,   345.95
   93.33,   472.11,    94.30
   96.46,   476.56,   218.85
   97.78,   480.72,   342.41
  226.29,   227.32,    97.19
  228.23,   230.55,   222.47
  229.08,   232.83,   346.88
  222.66,   350.85,    94.51
  225.66,   354.19,   220.14
  225.72,   358.12,   343.34
  218.58,   475.30,    91.44
  221.38,   478.43,   217.22
  222.56,   483.37,   339.72
  348.45,   230.62,    93.19
  350.61,   232.99,   217.78
  353.94,   236.46,   343.69
  345.49,   354.96,    91.02
  347.78,   357.62,   216.01
  350.70,   361.00,   340.53
  342.72,   480.18,    88.78
  345.04,   482.56,   213.55
  347.48,   485.69,   337.81
  100.50,   224.81,   228.31
   99.50,   225.78,   352.06
   98.71,   225.75,   476.40
  100.10,   350.10,   227.11
   99.00,   351.56,   351.18
   98.31,   352.10,   475.05
   99.35,   475.04,   225.98
   98.70,   476.86,   349.50
   98.67,   477.63,   473.78
  225.60,   226.00,   227.09
  224.40,   226.31,   351.37
  224.08,   226.38,   475.99
  225.36,   349.77,   226.75
  224.02,   351.37,   350.13
  223.31,   352.57,   473.92
  224.36,   474.09,   225.74
  223.72,   476.64,   348.82
  223.63,   478.21,   472.16
  347.81,   225.80,   223.91
  349.43,   227.03,   349.95
  351.00,   228.11,   476.17
  347.69,   350.01,   224.41
  349.33,   351.35,   349.19
  350.58,   352.57,   474.32
  348.08,   475.20,   224.45
  349.09,   476.05,   348.67
  350.10,   477.01,   473.05
  100.57,   225.30,   350.50
   95.59,   224.48,   474.59
   92.32,   223.93,   599.38
  103.36,   351.13,   350.59
   98.08,   351.06,   474.51
   95.65,   350.31,   599.69
  106.11,   476.54,   349.87
  101.77,   476.36,   474.36
   98.82,   475.57,   600.22
  225.67,   222.82,   354.07
  220.86,   222.18,   479.00
  217.59,   221.26,   604.05
  228.22,   348.21,   354.02
  223.04,   348.32,   477.90
  220.55,   347.31,   603.18
  230.60,   473.27,   353.60
  226.63,   474.03,   477.39
  223.72,   473.60,   602.63
  350.51,   220.78,   357.05
  347.24,   220.60,   483.34
  342.73,   220.03,   609.04
  353.38,   345.28,   357.21
  350.28,   345.10,   482.45
  346.14,   344.73,   607.75
  356.19,   469.87,   357.94
  352.59,   469.78,   482.33
  349.30,   470.48,   607.32
   97.93,   222.90,   472.95
   97.51,   225.37,   597.76
   99.07,   228.24,   722.68
  101.67,   349.27,   470.12
  101.60,   351.31,   595.27
  103.80,   353.81,   721.05
  105.54,   474.68,   466.60
  105.74,   477.02,   592.71
  106.52,   478.58,   719.47
  223.57,   219.72,   474.29
  222.93,   221.86,   599.58
  223.55,   224.14,   724.96
  226.45,   345.67,   470.24
  226.54,   347.95,   595.71
  228.10,   349.56,   721.68
  230.54,   471.39,   466.78
  230.84,   473.74,   592.47
  231.63,   475.18,   719.03
  350.09,   217.51,   475.98
  348.45,   219.97,   601.51
  346.01,   221.70,   726.06
  353.75,   342.04,   472.02
  352.65,   344.69,   597.82
  350.92,   346.91,   723.25
  357.02,   466.66,   469.51
  356.47,   469.89,   594.59
  355.79,   472.65,   719.95
  100.18,   223.31,   597.39
  101.56,   224.02,   722.42
  101.25,   224.10,   848.37
   97.69,   349.41,   597.65
   99.57,   349.61,   723.54
   99.71,   349.41,   848.97
   95.02,   474.87,   597.85
   95.91,   474.32,   724.77
   95.83,   474.74,   850.05
  225.49,   226.60,   599.79
  226.16,   226.51,   724.74
  225.63,   227.09,   849.28
  222.49,   353.01,   598.00
  223.66,   351.82,   724.25
  223.34,   351.92,   849.22
  220.19,   478.72,   596.99
  220.90,   477.38,   724.03
  219.91,   477.02,   849.25
  351.18,   231.53,   601.72
  348.82,   230.63,   726.08
  347.71,   231.07,   850.19
  348.71,   356.27,   599.96
  347.00,   355.71,   725.38
  345.28,   356.12,   850.80
  345.82,   481.40,   599.33
  344.87,   481.85,   724.84
  343.34,   481.45,   850.83
   99.80,   347.26,   100.60
   97.19,   345.64,   225.23
   93.12,   343.39,   349.52
   96.26,   472.00,   103.50
   94.36,   470.61,   227.94
   90.64,   468.47,   351.17
   92.97,   596.58,   105.99
   90.71,   594.98,   230.47
   88.44,   593.05,   353.50
  224.76,   349.58,   103.03
  222.45,   347.34,   228.35
  217.94,   345.33,   351.70
  221.70,   474.09,   106.01
  219.34,   471.59,   231.08
  215.55,   470.42,   353.58
  218.42,   599.32,   108.42
  215.68,   596.83,   232.52
  212.61,   595.54,   356.40
  347.22,   352.82,   104.24
  344.89,   349.63,   229.19
  343.25,   347.07,   353.83
  345.21,   477.62,   108.02
  343.03,   474.55,   232.56
  340.73,   471.77,   356.66
  343.37,   603.15,   110.53
  340.86,   599.76,   234.60
  338.19,   596.99,   359.41
  102.27,   348.35,   225.38
  102.36,   349.95,   349.10
  103.49,   351.23,   473.32
   98.08,   473.34,   224.02
   99.52,   475.32,   347.43
  100.96,   476.71,   471.59
   94.01,   597.85,   223.08
   96.32,   599.56,   345.64
   98.22,   600.89,   470.05
  227.24,   351.28,   223.53
  227.32,   352.82,   346.71
  228.62,   354.48,   470.42
  223.24,   475.64,   222.27
  224.13,   477.94,   345.33
  225.89,   480.04,   468.63
  218.88,   600.91,   220.10
  220.60,   603.03,   343.98
  222.95,   605.31,   468.26
  349.43,   354.36,   219.38
  352.78,   355.88,   344.21
  355.54,   357.24,   469.24
  347.04,   479.16,   219.08
  349.43,   480.50,   343.28
  352.09,   482.00,   468.08
  343.79,   604.39,   217.42
  346.28,   605.82,   342.34
  348.26,   607.16,   467.93
  100.13,   352.06,   350.16
   99.26,   349.17,   474.51
  100.10,   346.60,   599.74
   97.29,   477.04,   351.91
   96.66,   474.92,   476.37
   97.37,   471.82,   602.27
   94.12,   601.27,   353.39
   94.13,   599.34,   478.07
   93.95,   596.33,   604.95
  225.50,   354.53,   350.14
  224.27,   352.80,   473.78
  224.88,   349.92,   599.25
  221.83,   480.03,   351.59
  221.42,   478.47,   475.38
  222.49,   475.90,   600.80
  218.27,   605.11,   354.01
  218.43,   603.42,   478.60
  219.45,   600.84,   603.82
  350.48,   357.38,   349.65
  350.99,   355.69,   474.81
  350.85,   353.40,   600.38
  347.33,   482.41,   352.48
  347.53,   480.18,   476.83
  348.16,   478.49,   601.80
  344.07,   607.56,   354.70
  344.01,   605.66,   480.42
  344.52,   603.91,   605.37
   97.82,   352.10,   472.46
   99.59,   348.45,   597.35
  103.02,   344.69,   723.20
   96.07,   477.62,   475.06
   97.68,   473.78,   601.42
  100.02,   469.18,   728.01
   94.59,   602.14,   478.16
   95.22,   598.23,   604.86
   95.44,   593.42,   732.25
  222.99,   354.72,   470.98
  224.64,   350.71,   596.46
  227.07,   346.49,   722.39
  220.90,   480.76,   473.72
  222.71,   476.57,   599.06
  225.07,   471.81,   725.92
  218.84,   605.41,   478.15
  220.59,   601.50,   603.33
  222.16,   596.88,   729.18
  349.83,   356.92,   471.39
  350.45,   353.36,   596.66
  350.39,   349.57,   722.20
  347.07,   481.37,   474.60
  348.35,   478.85,   599.54
  349.25,   475.66,   725.07
  344.46,   606.69,   478.89
  345.79,   604.00,   604.14
  346.88,   601.33,   728.84
  100.29,   351.33,   600.90
  105.77,   349.31,   726.94
  109.46,   347.66,   852.24
   98.30,   476.65,   602.91
  103.18,   473.96,   729.95
  106.93,   473.00,   855.07
   96.18,   601.29,   604.66
   98.85,   598.41,   731.85
  101.56,   597.43,   856.45
  224.92,   353.49,   597.81
  229.75,   351.09,   723.81
  233.03,   349.26,   848.87
  223.43,   479.50,   598.56
  228.08,   476.47,   725.31
  231.06,   474.41,   850.48
  221.56,   604.54,   601.05
  225.17,   601.70,   727.12
  227.69,   599.40,   852.35
  350.89,   355.85,   595.77
  353.09,   353.95,   721.40
  354.95,   352.20,   846.41
  348.91,   481.18,   596.93
  351.83,   479.96,   722.66
  354.04,   477.56,   848.36
  346.89,   606.33,   599.50
  349.94,   605.42,   724.24
  352.36,   603.00,   849.84
  101.98,   475.49,   101.90
  104.05,   474.10,   226.58
  104.72,   472.40,   349.68
  102.93,   600.31,   104.24
  104.84,   598.49,   229.03
  106.61,   596.97,   351.64
  104.27,   725.31,   106.76
  105.92,   723.18,   230.86
  108.67,   721.35,   354.44
  227.09,   473.33,    99.51
  229.15,   471.37,   225.09
  229.88,   470.24,   347.89
  228.35,   598.95,   102.17
  229.73,   596.45,   226.40
  231.43,   595.14,   350.23
  229.73,   725.36,   104.42
  230.41,   722.03,   227.21
  232.53,   720.10,   352.63
  350.79,   473.10,    97.44
  352.97,   470.14,   222.29
  355.13,   467.35,   346.53
  353.00,   598.52,   100.11
  355.17,   595.33,   224.14
  356.82,   592.37,   348.83
  355.67,   723.81,   101.67
  356.66,   720.73,   225.10
  358.76,   717.94,   351.21
  101.28,   476.66,   226.10
   99.04,   475.54,   349.38
   97.67,   473.39,   473.50
  101.12,   601.21,   228.35
  100.52,   600.00,   351.11
   99.64,   597.73,   475.17
  101.64,   726.21,   230.04
  101.79,   724.28,   353.62
  101.28,   721.86,   478.43
  226.19,   474.78,   227.52
  224.12,   473.79,   350.25
  222.69,   472.50,   473.41
  225.98,   599.79,   228.54
  225.01,   598.66,   352.25
  224.40,   597.25,   476.58
  226.11,   725.43,   228.98
  225.67,   723.77,   354.68
  225.77,   721.58,   480.92
  349.98,   474.05,   226.99
  349.27,   471.56,   351.47
  348.95,   469.52,   476.08
  351.54,   599.21,   228.95
  350.51,   596.65,   353.99
  349.82,   594.64,   479.30
  352.20,   724.53,   229.89
  351.87,   722.43,   355.99
  350.88,   720.47,   482.49
  100.36,   476.28,   350.77
   97.81,   479.05,   474.98
   96.72,   481.01,   601.13
  103.89,   600.58,   347.65
  102.11,   603.53,   471.55
  100.10,   605.56,   598.21
  107.10,   724.91,   344.91
  105.91,   727.82,   469.96
  102.76,   730.18,   595.65
  225.07,   472.26,   352.54
  222.60,   476.18,   476.15
  221.54,   478.51,   601.46
  228.20,   597.24,   349.69
  226.57,   600.89,   474.47
  225.29,   603.16,   599.61
  231.08,   722.25,   347.23
  229.96,   725.22,   473.52
  228.48,   727.05,   599.10
  350.27,   467.79,   355.14
  348.58,   471.25,   479.48
  347.36,   474.64,   604.78
  353.81,   593.17,   352.33
  352.21,   596.30,   478.06
  350.37,   599.55,   603.04
  357.44,   718.60,   349.55
  355.46,   721.65,   476.17
  353.54,   724.73,   601.85
   99.40,   477.00,   472.75
   97.27,   472.73,   598.96
   96.46,   468.01,   725.74
   98.21,   601.46,   475.67
   95.29,   597.16,   602.48
   91.85,   592.20,   730.08
   96.73,   725.68,   480.01
   92.61,   721.78,   606.32
   87.42,   716.78,   732.61
  224.36,   479.24,   474.81
  222.48,   475.10,   600.23
  221.60,   469.78,   726.75
  222.81,   604.10,   479.35
  220.77,   599.98,   604.64
  218.80,   595.16,   730.54
  220.75,   728.33,   484.73
  218.45,   724.19,   610.02
  214.97,   719.26,   734.82
  350.67,   479.89,   479.49
  347.96,   476.81,   604.32
  345.12,   472.98,   729.92
  348.38,   604.89,   484.13
  345.92,   601.93,   609.09
  343.26,   598.87,   733.54
  346.33,   730.35,   488.61
  343.52,   726.87,   614.14
  340.28,   723.55,   737.95
  101.30,   473.50,   600.46
  104.16,   468.98,   727.55
  105.90,   465.56,   852.40
   99.52,   598.12,   604.20
  100.03,   593.19,   731.41
  101.02,   590.35,   856.34
   96.87,   722.35,   607.94
   95.39,   717.61,   734.49
   95.70,   714.40,   859.00
  226.43,   475.97,   598.26
  229.20,   471.08,   725.03
  229.69,   466.96,   850.42
  224.96,   601.10,   602.87
  226.71,   596.30,   728.58
  227.04,   591.90,   853.84
  222.57,   724.80,   608.18
  222.98,   720.67,   732.80
  223.15,   716.63,   857.77
  352.37,   477.73,   598.62
  353.14,   473.95,   724.56
  353.11,   469.80,   850.26
  350.11,   602.90,   603.52
  351.32,   600.03,   727.97
  351.42,   595.15,   853.66
  347.63,   727.73,   608.45
  348.31,   724.58,   732.80
  348.96,   720.04,   856.94
  100.79,   596.87,   100.58
  100.67,   597.66,   225.43
  100.28,   598.44,   348.01
  102.32,   721.92,   100.63
  101.30,   722.30,   225.18
  101.93,   722.81,   348.75
  103.20,   848.57,   101.74
  100.67,   848.42,   225.66
  101.66,   848.44,   349.69
  226.34,   595.80,   100.84
  225.39,   595.93,   225.44
  224.74,   596.73,   348.79
  227.21,   722.26,   101.00
  225.61,   721.33,   223.77
  225.59,   721.69,   349.03
  228.27,   848.13,   100.94
  226.17,   846.63,   222.83
  227.09,   846.28,   349.27
  351.33,   595.83,   100.96
  350.78,   594.77,   225.31
  350.15,   594.33,   349.99
  353.38,   721.40,   100.12
  351.92,   720.21,   223.82
  351.72,   719.91,   349.80
  354.94,   845.85,   100.59
  352.58,   845.55,   223.04
  352.94,   845.15,   349.41
   99.47,   600.17,   226.95
  102.57,   604.28,   349.59
  105.52,   607.69,   474.02
  100.82,   724.94,   223.22
  104.94,   728.50,   346.97
  108.03,   731.89,   471.77
  100.87,   850.71,   220.18
  105.29,   854.32,   344.32
  109.15,   858.04,   469.79
  224.33,   597.55,   223.95
  226.84,   602.05,   347.63
  229.81,   606.36,   472.08
  225.04,   723.00,   218.83
  228.37,   727.05,   344.00
  232.24,   730.55,   470.28
  225.98,   848.36,   214.35
  230.52,   851.55,   340.63
  234.58,   855.17,   467.24
  349.69,   595.77,   220.59
  352.48,   599.12,   345.29
  355.52,   602.48,   470.88
  351.43,   721.50,   215.61
  354.59,   724.76,   341.59
  357.70,   728.38,   468.05
  352.94,   846.63,   211.25
  356.23,   849.73,   337.38
  359.75,   852.74,   463.89
   99.54,   600.22,   349.79
   99.44,   600.07,   474.27
   99.39,   598.85,   600.87
  102.46,   724.73,   350.67
  102.76,   724.35,   475.31
  101.46,   723.62,   601.40
  103.49,   850.42,   351.62
  104.36,   850.16,   477.37
  103.17,   849.12,   603.01
  224.09,   597.43,   350.45
  224.02,   597.81,   474.94
  224.49,   597.28,   600.45
  226.28,   722.34,   350.97
  227.11,   722.09,   477.08
  227.08,   721.38,   602.55
  229.08,   847.18,   351.27
  230.23,   847.14,   478.04
  229.85,   846.02,   603.87
  349.66,   594.09,   351.49
  349.80,   594.08,   476.76
  349.93,   594.33,   601.81
  352.40,   719.41,   351.38
  352.48,   719.40,   478.03
  352.18,   719.11,   603.74
  354.91,   844.72,   351.23
  355.42,   844.02,   477.75
  354.77,   843.24,   603.25
   99.50,   602.45,   470.97
   96.84,   600.52,   597.66
   93.73,   598.23,   725.14
  103.54,   726.86,   473.10
   99.68,   725.03,   599.24
   95.09,   722.52,   725.48
  105.93,   852.99,   476.34
  102.55,   851.09,   601.53
   98.81,   849.36,   726.54
  223.76,   599.83,   474.19
  222.04,   598.13,   599.50
  220.31,   595.42,   725.85
  227.81,   724.16,   477.29
  225.63,   722.21,   602.72
  222.44,   720.10,   727.55
  231.70,   848.58,   479.29
  228.89,   846.68,   604.84
  224.77,   844.95,   729.40
  349.53,   594.99,   478.50
  347.34,   594.42,   603.77
  344.97,   593.40,   728.21
  353.16,   720.26,   480.86
  350.54,   719.35,   606.53
  347.54,   718.69,   730.58
  356.61,   844.81,   481.23
  353.88,   843.58,   606.81
  350.48,   841.99,   731.43
   98.74,   598.18,   598.88
  100.48,   598.90,   726.21
  102.78,   600.84,   851.01
  100.71,   722.77,   597.35
  101.02,   723.11,   723.66
  102.31,   724.77,   848.34
  102.78,   848.67,   596.64
  103.47,   849.63,   721.58
  105.72,   850.74,   846.40
  223.73,   596.75,   595.92
  226.95,   597.13,   722.00
  229.21,   598.10,   847.14
  226.36,   720.49,   596.11
  228.38,   721.73,   720.73
  230.19,   722.93,   845.26
  229.01,   845.59,   595.23
  230.30,   846.60,   719.37
  231.83,   848.08,   843.28
  349.03,   593.51,   594.80
  351.72,   595.84,   719.54
  353.89,   596.75,   845.16
  351.44,   718.77,   594.40
  353.83,   721.06,   718.92
  355.84,   722.16,   843.15
  353.88,   843.07,   591.95
  355.71,   844.31,   716.91
  357.36,   846.13,   841.03
  227.73,   102.42,    98.21
  224.64,   100.15,   223.69
  221.93,    97.69,   348.24
  228.56,   227.54,   100.88
  225.53,   225.10,   225.98
  221.59,   222.68,   350.39
  228.15,   351.04,   103.07
  226.11,   349.08,   228.76
  221.74,   347.70,   352.00
  351.45,   101.87,    99.74
  348.66,    99.46,   224.55
  346.04,    97.88,   350.77
  350.57,   227.02,   101.30
  348.06,   224.83,   226.37
  346.42,   222.72,   352.16
  351.08,   351.54,   104.57
  348.68,   349.01,   229.48
  346.76,   347.48,   354.44
  475.70,   100.92,   101.67
  473.03,    99.23,   226.47
  470.85,    98.42,   353.20
  474.15,   226.40,   103.13
  471.92,   224.52,   228.25
  472.23,   223.28,   354.60
  474.57,   352.43,   106.50
  472.29,   349.66,   231.24
  472.24,   347.00,   356.67
  224.00,   102.12,   227.00
  220.60,   102.50,   351.97
  217.64,   103.15,   476.56
  225.56,   227.37,   226.88
  221.12,   227.41,   351.28
  216.93,   227.59,   475.60
  226.72,   351.55,   226.66
  221.83,   352.56,   349.82
  217.15,   353.57,   473.55
  347.82,   101.36,   228.47
  344.81,   102.50,   354.96
  342.04,   103.31,   480.58
  348.00,   226.07,   227.25
  346.06,   227.22,   353.50
  343.66,   228.02,   479.66
  349.20,   350.65,   228.26
  347.02,   351.64,   352.68
  344.35,   352.51,   477.69
  472.17,   100.43,   231.25
  469.61,   101.99,   357.44
  466.80,   103.33,   483.25
  471.86,   225.46,   229.58
  471.81,   226.91,   356.25
  469.48,   228.43,   482.44
  472.81,   350.85,   229.97
  472.34,   350.46,   355.94
  470.60,   351.10,   481.71
  223.76,    99.97,   350.24
  226.23,   102.11,   475.19
  229.16,   104.22,   600.45
  226.01,   224.83,   347.80
  227.45,   226.82,   472.47
  230.43,   228.47,   597.86
  228.68,   350.17,   345.13
  229.73,   352.63,   469.01
  233.44,   354.22,   593.88
  347.87,    97.85,   347.35
  350.60,   100.58,   473.23
  352.95,   102.82,   598.19
  350.72,   222.86,   344.47
  354.05,   225.37,   470.43
  356.04,   227.30,   596.12
  353.53,   347.23,   342.35
  356.87,   349.60,   467.09
  359.21,   351.68,   592.60
  472.50,    95.69,   344.48
  475.33,    98.32,   470.34
  477.45,   101.02,   595.30
  476.30,   220.70,   341.59
  480.03,   223.53,   467.76
  480.89,   225.51,   593.51
  478.72,   344.54,   339.39
  482.79,   346.10,   465.20
  484.57,   348.75,   590.79
  224.19,   101.27,   473.55
  220.76,   101.09,   598.77
  217.83,   101.28,   723.46
  219.57,   225.76,   472.86
  216.34,   225.19,   598.09
  214.23,   225.40,   723.51
  216.08,   352.02,   471.46
  213.27,   351.70,   596.36
  212.23,   350.77,   722.97
  348.40,   105.60,   477.74
  344.61,   105.83,   602.82
  340.70,   105.50,   727.29
  346.30,   230.28,   477.09
  341.97,   229.63,   602.89
  337.00,   229.15,   727.59
  343.03,   354.75,   475.63
  339.18,   354.68,   600.97
  335.20,   354.50,   726.48
  473.32,   109.20,   481.05
  468.79,   109.72,   606.04
  464.73,   109.65,   730.85
  472.32,   234.24,   480.34
  466.55,   233.88,   606.29
  460.33,   233.27,   731.07
  469.38,   356.82,   479.96
  464.70,   357.28,   605.33
  458.92,   358.11,   730.62
  226.54,   100.88,   599.63
  229.68,    97.53,   724.05
  232.00,    94.32,   848.54
  225.31,   225.00,   602.44
  229.44,   221.59,   727.85
  232.09,   218.50,   852.12
  226.08,   351.02,   604.39
  230.46,   346.77,   730.69
  233.39,   343.63,   855.25
  350.35,   102.18,   597.38
  352.68,    98.50,   721.82
  356.08,    94.71,   845.58
  351.00,   226.38,   600.70
  352.01,   222.35,   725.45
  354.61,   219.31,   849.02
  351.68,   350.95,   602.69
  353.55,   347.50,   728.29
  355.33,   344.07,   853.01
  474.64,   102.90,   594.48
  476.84,    99.29,   719.31
  480.90,    94.92,   843.37
  476.13,   227.14,   597.91
  475.36,   223.35,   722.70
  477.65,   219.54,   846.77
  477.20,   350.65,   600.78
  477.78,   347.73,   726.10
  479.67,   344.10,   851.00
  227.25,   225.25,    99.64
  225.20,   227.28,   224.93
  221.49,   228.42,   349.21
  226.23,   348.79,    98.04
  224.86,   350.87,   223.76
  221.07,   353.40,   346.91
  225.01,   473.26,    96.15
  223.68,   475.58,   221.72
  220.38,   478.96,   344.57
  349.74,   225.91,    99.60
  347.28,   227.43,   224.46
  346.68,   229.31,   350.59
  349.10,   350.54,    98.79
  347.07,   351.63,   223.81
  346.20,   353.76,   348.63
  349.23,   475.34,    97.84
  347.13,   476.43,   222.61
  345.41,   478.35,   347.20
  472.85,   225.67,   100.96
  471.34,   227.57,   225.80
  472.18,   230.59,   352.16
  472.94,   352.08,   100.20
  470.72,   352.90,   224.95
  471.33,   354.28,   350.53
  473.40,   477.83,    99.46
  471.21,   478.43,   224.03
  470.91,   478.53,   349.20
  226.55,   224.90,   224.55
  221.45,   227.87,   349.16
  216.90,   231.17,   473.62
  228.15,   348.78,   221.59
  222.86,   352.85,   345.20
  218.02,   356.97,   468.63
  228.56,   473.20,   218.10
  223.98,   478.13,   341.05
  219.64,   482.74,   464.39
  349.03,   223.21,   225.81
  346.69,   227.48,   351.71
  343.90,   230.91,   477.82
  350.36,   347.75,   223.51
  347.90,   351.44,   348.00
  345.13,   355.68,   472.84
  352.15,   472.80,   220.56
  349.25,   476.14,   344.83
  345.85,   480.34,   469.46
  472.77,   222.18,   228.49
  472.29,   226.88,   354.88
  469.86,   230.96,   480.96
  474.14,   347.57,   225.91
  473.31,   350.36,   351.49
  471.34,   353.51,   477.22
  476.21,   473.10,   223.04
  474.47,   474.46,   348.59
  471.69,   477.21,   474.21
  223.11,   225.77,   350.95
  221.89,   226.09,   475.52
  222.14,   225.87,   601.16
  222.70,   351.10,   350.01
  221.50,   351.92,   473.57
  222.18,   352.16,   599.15
  222.49,   476.49,   348.73
  221.59,   477.76,   472.32
  222.29,   477.88,   597.75
  348.14,   226.52,   350.46
  348.45,   227.42,   476.58
  347.63,   227.38,   602.41
  348.30,   350.85,   349.85
  348.58,   351.68,   475.09
  347.89,   352.38,   600.50
  348.03,   475.85,   349.67
  347.80,   476.54,   474.12
  348.22,   477.96,   599.33
  473.87,   227.22,   350.48
  474.84,   228.51,   476.53
  472.56,   228.76,   602.48
  473.41,   351.13,   350.15
  474.73,   351.44,   475.75
  473.37,   352.26,   601.46
  472.96,   475.40,   350.15
  473.77,   474.90,   475.87
  473.51,   476.54,   600.66
  224.18,   225.25,   474.10
  221.25,   221.32,   599.68
  219.84,   218.42,   724.88
  220.66,   350.78,   475.59
  218.47,   347.45,   600.96
  217.62,   343.79,   727.26
  218.18,   477.01,   477.49
  215.95,   473.60,   603.04
  215.14,   469.01,   729.74
  350.68,   229.38,   477.79
  346.89,   226.03,   603.58
  342.39,   222.28,   728.17
  347.46,   353.56,   479.68
  344.18,   350.81,   604.78
  340.59,   347.49,   730.63
  344.15,   478.42,   482.00
  341.41,   476.31,   606.99
  338.60,   473.13,   732.93
  476.73,   233.46,   480.70
  471.59,   230.14,   606.38
  465.45,   226.37,   731.17
  473.74,   355.94,   483.59
  469.90,   353.41,   608.94
  464.38,   351.16,   733.89
  470.16,   479.55,   486.51
  466.93,   477.94,   611.75
  462.75,   477.44,   736.45
  222.48,   222.36,   599.30
  226.10,   222.53,   724.43
  228.40,   223.11,   848.89
  222.03,   348.50,   597.64
  226.22,   347.84,   723.81
  228.37,   348.08,   848.67
  221.66,   474.39,   596.65
  225.77,   473.21,   723.10
  227.92,   473.17,   848.65
  348.18,   224.51,   598.30
  348.76,   224.34,   723.05
  350.65,   224.61,   846.86
  347.76,   349.38,   596.50
  349.13,   349.46,   722.10
  350.72,   349.58,   847.27
  347.59,   474.74,   595.34
  349.85,   475.35,   721.05
  350.88,   475.30,   847.08
  473.18,   226.38,   595.64
  472.16,   225.79,   720.82
  473.72,   225.69,   844.89
  473.47,   349.84,   595.25
  473.52,   350.40,   720.25
  474.88,   350.19,   845.26
  472.83,   474.10,   594.73
  474.31,   476.82,   719.76
  475.25,   476.92,   845.48
  227.75,   347.40,   101.61
  225.06,   344.98,   226.82
  219.99,   342.80,   350.39
  225.15,   471.61,   104.59
  222.45,   469.60,   229.58
  217.73,   468.09,   352.21
  222.51,   597.37,   107.21
  219.23,   594.60,   231.21
  215.47,   593.50,   354.88
  350.42,   350.19,   103.40
  347.44,   346.81,   228.47
  345.02,   344.62,   353.00
  349.03,   475.32,   107.07
  346.02,   471.76,   231.85
  343.33,   469.01,   356.10
  347.53,   600.36,   109.62
  344.51,   597.06,   234.00
  341.08,   594.39,   358.95
  473.95,   352.88,   106.10
  471.01,   349.52,   230.45
  470.45,   346.28,   356.28
  473.18,   478.71,   109.70
  469.96,   474.87,   234.08
  468.46,   470.29,   359.27
  472.40,   603.90,   112.40
  469.40,   599.72,   236.54
  466.62,   595.59,   362.54
  227.65,   348.56,   226.90
  225.87,   349.10,   350.14
  225.34,   349.34,   474.09
  230.32,   472.79,   227.00
  229.34,   474.45,   349.73
  229.07,   475.27,   473.35
  232.19,   598.02,   225.98
  232.17,   599.22,   349.75
  233.11,   600.24,   474.34
  349.69,   345.18,   224.57
  351.38,   345.61,   349.40
  352.47,   345.66,   474.43
  353.90,   470.09,   225.41
  354.70,   469.87,   349.84
  355.37,   470.25,   474.56
  357.28,   595.37,   224.91
  358.05,   595.13,   350.13
  358.49,   595.25,   475.58
  473.35,   342.56,   223.06
  476.80,   341.90,   348.90
  478.67,   341.77,   474.71
  477.64,   468.33,   224.23
  479.72,   466.25,   349.75
  481.38,   464.86,   475.30
  482.40,   593.37,   224.38
  483.16,   591.27,   349.82
  484.12,   590.75,   475.96
  223.93,   349.04,   350.65
  221.98,   351.73,   474.21
  222.65,   353.54,   599.66
  221.05,   474.31,   347.99
  220.02,   477.43,   471.49
  220.89,   479.28,   596.78
  217.73,   599.55,   345.56
  217.90,   602.38,   470.15
  218.15,   604.13,   595.58
  349.12,   351.48,   350.41
  349.35,   354.17,   475.64
  348.87,   356.06,   601.06
  346.12,   476.01,   348.53
  346.34,   478.74,   473.23
  346.27,   481.53,   598.21
  343.50,   601.26,   346.34
  343.12,   603.81,   472.03
  343.50,   606.86,   597.05
  474.54,   353.97,   350.84
  475.37,   355.80,   476.54
  474.34,   358.45,   601.93
  471.68,   478.39,   349.21
  472.29,   479.38,   474.69
  471.98,   483.07,   599.92
  468.89,   603.59,   347.15
  468.64,   605.23,   473.16
  468.49,   608.53,   598.23
  222.26,   349.05,   474.48
  225.54,   346.17,   599.75
  230.03,   342.57,   725.96
  224.68,   474.73,   475.94
  227.91,   472.25,   601.35
  232.46,   468.15,   728.09
  226.56,   599.84,   479.02
  229.67,   596.92,   604.46
  233.31,   593.62,   730.48
  349.30,   347.09,   473.02
  351.55,   344.71,   598.26
  352.97,   341.84,   724.09
  350.85,   471.85,   475.06
  353.70,   470.04,   600.10
  356.03,   467.86,   725.87
  352.16,   596.78,   478.31
  355.10,   595.37,   603.50
  357.73,   593.93,   728.28
  475.48,   344.54,   471.28
  477.02,   342.70,   596.45
  477.34,   340.72,   721.74
  476.52,   468.30,   473.63
  479.01,   466.82,   598.79
  480.60,   467.03,   724.00
  477.58,   594.04,   476.84
  480.41,   592.73,   601.96
  482.51,   593.00,   726.04
  224.26,   351.59,   598.64
  225.28,   347.50,   724.57
  224.98,   343.95,   849.70
  227.20,   477.77,   601.04
  228.21,   472.79,   728.04
  227.09,   469.01,   852.99
  229.56,   602.59,   605.53
  229.38,   597.92,   731.25
  227.88,   594.45,   856.52
  350.19,   349.80,   600.41
  348.28,   345.86,   726.01
  346.82,   342.51,   850.76
  352.60,   475.01,   602.99
  351.97,   471.69,   728.69
  350.16,   467.97,   854.61
  354.73,   600.27,   607.48
  354.15,   597.55,   732.34
  352.49,   593.22,   857.90
  475.58,   347.14,   602.11
  472.30,   344.31,   727.10
  470.85,   340.51,   852.10
  478.26,   471.61,   605.14
  476.03,   470.33,   730.18
  474.52,   466.71,   855.79
  479.90,   597.29,   609.41
  478.41,   596.55,   733.07
  477.07,   593.02,   858.92
  225.61,   471.51,    99.13
  227.04,   470.79,   224.70
  226.41,   470.44,   347.50
  224.63,   597.18,   100.73
  224.74,   595.83,   225.09
  225.24,   595.75,   348.65
  223.48,   723.86,   102.12
  222.70,   721.40,   224.61
  224.15,   720.89,   349.92
  349.50,   474.06,    97.83
  350.36,   471.79,   222.87
  351.43,   470.32,   346.86
  349.36,   599.23,    99.54
  350.24,   597.10,   223.51
  351.12,   595.62,   348.66
  349.35,   724.86,    99.78
  349.20,   722.68,   223.64
  350.42,   721.29,   349.71
  473.55,   476.07,    96.73
  474.62,   473.73,   221.07
  476.80,   470.42,   346.21
  474.16,   601.13,    98.17
  475.27,   598.90,   222.27
  476.56,   595.67,   348.04
  474.99,   724.64,    98.43
  475.21,   722.93,   222.81
  475.76,   721.74,   349.17
  227.99,   474.51,   228.01
  228.13,   477.70,   350.74
  228.64,   480.38,   474.26
  226.75,   599.77,   225.30
  227.78,   602.48,   348.99
  229.12,   605.10,   473.72
  225.53,   725.40,   221.78
  227.10,   727.45,   347.48
  229.38,   729.47,   473.63
  351.77,   474.95,   225.89
  353.49,   476.73,   350.28
  354.78,   478.70,   474.94
  352.13,   600.32,   223.50
  353.37,   601.76,   348.67
  354.73,   603.68,   474.09
  351.72,   725.83,   220.38
  353.43,   727.47,   346.53
  354.70,   729.36,   472.97
  475.67,   476.19,   223.61
  478.44,   475.89,   349.02
  480.70,   476.62,   474.56
  477.04,   601.12,   221.85
  478.89,   601.40,   347.55
  480.31,   602.60,   473.58
  477.69,   725.66,   219.03
  478.72,   727.45,   345.72
  479.96,   729.43,   471.78
  225.01,   474.12,   348.21
  225.36,   474.77,   471.80
  226.91,   473.77,   597.24
  225.00,   599.44,   348.55
  226.01,   599.50,   473.11
  227.62,   599.06,   598.29
  224.82,   724.28,   348.97
  226.25,   723.99,   475.19
  227.24,   723.15,   600.57
  350.38,   472.98,   347.78
  351.44,   472.74,   472.68
  352.62,   473.18,   597.51
  350.82,   598.37,   348.38
  351.49,   598.32,   473.90
  352.52,   598.46,   599.02
  350.61,   723.93,   348.22
  351.64,   723.77,   474.84
  352.60,   723.72,   600.49
  475.67,   472.18,   347.56
  477.66,   471.01,   472.85
  477.98,   471.78,   597.99
  476.18,   597.64,   348.05
  476.92,   596.55,   474.19
  478.04,   597.42,   599.10
  476.25,   723.49,   348.11
  476.83,   723.49,   474.28
  476.93,   724.02,   599.96
  225.32,   476.42,   471.19
  228.97,   475.82,   596.74
  233.61,   474.01,   723.47
  224.57,   601.33,   472.19
  227.77,   600.86,   597.83
  231.58,   599.22,   723.49
  223.10,   725.76,   474.23
  226.12,   724.87,   600.03
  228.55,   723.67,   724.66
  351.55,   476.34,   469.94
  354.54,   476.67,   595.19
  357.45,   476.54,   720.64
  350.18,   601.28,   471.20
  352.95,   601.95,   596.34
  356.27,   602.48,   720.99
  348.36,   726.86,   472.30
  351.47,   726.90,   597.95
  353.79,   727.51,   722.28
  477.36,   475.66,   468.77
  480.39,   476.48,   593.68
  481.98,   478.84,   718.51
  475.25,   601.64,   469.52
  478.17,   602.47,   594.53
  480.61,   604.82,   718.71
  473.63,   728.54,   469.63
  475.66,   728.95,   595.16
  478.31,   729.86,   719.58
  224.90,   474.70,   599.57
  225.91,   474.75,   726.42
  224.76,   475.56,   851.66
  223.36,   599.96,   598.95
  223.20,   599.97,   725.10
  222.02,   600.57,   850.39
  221.44,   723.81,   599.38
  220.06,   724.51,   724.28
  218.25,   725.48,   848.60
  350.46,   475.95,   601.52
  349.68,   477.73,   727.49
  347.80,   478.54,   853.05
  348.65,   601.55,   601.53
  348.26,   603.38,   725.97
  346.50,   603.87,   851.59
  346.62,   726.39,   601.28
  345.46,   728.36,   725.54
  344.27,   728.95,   849.77
  475.96,   476.28,   603.90
  474.09,   480.03,   728.75
  472.37,   481.03,   854.60
  473.63,   602.21,   603.39
  472.32,   606.00,   727.20
  470.69,   607.61,   852.79
  470.86,   728.39,   602.34
  469.96,   731.01,   726.49
  469.38,   731.90,   850.02
  224.31,   597.18,   100.46
  222.98,   594.50,   225.00
  221.67,   592.51,   348.34
  227.19,   723.70,   103.38
  225.07,   719.85,   226.08
  224.55,   717.59,   351.75
  229.78,   849.48,   106.01
  227.11,   845.20,   228.29
  227.78,   841.94,   354.45
  348.94,   595.29,   100.95
  348.35,   591.33,   224.91
  347.30,   588.37,   350.03
  352.94,   720.95,   103.05
  351.41,   716.96,   226.74
  350.89,   713.71,   352.87
  356.59,   845.31,   106.05
  354.06,   842.22,   228.76
  353.99,   838.73,   355.10
  473.71,   593.65,   101.42
  472.99,   589.20,   225.55
  472.72,   584.39,   351.09
  478.65,   716.97,   103.14
  477.02,   713.49,   227.38
  476.10,   710.33,   353.92
  482.17,   839.73,   106.81
  480.25,   838.00,   229.90
  479.34,   835.66,   356.17
  224.56,   597.73,   224.16
  224.39,   599.69,   347.91
  224.98,   601.15,   472.47
  220.11,   722.94,   221.98
  220.95,   724.29,   347.11
  222.19,   725.28,   473.50
  216.09,   848.11,   220.12
  217.83,   849.06,   346.58
  219.55,   850.26,   473.10
  349.71,   601.14,   223.63
  349.98,   601.70,   348.33
  350.26,   602.63,   474.08
  346.72,   726.30,   221.45
  347.03,   727.12,   347.22
  347.57,   728.03,   473.93
  342.92,   851.89,   219.59
  343.71,   852.09,   345.96
  344.80,   852.66,   472.42
  474.95,   604.96,   223.02
  475.43,   604.20,   348.39
  475.83,   604.17,   474.44
  472.58,   729.37,   220.97
  472.61,   729.98,   347.38
  472.57,   731.25,   474.06
  469.17,   853.68,   219.78
  469.11,   855.29,   345.91
  469.57,   855.88,   472.07
  225.03,   598.74,   348.34
  225.25,   596.82,   472.64
  225.75,   593.89,   598.19
  222.67,   723.73,   351.02
  223.70,   721.13,   477.25
  223.73,   717.64,   602.66
  221.22,   848.59,   353.69
  222.23,   846.03,   480.81
  222.02,   842.67,   606.37
  350.62,   599.80,   349.10
  350.85,   597.28,   474.86
  351.25,   595.17,   599.95
  348.95,   725.28,   351.51
  349.11,   722.67,   478.19
  349.08,   720.36,   603.70
  347.13,   850.19,   353.65
  347.73,   847.36,   480.31
  347.12,   844.28,   605.77
  476.08,   601.04,   349.68
  476.16,   597.55,   475.62
  476.40,   595.91,   600.93
  474.56,   726.73,   352.08
  473.94,   724.39,   478.53
  473.46,   722.34,   603.94
  472.53,   851.96,   353.76
  472.36,   849.46,   480.34
  471.76,   846.96,   605.81
  222.99,   599.71,   473.01
  226.26,   598.51,   598.37
  229.36,   595.96,   724.22
  225.00,   724.03,   475.60
  227.60,   722.34,   601.52
  229.59,   720.49,   725.89
  227.10,   849.02,   477.11
  229.37,   847.25,   602.83
  230.40,   845.41,   727.29
  348.98,   596.57,   472.41
  351.49,   596.36,   597.54
  353.79,   596.12,   722.19
  350.72,   722.02,   474.33
  352.85,   721.27,   599.90
  354.59,   720.81,   724.22
  352.60,   846.71,   474.30
  354.42,   845.54,   600.15
  355.92,   844.39,   724.73
  474.40,   593.37,   471.25
  476.64,   593.49,   596.27
  478.46,   595.04,   720.35
  475.80,   720.41,   472.06
  477.33,   719.93,   597.89
  479.48,   719.93,   722.18
  477.35,   845.59,   472.37
  478.96,   844.58,   597.58
  480.69,   843.36,   722.40
  226.19,   602.76,   599.69
  225.34,   603.13,   725.24
  223.18,   604.66,   850.68
  227.74,   726.60,   599.47
  225.69,   727.99,   724.35
  223.21,   729.17,   848.86
  229.34,   851.57,   598.20
  226.53,   852.85,   722.74
  224.60,   854.40,   846.52
  351.10,   600.70,   602.32
  350.19,   603.19,   727.24
  348.01,   604.26,   852.72
  352.51,   725.88,   601.71
  351.06,   727.93,   726.32
  349.38,   729.26,   850.25
  354.20,   850.08,   599.35
  352.15,   851.45,   724.05
  350.10,   853.44,   848.30
  476.44,   598.11,   605.02
  474.61,   602.24,   728.94
  472.05,   604.33,   854.61
  477.10,   724.22,   603.57
  475.51,   727.48,   727.70
  474.57,   728.57,   851.34
  478.86,   848.82,   600.36
  477.28,   850.26,   725.10
  476.56,   851.19,   848.42
  348.02,   101.12,    99.78
  346.95,   100.65,   224.46
  346.27,   101.05,   350.78
  344.83,   226.51,    99.60
  343.80,   226.04,   224.34
  344.03,   225.83,   350.16
  342.37,   350.79,   100.73
  341.43,   350.21,   225.79
  341.82,   350.46,   350.45
  471.97,   103.12,    99.76
  471.18,   103.25,   224.47
  471.24,   104.27,   351.25
  467.82,   228.39,    99.51
  467.26,   228.36,   224.37
  469.64,   228.85,   350.82
  466.00,   354.59,   100.75
  465.09,   353.41,   225.34
  467.21,   352.68,   351.29
  597.71,   105.03,   101.76
  597.40,   106.14,   226.75
  596.79,   107.22,   352.15
  594.27,   230.49,   101.86
  594.24,   230.69,   226.78
  594.90,   232.00,   351.87
  591.63,   358.41,   102.11
  591.60,   357.06,   226.85
  592.18,   355.24,   352.20
  347.55,   101.80,   221.97
  343.84,   103.46,   348.57
  340.61,   104.75,   474.26
  350.42,   226.76,   220.33
  347.62,   228.13,   346.33
  344.71,   229.37,   472.69
  354.01,   350.93,   220.81
  351.22,   352.59,   345.50
  348.32,   354.08,   470.25
  472.10,    97.99,   225.48
  468.49,   100.39,   352.03
  465.03,   102.00,   477.66
  474.04,   222.95,   223.45
  473.27,   225.11,   349.81
  470.86,   227.01,   476.05
  477.80,   348.57,   223.23
  476.63,   349.06,   349.26
  474.28,   349.87,   475.01
  597.89,    95.07,   230.46
  594.19,    97.33,   355.46
  590.42,    98.86,   480.75
  600.87,   219.74,   229.19
  598.71,   222.33,   354.26
  594.94,   223.78,   479.28
  604.65,   345.87,   228.16
  601.69,   345.61,   353.10
  598.69,   345.95,   478.40
  347.88,   102.48,   349.73
  350.18,   103.86,   475.34
  352.17,   105.40,   600.51
  349.35,   227.40,   347.62
  351.98,   228.91,   473.81
  353.33,   229.56,   599.42
  350.23,   351.70,   346.33
  352.96,   353.28,   471.39
  354.90,   354.27,   597.02
  472.98,   101.99,   347.04
  474.99,   103.99,   472.85
  476.46,   105.59,   598.06
  474.49,   227.12,   344.94
  477.93,   228.76,   471.46
  478.61,   229.70,   596.85
  475.28,   350.75,   344.36
  479.14,   351.71,   470.13
  480.29,   353.16,   595.59
  598.53,   101.81,   344.99
  600.64,   103.49,   470.14
  602.40,   104.50,   594.88
  600.03,   226.72,   343.59
  602.47,   228.28,   468.44
  602.86,   228.90,   593.63
  600.79,   349.94,   342.65
  603.34,   350.06,   467.71
  605.03,   351.15,   592.98
  351.39,    99.19,   475.67
  350.32,    99.12,   600.79
  349.00,    98.53,   725.25
  353.57,   223.71,   475.64
  351.38,   222.93,   601.62
  348.95,   222.36,   725.94
  354.66,   348.22,   474.96
  353.17,   347.91,   600.15
  351.40,   347.45,   725.74
  476.35,    98.68,   476.70
  474.33,    98.48,   601.57
  473.29,    98.26,   726.49
  479.77,   223.75,   476.52
  476.37,   222.98,   602.20
  472.25,   221.87,   727.36
  480.95,   346.27,   476.50
  478.73,   346.35,   602.25
  475.32,   346.72,   727.37
  602.13,    97.56,   477.31
  600.26,    97.40,   601.80
  598.85,    97.22,   727.10
  603.79,   222.72,   477.09
  600.68,   222.03,   602.19
  597.49,   220.19,   727.74
  605.48,   344.56,   477.57
  603.36,   344.67,   602.98
  601.44,   345.01,   728.35
  350.01,   102.49,   600.14
  353.13,   101.40,   724.47
  357.67,    99.68,   848.41
  347.26,   226.40,   601.31
  349.48,   225.18,   725.86
  352.66,   224.36,   849.75
  345.00,   351.34,   600.51
  347.88,   350.23,   726.24
  350.74,   349.37,   851.37
  474.22,   106.44,   596.38
  477.19,   105.28,   720.92
  481.87,   103.23,   845.01
  472.55,   230.60,   597.35
  472.78,   228.90,   722.41
  475.66,   227.97,   846.41
  470.60,   353.99,   597.89
  471.91,   353.54,   723.12
  474.65,   352.15,   848.08
  599.80,   109.30,   591.76
  602.73,   107.96,   716.98
  606.32,   106.81,   842.47
  596.80,   233.33,   592.92
  597.64,   231.15,   718.43
  601.13,   229.26,   843.40
  595.20,   355.74,   594.08
  597.53,   355.91,   719.47
  601.67,   354.48,   844.46
  348.81,   225.80,    98.34
  346.61,   223.03,   222.94
  345.81,   221.06,   349.09
  352.18,   350.15,   101.58
  350.26,   347.57,   226.71
  349.61,   345.49,   351.19
  356.38,   475.29,   104.99
  354.51,   472.47,   229.75
  352.91,   469.87,   353.72
  472.28,   221.66,    99.34
  470.39,   219.23,   223.91
  471.12,   218.24,   350.61
  475.92,   347.64,   102.69
  474.21,   344.63,   227.54
  474.88,   341.85,   353.06
  480.50,   473.55,   106.20
  478.61,   469.99,   230.44
  478.28,   465.90,   356.18
  598.32,   217.44,   103.04
  597.04,   215.88,   228.02
  596.64,   214.87,   353.06
  602.42,   345.36,   105.40
  601.00,   341.82,   230.45
  599.85,   338.14,   355.52
  605.93,   471.66,   107.47
  604.36,   467.97,   232.58
  602.94,   462.12,   358.00
  347.96,   226.34,   221.84
  346.02,   228.19,   347.75
  343.41,   230.09,   473.81
  346.03,   350.50,   221.63
  343.89,   352.65,   345.98
  341.25,   354.55,   470.95
  343.94,   475.65,   220.71
  341.39,   477.25,   344.96
  338.57,   479.36,   469.03
  471.68,   228.57,   224.21
  471.59,   230.95,   350.53
  469.61,   233.16,   476.72
  469.64,   353.85,   223.19
  469.13,   354.83,   349.28
  467.57,   355.94,   474.90
  467.95,   479.37,   222.72
  466.70,   478.96,   348.09
  464.26,   479.96,   473.60
  598.49,   231.22,   229.14
  597.04,   233.84,   354.08
  593.84,   235.98,   478.97
  596.21,   357.21,   227.37
  594.18,   357.32,   352.28
  591.83,   357.52,   477.86
  593.55,   483.30,   225.52
  591.16,   481.42,   351.12
  588.70,   481.14,   476.50
  350.95,   223.91,   349.84
  351.03,   221.46,   475.89
  349.80,   218.50,   601.44
  354.34,   348.22,   352.27
  354.51,   345.72,   477.45
  353.99,   343.12,   602.78
  357.65,   472.61,   355.22
  357.64,   470.59,   479.87
  357.59,   468.58,   604.96
  476.25,   221.11,   349.62
  477.01,   219.38,   475.86
  474.62,   216.37,   601.64
  479.71,   344.80,   352.39
  480.55,   341.78,   478.27
  479.06,   339.60,   604.02
  482.96,   468.92,   355.54
  483.56,   465.37,   481.16
  483.09,   464.21,   606.19
  601.99,   218.39,   350.64
  601.21,   216.34,   475.55
  599.00,   213.04,   600.74
  604.79,   341.48,   353.40
  605.16,   337.84,   478.41
  603.57,   335.78,   603.72
  607.62,   465.28,   356.43
  607.89,   461.07,   481.58
  607.68,   459.17,   606.40
  352.06,   225.62,   476.98
  355.01,   227.77,   602.59
  357.25,   229.81,   726.94
  354.60,   349.90,   473.00
  358.12,   352.52,   598.42
  360.60,   355.14,   723.95
  356.36,   474.70,   470.13
  360.32,   478.17,   595.22
  364.16,   480.98,   720.95
  477.87,   224.34,   472.95
  480.08,   226.72,   598.54
  480.53,   228.57,   723.27
  480.59,   347.00,   470.15
  483.38,   350.14,   595.33
  484.96,   353.07,   720.70
  481.99,   470.42,   467.63
  485.88,   474.27,   592.99
  488.66,   479.28,   717.77
  602.34,   222.18,   468.53
  603.97,   224.20,   593.60
  605.83,   225.62,   719.24
  604.96,   344.09,   466.18
  607.83,   346.86,   591.14
  610.91,   350.10,   716.69
  606.32,   467.36,   463.98
  610.76,   470.38,   589.06
  614.65,   476.50,   713.96
  349.30,   226.01,   603.09
  346.69,   226.01,   727.50
  346.22,   226.84,   851.61
  347.71,   350.89,   600.96
  345.95,   351.30,   726.64
  344.48,   351.86,   851.69
  346.06,   476.45,   599.65
  345.05,   477.34,   725.12
  343.54,   477.14,   851.09
  474.07,   229.35,   603.77
  470.33,   229.07,   728.35
  469.17,   229.54,   852.42
  473.10,   352.79,   602.70
  470.13,   354.02,   727.72
  468.64,   354.00,   852.57
  471.34,   477.31,   601.71
  469.65,   480.01,   726.90
  467.58,   480.39,   852.41
  598.56,   231.48,   603.49
  595.36,   230.77,   729.17
  594.64,   230.16,   854.03
  597.93,   354.11,   602.95
  596.05,   355.54,   728.75
  595.53,   355.37,   853.24
  596.32,   477.91,   602.56
  595.45,   482.30,   727.71
  594.27,   483.11,   852.96
  350.53,   349.66,    98.06
  348.36,   347.29,   223.29
  347.37,   345.31,   348.00
  352.01,   474.93,   101.25
  350.12,   471.97,   226.20
  348.37,   470.01,   350.38
  353.72,   600.12,   103.33
  351.59,   597.45,   227.45
  349.54,   595.17,   352.27
  474.31,   349.63,    99.45
  472.14,   346.84,   224.13
  472.71,   344.24,   349.73
  476.24,   475.51,   102.99
  474.12,   472.17,   226.97
  473.89,   468.23,   352.37
  478.36,   600.44,   104.97
  476.56,   597.12,   229.03
  474.92,   593.62,   355.04
  600.71,   349.82,   102.33
  598.85,   346.65,   227.34
  597.86,   343.07,   352.33
  601.72,   475.96,   104.48
  600.15,   472.49,   229.04
  598.64,   467.00,   355.01
  603.50,   599.95,   106.43
  601.14,   597.10,   231.18
  598.88,   592.29,   357.18
  350.60,   348.34,   225.49
  355.07,   347.76,   349.88
  359.00,   347.11,   475.29
  350.88,   473.20,   227.04
  354.87,   472.33,   351.11
  358.69,   471.72,   475.64
  351.10,   598.67,   227.10
  354.54,   597.81,   352.22
  357.95,   597.21,   477.49
  474.42,   349.44,   220.83
  480.27,   348.02,   346.61
  485.36,   346.57,   472.40
  474.95,   475.08,   222.59
  480.13,   472.05,   347.87
  484.51,   470.11,   473.43
  476.01,   599.82,   223.24
  479.70,   597.32,   349.14
  483.52,   595.88,   474.85
  601.24,   350.82,   218.45
  605.73,   348.07,   343.78
  609.64,   346.24,   468.49
  600.74,   476.90,   219.17
  604.74,   472.37,   344.66
  608.75,   469.43,   470.22
  600.67,   601.30,   219.70
  603.92,   597.96,   345.68
  607.25,   595.55,   471.31
  350.39,   348.83,   348.32
  351.70,   352.62,   473.59
  352.36,   356.37,   598.74
  353.54,   473.30,   345.08
  354.93,   477.28,   469.54
  355.65,   481.72,   594.47
  357.15,   598.58,   341.32
  357.99,   602.64,   466.84
  358.94,   607.09,   591.87
  475.69,   345.28,   347.52
  477.69,   348.58,   473.59
  477.68,   352.85,   598.97
  478.94,   469.65,   344.36
  480.44,   472.24,   470.19
  481.53,   477.11,   595.01
  482.40,   594.63,   340.88
  483.33,   597.67,   467.00
  484.00,   602.45,   592.21
  600.75,   341.98,   347.29
  602.03,   344.67,   472.49
  601.99,   348.44,   597.98
  603.54,   465.96,   343.89
  604.85,   467.68,   469.26
  605.92,   471.99,   594.35
  606.62,   591.30,   340.32
  607.24,   593.90,   466.03
  608.73,   597.90,   591.05
  351.43,   351.55,   473.23
  354.00,   350.07,   598.73
  356.17,   347.91,   724.50
  348.80,   476.37,   474.74
  352.14,   475.57,   599.92
  355.13,   474.18,   725.31
  346.43,   601.47,   477.31
  349.80,   600.81,   602.58
  353.21,   599.82,   726.94
  477.28,   352.81,   471.01
  479.52,   351.76,   596.62
  480.45,   350.93,   721.81
  474.69,   476.44,   473.14
  477.84,   476.25,   598.11
  479.62,   476.92,   723.24
  471.73,   602.25,   475.27
  474.94,   602.02,   600.64
  477.50,   602.98,   724.32
  601.80,   354.27,   467.95
  604.16,   352.98,   593.36
  606.08,   352.11,   718.52
  598.96,   477.68,   470.24
  602.40,   476.98,   595.10
  605.65,   478.91,   720.00
  595.86,   604.08,   472.16
  599.57,   603.26,   597.14
  603.22,   604.67,   720.90
  351.21,   350.18,   599.65
  352.24,   347.93,   724.93
  353.60,   345.80,   850.05
  349.60,   475.58,   600.83
  351.44,   473.99,   726.79
  352.79,   471.25,   852.31
  347.51,   600.87,   603.98
  349.83,   599.81,   728.64
  351.19,   596.79,   854.14
  476.72,   352.09,   598.35
  476.41,   350.52,   723.42
  477.97,   348.04,   848.54
  475.16,   476.53,   600.17
  476.08,   476.80,   724.93
  477.44,   474.38,   850.66
  472.36,   602.04,   602.95
  474.41,   602.56,   726.65
  475.32,   601.06,   852.31
  601.08,   353.09,   595.85
  602.59,   351.63,   721.18
  604.86,   349.26,   845.94
  599.77,   477.04,   598.06
  601.96,   478.26,   722.87
  604.25,   477.21,   848.01
  597.04,   602.91,   600.49
  599.55,   604.43,   724.38
  601.46,   603.65,   849.76
  351.00,   476.18,    99.03
  350.62,   474.10,   223.64
  350.88,   472.41,   348.22
  353.61,   601.74,   100.80
  352.97,   599.44,   224.70
  352.80,   597.66,   349.84
  356.07,   727.22,   101.12
  354.74,   724.92,   224.95
  354.56,   723.32,   351.09
  475.33,   476.09,    99.15
  474.85,   473.49,   223.21
  475.90,   469.94,   348.49
  478.12,   601.04,   100.34
  477.96,   598.32,   224.74
  478.28,   595.14,   350.61
  481.82,   724.58,   101.10
  480.78,   722.74,   225.29
  480.31,   720.80,   351.76
  600.64,   475.36,    98.61
  600.50,   472.60,   223.42
  600.88,   467.36,   349.16
  603.36,   599.46,   100.44
  602.99,   597.53,   224.85
  602.44,   592.77,   351.06
  605.74,   722.02,   101.69
  605.00,   720.78,   226.10
  603.94,   719.16,   352.31
  351.24,   474.61,   226.51
  350.53,   471.88,   350.90
  350.04,   469.66,   475.36
  351.87,   599.83,   228.53
  350.59,   597.27,   353.46
  349.86,   594.77,   478.95
  351.50,   725.06,   229.81
  350.67,   722.79,   355.73
  349.96,   720.57,   482.35
  475.63,   475.68,   226.99
  475.91,   471.28,   352.42
  475.80,   467.74,   477.69
  476.99,   600.53,   229.60
  476.05,   596.63,   355.25
  475.25,   593.24,   480.99
  477.43,   725.27,   230.88
  476.33,   722.32,   357.25
  474.90,   720.17,   483.65
  601.22,   476.99,   227.81
  600.96,   470.83,   353.76
  600.26,   466.27,   478.70
  601.39,   601.76,   230.09
  600.20,   596.26,   356.30
  599.34,   592.52,   482.06
  601.80,   724.83,   232.44
  600.30,   722.80,   358.62
  598.83,   720.27,   484.82
  350.28,   475.20,   350.44
  348.33,   475.37,   474.96
  346.21,   476.17,   599.79
  351.34,   600.64,   350.65
  349.21,   600.61,   476.07
  347.47,   601.32,   601.21
  352.58,   726.06,   350.55
  350.38,   726.15,   477.09
  348.01,   726.40,   602.68
  475.42,   473.19,   352.75
  474.05,   472.46,   478.43
  471.66,   473.27,   603.40
  476.65,   598.72,   353.20
  474.57,   598.24,   479.14
  472.51,   599.06,   604.21
  477.82,   724.65,   353.05
  475.42,   725.05,   479.39
  472.57,   725.35,   604.95
  600.16,   471.59,   355.31
  598.55,   470.09,   480.65
  596.45,   470.77,   605.57
  600.78,   597.53,   355.73
  598.58,   596.08,   481.59
  597.29,   596.69,   606.14
  601.85,   723.81,   355.57
  599.28,   723.96,   481.52
  597.37,   724.01,   606.29
  351.41,   475.74,   475.98
  349.20,   476.91,   600.94
  346.34,   477.65,   726.68
  352.02,   601.37,   476.64
  349.75,   602.16,   601.73
  347.66,   603.27,   726.46
  353.24,   726.76,   477.21
  350.21,   727.13,   602.86
  347.50,   728.08,   726.95
  477.49,   472.83,   480.03
  474.56,   474.70,   605.12
  470.81,   477.61,   729.96
  477.62,   598.85,   480.14
  474.97,   600.60,   605.35
  472.10,   603.49,   729.25
  478.32,   725.83,   479.80
  474.79,   726.99,   605.17
  472.07,   728.36,   729.48
  601.69,   470.95,   482.77
  599.42,   472.41,   607.78
  596.79,   476.34,   732.86
  601.66,   597.11,   483.00
  599.96,   598.26,   607.70
  597.19,   602.27,   731.81
  602.05,   725.15,   482.72
  599.52,   725.79,   607.42
  597.19,   726.09,   731.40
  350.07,   476.06,   600.11
  353.40,   479.62,   725.55
  355.71,   482.05,   851.35
  347.51,   601.39,   597.98
  350.97,   605.30,   722.37
  353.63,   607.87,   847.92
  344.76,   725.81,   596.06
  347.55,   729.94,   720.06
  350.20,   732.56,   844.08
  475.84,   476.74,   598.30
  477.77,   482.76,   723.20
  480.04,   485.78,   848.72
  472.76,   602.42,   595.91
  475.26,   608.57,   719.67
  477.57,   612.38,   845.13
  469.25,   729.05,   592.76
  472.01,   733.36,   717.26
  475.85,   736.17,   840.62
  600.44,   477.61,   595.22
  603.95,   484.33,   719.91
  606.65,   488.87,   845.10
  597.36,   603.73,   592.52
  600.70,   610.14,   716.39
  603.32,   615.15,   841.10
  593.62,   731.53,   589.44
  596.97,   734.67,   713.24
  600.66,   737.71,   836.22
  349.69,   600.70,    99.26
  349.46,   597.37,   223.20
  349.18,   594.65,   348.07
  347.79,   725.88,   100.68
  346.97,   722.71,   224.39
  347.00,   720.21,   350.37
  345.57,   850.45,   103.18
  343.68,   848.01,   226.05
  344.62,   844.97,   352.13
  474.51,   603.96,    99.03
  474.32,   600.33,   223.24
  474.80,   596.28,   348.76
  473.38,   727.64,   100.50
  472.97,   724.87,   224.41
  472.39,   722.40,   350.93
  471.59,   850.59,   103.49
  470.07,   849.50,   226.45
  469.79,   847.75,   352.58
  599.48,   606.47,    98.57
  599.09,   603.90,   222.86
  598.89,   598.49,   348.99
  597.70,   729.24,   100.47
  597.15,   726.95,   224.82
  596.33,   724.86,   351.52
  594.59,   852.06,   103.40
  594.55,   849.80,   226.84
  594.48,   849.84,   353.27
  351.33,   599.25,   223.65
  354.50,   602.08,   348.69
  357.65,   604.88,   474.36
  350.29,   724.81,   219.59
  353.64,   727.34,   345.39
  357.19,   730.52,   472.15
  348.79,   850.06,   215.89
  352.92,   852.31,   341.95
  356.43,   854.95,   468.36
  476.23,   600.71,   220.16
  479.90,   602.05,   345.78
  483.09,   604.12,   471.93
  476.36,   725.27,   216.09
  479.11,   727.81,   342.66
  482.24,   731.06,   468.90
  475.01,   849.58,   212.84
  477.97,   853.15,   338.87
  481.22,   856.45,   464.86
  600.76,   602.42,   216.57
  604.05,   602.89,   342.87
  606.81,   604.32,   468.39
  600.47,   725.52,   213.24
  602.90,   728.72,   339.50
  606.07,   732.12,   465.54
  599.31,   848.22,   209.90
  602.86,   853.50,   336.27
  606.00,   857.87,   462.25
  349.08,   600.69,   348.92
  350.25,   602.43,   474.62
  352.17,   604.63,   599.73
  351.92,   725.90,   347.16
  353.36,   727.70,   473.76
  354.56,   729.63,   599.58
  354.39,   851.00,   344.83
  356.37,   852.30,   471.48
  357.46,   853.45,   596.94
  474.06,   597.05,   348.14
  475.77,   597.82,   474.22
  477.52,   600.66,   599.30
  477.33,   722.76,   346.20
  478.24,   724.87,   472.50
  479.17,   726.85,   598.17
  479.95,   848.28,   343.76
  481.14,   850.09,   469.93
  482.09,   851.48,   595.43
  598.51,   594.21,   346.98
  599.89,   594.18,   472.76
  602.20,   596.54,   597.59
  601.06,   720.35,   345.08
  602.45,   722.08,   471.28
  603.97,   723.66,   596.17
  604.17,   845.35,   342.86
  605.56,   848.63,   468.98
  606.59,   849.62,   594.26
  348.46,   598.39,   476.08
  349.75,   595.54,   601.22
  351.02,   592.35,   725.80
  350.64,   723.79,   480.50
  351.68,   720.13,   606.09
  352.32,   717.48,   730.03
  352.88,   848.40,   482.95
  353.31,   844.56,   608.94
  353.29,   841.05,   733.48
  474.23,   594.67,   476.11
  474.90,   592.04,   601.21
  475.64,   591.24,   725.36
  475.77,   721.71,   479.68
  476.19,   718.55,   605.27
  476.54,   716.17,   729.39
  477.58,   846.76,   482.43
  477.78,   843.30,   607.59
  478.59,   839.52,   732.52
  598.19,   591.94,   475.23
  599.76,   588.85,   599.89
  601.09,   588.63,   723.98
  599.84,   719.75,   479.02
  600.81,   716.11,   603.62
  601.94,   712.86,   727.42
  602.23,   845.92,   482.13
  602.43,   841.97,   607.12
  603.39,   836.70,   731.42
  351.25,   601.47,   599.80
  355.13,   602.84,   724.46
  358.26,   602.69,   849.79
  347.64,   726.41,   600.53
  350.96,   727.79,   724.87
  354.22,   727.68,   848.98
  344.22,   850.47,   598.95
  346.90,   851.13,   723.62
  350.09,   852.00,   847.68
  476.23,   603.58,   597.00
  479.70,   606.95,   720.98
  482.49,   608.04,   846.19
  471.97,   730.25,   596.69
  475.50,   731.60,   721.09
  479.86,   731.83,   844.40
  468.62,   854.45,   595.18
  472.22,   854.67,   719.97
  476.36,   854.59,   843.32
  600.73,   605.96,   592.89
  604.79,   609.43,   716.92
  608.33,   611.42,   841.76
  596.34,   733.44,   592.50
  600.33,   733.85,   716.42
  604.85,   734.26,   839.72
  593.08,   858.92,   591.96
  596.71,   858.07,   716.17
  601.41,   857.39,   839.01
  475.68,   100.98,    99.05
  475.98,    99.67,   223.74
  476.55,    98.88,   350.06
  471.31,   226.79,   100.07
  471.95,   224.52,   225.06
  474.76,   223.65,   351.59
  469.02,   352.74,   103.47
  469.27,   349.83,   227.75
  471.99,   347.37,   353.54
  601.32,   103.47,    99.72
  601.94,   102.79,   225.16
  602.27,   102.08,   350.13
  597.99,   228.79,   102.08
  598.67,   227.63,   226.77
  600.16,   226.64,   352.03
  595.06,   356.67,   103.65
  595.89,   353.87,   228.91
  597.24,   350.23,   354.02
  727.16,   105.60,   100.88
  728.59,   106.06,   226.73
  728.53,   105.28,   350.56
  725.88,   231.62,   104.96
  726.90,   231.18,   230.08
  725.23,   230.33,   352.49
  723.18,   360.42,   105.50
  724.12,   357.43,   231.26
  722.26,   353.07,   354.27
  473.07,   100.95,   225.19
  475.98,    99.51,   351.72
  478.29,    97.25,   477.48
  471.26,   225.95,   226.88
  476.43,   224.30,   353.40
  479.91,   222.40,   479.48
  470.79,   351.32,   230.58
  475.90,   348.10,   356.21
  479.27,   345.14,   481.82
  599.28,   101.86,   223.93
  601.77,   100.60,   349.43
  604.12,    98.32,   474.16
  597.78,   226.79,   226.40
  601.94,   225.47,   351.59
  604.16,   223.40,   476.47
  597.44,   352.95,   228.97
  600.82,   348.60,   354.17
  603.81,   345.21,   479.30
  725.55,   103.30,   223.42
  728.05,   102.01,   347.63
  730.04,    98.72,   471.21
  726.08,   228.31,   227.68
  727.15,   226.77,   350.21
  727.88,   223.41,   473.19
  725.51,   354.47,   229.53
  725.71,   349.62,   352.26
  727.36,   345.98,   475.88
  473.54,   102.41,   350.18
  476.14,   106.54,   475.81
  477.87,   110.57,   600.65
  473.18,   227.26,   345.64
  476.93,   231.47,   472.02
  477.72,   234.93,   597.70
  471.67,   351.12,   342.35
  475.70,   354.27,   468.13
  477.36,   358.07,   593.50
  599.46,   104.17,   347.53
  601.75,   108.40,   472.50
  603.66,   111.68,   597.43
  598.83,   229.09,   343.97
  601.39,   232.97,   468.79
  602.07,   236.15,   594.10
  597.18,   352.50,   340.48
  600.05,   354.84,   465.39
  602.00,   358.54,   590.82
  725.50,   106.04,   345.81
  727.54,   109.01,   469.75
  729.76,   112.25,   593.69
  724.18,   230.84,   342.37
  724.99,   233.60,   465.48
  725.86,   236.47,   590.40
  722.41,   354.11,   338.62
  723.67,   355.77,   461.86
  725.73,   359.15,   587.13
  472.56,    99.87,   477.43
  469.91,   103.21,   602.48
  467.18,   105.86,   727.03
  476.40,   224.60,   474.09
  472.41,   227.45,   599.98
  467.41,   229.51,   724.69
  478.00,   347.33,   470.94
  475.16,   350.78,   596.62
  470.76,   354.28,   721.54
  598.08,    98.49,   478.71
  595.58,   101.67,   603.68
  593.00,   104.24,   728.99
  600.59,   223.63,   475.81
  596.69,   226.10,   600.84
  592.26,   227.43,   726.18
  602.35,   345.43,   472.83
  599.52,   348.52,   598.32
  596.69,   352.13,   723.79
  724.18,    96.48,   480.44
  722.11,    99.14,   604.40
  719.76,   102.02,   730.26
  724.13,   221.38,   476.76
  720.95,   223.55,   601.58
  718.37,   224.87,   727.87
  726.01,   343.55,   473.64
  723.42,   346.30,   599.09
  722.85,   349.76,   724.98
  475.07,   101.23,   601.57
  471.36,   104.74,   726.30
  469.07,   106.86,   850.12
  475.04,   225.69,   598.24
  468.82,   228.28,   722.97
  465.36,   231.49,   846.94
  475.38,   348.86,   594.13
  469.98,   353.10,   719.70
  466.14,   356.25,   844.62
  600.48,   102.42,   603.80
  596.98,   105.38,   728.85
  593.65,   108.50,   854.11
  599.19,   226.78,   600.49
  593.91,   228.67,   725.82
  590.81,   231.45,   850.75
  599.55,   349.33,   596.93
  595.69,   353.64,   722.45
  592.93,   356.40,   847.22
  727.16,   102.24,   605.66
  723.46,   105.36,   731.36
  718.65,   108.54,   857.43
  723.29,   226.81,   602.41
  719.95,   228.86,   728.63
  717.95,   230.72,   853.97
  723.56,   349.58,   599.05
  722.09,   353.39,   724.76
  720.10,   357.75,   850.14
  473.31,   223.27,    98.14
  476.75,   223.61,   223.00
  483.42,   225.27,   349.23
  471.14,   349.13,    98.70
  474.75,   349.15,   223.27
  481.02,   349.14,   349.16
  469.79,   475.13,    99.52
  473.41,   474.62,   223.57
  478.72,   473.37,   349.05
  599.59,   224.93,    96.57
  603.71,   226.19,   221.34
  608.50,   228.06,   346.25
  597.42,   352.71,    95.98
  601.52,   352.67,   220.96
  606.23,   351.43,   345.91
  595.53,   478.54,    95.41
  599.14,   478.41,   220.16
  603.15,   475.33,   345.75
  727.38,   227.00,    96.03
  732.18,   229.23,   221.34
  733.96,   230.87,   343.83
  725.13,   355.62,    93.89
  729.71,   355.63,   220.22
  731.09,   353.86,   343.13
  721.79,   481.21,    91.77
  726.31,   481.38,   217.51
  728.25,   477.84,   342.41
  473.19,   223.20,   224.18
  477.02,   226.50,   350.63
  479.24,   229.86,   476.82
  474.32,   348.35,   222.34
  478.28,   350.20,   348.42
  481.00,   352.30,   473.98
  476.51,   473.82,   220.75
  479.14,   474.33,   346.20
  481.35,   476.17,   471.84
  599.91,   221.63,   225.09
  602.61,   225.72,   350.02
  603.74,   228.52,   475.00
  601.29,   348.13,   222.55
  603.47,   349.32,   347.41
  605.29,   350.52,   472.74
  602.21,   474.33,   219.64
  604.15,   473.41,   345.46
  605.87,   473.69,   470.84
  727.94,   221.47,   227.07
  727.79,   225.43,   349.97
  727.27,   226.86,   472.88
  729.39,   348.11,   224.16
  728.38,   347.96,   346.99
  728.79,   349.34,   470.38
  729.41,   473.52,   219.46
  729.27,   472.36,   344.40
  729.50,   472.84,   468.30
  475.94,   225.49,   348.35
  480.54,   227.36,   474.38
  482.29,   228.15,   600.25
  477.71,   349.38,   347.61
  482.70,   350.17,   473.35
  485.07,   351.27,   598.57
  479.13,   473.59,   346.92
  483.70,   473.37,   472.45
  486.80,   475.89,   597.79
  601.66,   224.42,   345.31
  604.87,   226.07,   470.52
  606.51,   226.38,   595.75
  602.74,   347.77,   344.42
  606.85,   347.76,   469.51
  609.51,   348.63,   594.90
  604.06,   471.88,   343.71
  607.80,   470.84,   469.20
  611.62,   472.71,   594.13
  726.90,   223.47,   342.98
  728.51,   223.65,   466.26
  730.84,   223.92,   591.09
  727.84,   346.49,   341.76
  730.28,   345.98,   465.11
  733.16,   346.89,   589.94
  729.03,   470.29,   340.48
  731.90,   469.49,   464.60
  735.90,   470.63,   589.05
  475.32,   225.85,   473.56
  473.14,   222.76,   599.60
  469.44,   219.31,   724.44
  474.05,   348.70,   476.34
  472.22,   346.28,   601.73
  469.73,   344.06,   726.86
  471.56,   472.05,   479.20
  470.93,   470.82,   604.16
  469.33,   470.23,   729.19
  599.66,   227.65,   473.57
  597.57,   224.87,   598.99
  594.73,   220.89,   724.23
  598.19,   349.67,   476.41
  596.94,   347.42,   601.76
  595.55,   345.27,   727.46
  595.75,   472.94,   479.83
  595.75,   471.00,   604.62
  595.51,   471.90,   729.81
  723.63,   229.16,   473.09
  721.85,   225.50,   598.08
  720.70,   221.53,   724.43
  722.00,   351.14,   475.63
  720.94,   348.47,   600.96
  721.66,   346.26,   726.97
  719.67,   474.58,   479.19
  720.07,   472.27,   603.83
  722.02,   472.82,   729.32
  473.38,   227.81,   602.10
  469.55,   226.61,   727.09
  468.14,   225.85,   851.01
  471.53,   351.08,   602.21
  468.67,   351.08,   727.43
  467.29,   350.22,   852.60
  469.28,   475.79,   602.48
  467.24,   477.39,   727.52
  465.80,   476.55,   853.36
  597.47,   230.36,   602.07
  594.57,   228.40,   727.59
  593.54,   227.20,   852.25
  596.26,   353.05,   602.75
  594.46,   353.28,   728.06
  594.10,   352.14,   852.83
  594.16,   476.85,   603.24
  593.45,   479.92,   728.38
  592.38,   480.02,   853.68
  721.78,   232.04,   601.63
  720.55,   230.23,   727.97
  720.98,   228.32,   853.51
  720.13,   354.98,   602.27
  720.76,   355.25,   728.03
  721.04,   355.09,   853.90
  718.65,   479.23,   602.80
  720.26,   481.88,   728.39
  719.79,   482.40,   853.64
  471.86,   349.60,    99.48
  470.12,   349.63,   223.74
  470.47,   349.71,   349.70
  474.41,   475.44,   100.01
  472.66,   475.26,   224.25
  472.00,   473.73,   349.66
  477.09,   600.51,    99.26
  475.40,   600.28,   223.75
  473.94,   599.09,   349.32
  598.18,   349.07,   101.82
  596.63,   349.07,   226.80
  595.83,   347.82,   351.95
  600.13,   475.37,   101.51
  598.34,   474.89,   226.09
  596.98,   472.03,   351.92
  602.15,   599.25,   100.93
  600.10,   599.65,   225.48
  597.90,   597.57,   351.38
  726.32,   348.62,   106.10
  724.78,   347.91,   231.90
  720.64,   346.21,   354.45
  726.87,   474.28,   103.55
  725.59,   473.74,   229.13
  721.69,   470.13,   353.76
  727.81,   597.27,   102.97
  725.15,   598.37,   227.19
  722.37,   596.27,   353.06
  474.72,   350.81,   223.18
  479.57,   347.84,   349.03
  482.89,   345.15,   474.88
  478.43,   476.63,   226.52
  481.73,   471.93,   351.95
  484.73,   468.73,   477.30
  482.00,   601.26,   228.65
  484.12,   597.54,   354.59
  486.48,   594.42,   480.46
  601.57,   349.58,   222.34
  604.78,   345.50,   347.37
  607.25,   342.35,   472.46
  603.94,   475.51,   224.55
  606.59,   469.36,   349.91
  609.11,   465.14,   475.21
  606.71,   599.98,   226.54
  608.38,   594.86,   352.76
  610.13,   591.16,   478.08
  729.80,   348.28,   223.31
  729.68,   343.53,   346.17
  730.63,   339.75,   469.24
  731.28,   473.56,   223.49
  731.48,   467.32,   348.18
  733.01,   463.18,   472.36
  731.71,   598.07,   224.56
  732.62,   593.41,   350.08
  734.17,   589.34,   475.27
  475.04,   347.88,   350.28
  474.31,   344.77,   476.16
  471.36,   342.07,   601.61
  472.13,   472.10,   353.83
  470.91,   468.21,   479.40
  468.95,   466.55,   604.33
  469.57,   597.21,   356.78
  467.57,   593.87,   482.94
  465.68,   592.15,   607.86
  600.02,   350.66,   352.90
  598.60,   346.50,   478.07
  595.76,   343.94,   603.36
  596.78,   474.32,   356.12
  595.35,   469.79,   481.36
  593.56,   468.04,   606.21
  593.58,   599.84,   359.19
  591.75,   595.80,   484.90
  590.55,   593.77,   609.58
  725.07,   353.24,   355.31
  722.07,   349.05,   478.76
  719.61,   346.10,   604.02
  721.64,   477.41,   358.20
  719.30,   472.52,   482.57
  718.05,   469.87,   607.19
  717.52,   603.33,   361.05
  715.30,   598.94,   486.16
  715.02,   596.09,   610.43
  477.95,   348.56,   474.42
  480.12,   351.33,   599.83
  480.74,   354.07,   725.25
  477.05,   472.33,   472.71
  479.86,   475.72,   597.81
  481.59,   480.39,   722.37
  475.37,   597.84,   470.68
  478.49,   601.36,   595.86
  481.27,   606.09,   720.09
  602.41,   348.44,   471.36
  604.36,   351.01,   596.60
  606.63,   353.99,   722.04
  601.22,   471.85,   469.53
  604.59,   474.80,   594.71
  607.81,   480.28,   719.62
  599.51,   597.96,   467.85
  603.23,   600.98,   592.45
  606.77,   606.27,   716.49
  726.04,   349.02,   467.26
  728.48,   351.03,   592.53
  732.57,   353.60,   718.06
  725.26,   472.19,   465.40
  728.77,   474.76,   590.19
  734.22,   479.98,   715.72
  723.38,   598.91,   464.10
  727.46,   600.85,   588.22
  732.51,   605.08,   712.44
  475.64,   348.49,   600.76
  474.88,   351.84,   726.04
  476.07,   353.87,   850.99
  477.73,   472.91,   598.01
  478.61,   477.76,   723.18
  479.36,   480.41,   848.72
  479.16,   598.36,   596.18
  480.61,   603.67,   720.23
  481.38,   607.15,   845.41
  599.72,   345.50,   598.87
  600.67,   348.90,   724.43
  603.17,   351.21,   848.98
  602.34,   469.51,   596.09
  604.65,   475.35,   721.27
  606.10,   479.10,   846.58
  603.87,   595.25,   593.89
  606.03,   601.43,   717.95
  607.32,   605.40,   842.97
  723.72,   343.11,   595.91
  726.92,   346.20,   721.72
  730.11,   349.44,   847.25
  726.72,   466.89,   593.32
  731.05,   472.64,   718.48
  733.89,   477.12,   843.80
  728.25,   592.83,   590.64
  732.22,   597.68,   714.94
  734.68,   601.46,   839.59
  475.94,   476.94,   100.66
  471.97,   472.45,   224.87
  470.11,   466.89,   350.13
  479.20,   601.79,   104.37
  475.45,   597.24,   228.61
  472.20,   591.95,   353.90
  482.54,   725.25,   106.56
  478.04,   721.33,   230.93
  474.12,   718.08,   357.45
  601.34,   476.11,   103.94
  598.01,   471.45,   228.68
  594.62,   464.24,   354.21
  603.99,   599.96,   107.05
  600.09,   595.97,   232.12
  596.42,   589.69,   357.95
  606.32,   722.35,   110.58
  602.20,   719.51,   234.89
  598.26,   716.14,   361.26
  728.19,   474.55,   107.78
  724.74,   469.62,   233.20
  719.61,   462.12,   358.02
  729.27,   597.53,   111.06
  725.23,   593.96,   235.65
  720.41,   587.79,   361.35
  730.16,   719.68,   114.94
  725.34,   717.42,   239.07
  721.50,   714.80,   364.84
  474.48,   474.64,   225.52
  476.13,   475.72,   351.14
  477.24,   477.71,   476.76
  474.71,   599.78,   222.64
  475.23,   600.95,   348.35
  475.52,   603.63,   474.08
  474.11,   724.01,   218.20
  474.26,   727.08,   344.70
  473.82,   730.66,   471.18
  600.44,   477.14,   225.47
  601.11,   476.78,   351.19
  601.62,   478.01,   476.31
  599.42,   602.13,   221.96
  599.33,   602.16,   348.29
  599.36,   604.14,   474.26
  598.48,   725.13,   218.73
  598.08,   728.46,   344.99
  597.86,   731.94,   471.04
  727.67,   478.84,   226.31
  725.91,   477.76,   350.97
  725.31,   479.06,   475.15
  724.30,   603.39,   222.23
  723.56,   604.00,   347.82
  723.29,   605.53,   473.24
  721.40,   726.34,   219.01
  721.20,   730.70,   344.76
  721.82,   734.05,   470.42
  474.82,   472.90,   351.73
  478.87,   471.37,   477.21
  481.94,   472.58,   602.06
  475.41,   597.94,   352.19
  478.89,   597.07,   478.06
  481.92,   598.21,   602.96
  475.92,   723.98,   351.80
  478.79,   724.08,   478.12
  481.32,   724.66,   603.87
  599.96,   472.06,   348.86
  603.49,   469.90,   473.98
  606.78,   470.57,   599.10
  599.47,   597.62,   349.06
  602.59,   596.04,   474.95
  606.48,   596.59,   599.54
  599.72,   723.88,   348.98
  602.58,   724.21,   475.28
  605.77,   724.08,   600.17
  724.74,   471.92,   345.53
  727.40,   469.61,   469.74
  731.24,   469.45,   594.62
  723.74,   597.80,   345.71
  726.62,   596.03,   471.02
  731.04,   595.74,   594.95
  722.96,   724.41,   345.70
  726.57,   724.30,   471.67
  730.14,   723.39,   596.08
  474.89,   475.01,   474.64
  475.38,   474.38,   599.71
  474.82,   475.50,   724.76
  476.41,   600.76,   476.90
  476.84,   600.27,   602.10
  476.72,   601.29,   725.97
  477.98,   727.58,   478.32
  477.53,   726.61,   603.83
  478.10,   726.24,   728.04
  599.16,   471.86,   474.10
  600.01,   471.10,   599.24
  600.68,   472.82,   724.23
  600.14,   597.89,   476.28
  601.43,   597.10,   600.84
  602.22,   599.05,   725.11
  601.99,   725.78,   477.74
  602.39,   724.58,   602.57
  603.42,   723.09,   726.16
  723.42,   469.63,   472.46
  724.35,   468.29,   597.47
  727.41,   470.00,   722.74
  724.39,   596.02,   475.04
  726.00,   594.52,   599.00
  728.78,   595.57,   723.66
  725.67,   724.49,   476.91
  726.76,   722.20,   601.17
  727.96,   718.60,   724.27
  477.07,   474.34,   598.94
  476.11,   475.89,   723.86
  475.19,   474.68,   849.47
  476.03,   600.17,   600.17
  475.87,   601.57,   724.35
  474.97,   601.08,   849.84
  474.38,   726.27,   601.52
  474.36,   726.58,   725.75
  475.02,   725.44,   849.64
  601.75,   473.37,   598.60
  602.01,   475.71,   723.55
  602.10,   475.71,   848.79
  600.67,   599.59,   599.68
  601.39,   601.94,   724.00
  600.79,   602.43,   849.23
  598.94,   727.02,   600.73
  599.46,   726.04,   724.75
  599.73,   725.36,   847.96
  726.18,   473.13,   597.39
  728.80,   475.49,   722.79
  729.48,   475.99,   847.96
  725.33,   599.31,   598.27
  727.60,   600.57,   722.80
  727.74,   600.39,   847.30
  723.22,   726.81,   599.64
  724.24,   724.15,   722.89
  724.06,   723.77,   847.13
  473.94,   600.86,   101.57
  475.81,   596.71,   225.83
  478.17,   591.83,   351.73
  472.29,   724.40,   104.16
  473.42,   720.84,   228.04
  475.09,   717.62,   354.73
  468.93,   847.30,   107.70
  469.35,   845.49,   230.82
  471.38,   843.10,   356.86
  598.90,   604.71,    99.62
  600.62,   600.95,   223.75
  602.31,   595.15,   349.99
  596.09,   726.99,   102.48
  597.85,   724.32,   226.57
  598.90,   721.34,   353.06
  591.91,   850.03,   105.88
  593.78,   847.11,   229.43
  595.74,   846.60,   355.90
  724.37,   607.07,    97.84
  725.68,   604.64,   222.05
  726.42,   599.03,   348.21
  720.08,   730.20,   101.29
  720.51,   727.55,   225.49
  722.28,   725.72,   351.14
  714.69,   854.05,   104.08
  717.19,   850.08,   228.50
  720.15,   850.33,   354.94
  473.61,   601.66,   224.92
  472.95,   603.21,   350.54
  471.53,   605.69,   476.90
  474.26,   726.09,   220.97
  472.99,   729.19,   347.16
  471.23,   732.45,   473.59
  473.91,   850.43,   217.51
  472.29,   854.42,   343.11
  471.20,   857.54,   469.65
  598.51,   602.71,   226.17
  597.16,   603.10,   352.22
  595.66,   604.91,   477.86
  598.73,   726.24,   222.36
  596.78,   729.49,   348.77
  595.55,   733.12,   474.93
  598.13,   848.91,   219.01
  596.94,   854.38,   345.27
  595.71,   859.02,   471.42
  723.31,   603.06,   227.19
  721.16,   603.69,   353.30
  719.71,   605.23,   478.58
  721.68,   726.04,   224.54
  720.02,   730.46,   350.23
  719.19,   733.67,   475.72
  721.42,   848.71,   221.14
  721.29,   854.80,   347.77
  720.59,   860.04,   473.49
  476.20,   599.61,   349.26
  478.17,   599.90,   475.30
  480.27,   601.98,   600.74
  473.46,   725.79,   348.25
  475.03,   726.97,   474.83
  476.36,   728.54,   600.34
  470.06,   851.14,   346.54
  471.95,   852.11,   472.59
  473.14,   852.72,   598.22
  600.52,   602.76,   347.75
  602.40,   602.37,   473.67
  605.01,   603.93,   598.28
  597.25,   729.02,   346.67
  598.83,   730.29,   472.71
  600.88,   731.49,   597.75
  594.52,   853.75,   345.31
  596.43,   856.09,   471.38
  597.69,   856.58,   596.53
  724.65,   606.64,   345.57
  726.18,   605.57,   470.80
  729.19,   606.18,   595.03
  720.66,   732.96,   344.74
  722.75,   734.21,   470.52
  724.94,   733.81,   595.06
  718.59,   857.08,   344.21
  721.11,   860.24,   470.31
  722.22,   860.98,   595.71
  476.18,   598.41,   476.49
  478.42,   598.23,   601.78
  480.39,   599.71,   725.84
  479.21,   725.38,   478.02
  481.14,   724.44,   603.37
  483.33,   724.27,   727.50
  482.97,   850.34,   477.94
  484.78,   849.33,   603.44
  486.79,   847.46,   728.18
  600.16,   593.94,   474.10
  603.41,   593.08,   598.81
  606.13,   595.06,   722.72
  603.38,   721.84,   475.55
  605.61,   720.76,   600.20
  608.53,   719.35,   723.92
  607.25,   848.15,   476.14
  609.03,   846.33,   601.26
  611.55,   843.33,   725.68
  723.83,   590.26,   470.93
  727.69,   589.04,   595.25
  732.33,   589.79,   719.56
  726.81,   718.87,   472.62
  729.82,   716.40,   596.74
  733.46,   713.51,   720.04
  731.83,   845.53,   474.62
  733.27,   843.50,   599.57
  734.57,   840.36,   723.29
  475.14,   600.57,   602.82
  473.73,   600.44,   726.91
  471.84,   597.17,   852.61
  475.03,   727.19,   606.52
  474.19,   725.05,   730.74
  473.88,   721.53,   854.20
  476.45,   851.61,   608.23
  475.10,   848.05,   733.01
  475.29,   844.33,   855.93
  599.78,   598.52,   603.65
  599.39,   598.37,   727.45
  597.62,   596.45,   852.95
  599.97,   725.61,   606.70
  599.49,   722.56,   730.58
  598.59,   719.88,   854.10
  601.14,   851.35,   609.80
  599.80,   846.56,   733.78
  600.15,   843.06,   856.01
  724.50,   596.67,   602.95
  725.41,   595.85,   727.56
  724.78,   593.23,   852.30
  724.28,   723.73,   606.82
  724.21,   718.87,   729.72
  722.94,   716.49,   854.11
  724.96,   850.96,   611.13
  723.18,   845.56,   734.63
  722.15,   843.42,   857.76
  598.31,    97.59,    98.29
  595.90,    96.06,   223.54
  593.42,    94.49,   348.66
  596.74,   223.05,   101.06
  594.80,   220.68,   226.00
  593.73,   219.42,   350.97
  596.11,   350.85,   104.12
  594.02,   347.14,   228.76
  592.87,   342.65,   354.01
  723.90,    97.60,   101.96
  722.61,    97.47,   227.63
  719.69,    95.53,   352.07
  724.80,   223.44,   107.03
  722.73,   222.27,   231.90
  719.05,   220.53,   354.48
  724.56,   352.26,   108.75
  722.17,   348.42,   234.14
  717.92,   343.42,   356.91
  848.16,    98.55,   103.68
  846.58,    97.98,   229.89
  844.80,    96.79,   355.09
  850.39,   224.82,   110.96
  847.68,   224.21,   235.37
  842.92,   221.28,   357.46
  851.09,   351.64,   113.30
  847.72,   348.58,   237.71
  842.15,   343.92,   359.33
  601.83,   100.24,   225.60
  604.40,   101.04,   350.59
  606.61,   101.08,   475.48
  599.19,   224.52,   225.64
  603.02,   225.91,   350.57
  605.12,   226.25,   475.72
  597.12,   351.03,   225.79
  600.44,   348.98,   350.94
  603.18,   347.93,   476.25
  728.30,   102.65,   224.78
  730.34,   103.69,   349.09
  732.39,   102.57,   472.94
  727.41,   227.48,   226.78
  728.01,   228.70,   349.16
  728.57,   227.59,   472.59
  725.04,   354.05,   226.13
  725.33,   351.47,   349.12
  727.08,   349.94,   472.57
  852.22,   105.06,   222.09
  855.20,   106.19,   347.31
  857.72,   104.79,   470.38
  851.82,   231.31,   225.31
  851.97,   230.64,   347.20
  852.78,   229.63,   469.89
  850.50,   355.90,   224.98
  849.93,   353.48,   346.60
  850.64,   352.63,   469.25
  600.60,   102.74,   351.93
  604.34,   100.06,   476.59
  607.33,    97.10,   601.38
  603.55,   227.85,   354.25
  606.97,   225.06,   479.48
  608.52,   221.81,   604.52
  605.17,   350.78,   357.28
  608.97,   347.07,   482.63
  611.59,   344.25,   607.68
  726.64,   101.55,   348.79
  730.38,    97.91,   472.39
  734.23,    94.23,   596.63
  728.67,   226.51,   351.71
  730.65,   222.65,   474.71
  732.95,   219.05,   599.74
  729.70,   349.25,   354.15
  732.70,   344.89,   477.38
  735.51,   342.10,   602.87
  851.70,   100.23,   345.69
  855.88,    96.08,   469.01
  859.81,    91.48,   592.63
  852.41,   224.92,   348.34
  854.53,   221.03,   470.92
  857.91,   217.50,   595.30
  854.32,   347.76,   350.37
  856.40,   344.02,   473.05
  860.25,   340.99,   598.01
  600.22,   102.60,   475.09
  597.81,   102.49,   599.85
  595.20,   101.77,   725.09
  599.81,   227.53,   475.17
  595.80,   226.61,   600.23
  591.47,   225.03,   725.71
  598.67,   349.31,   475.33
  595.73,   349.36,   600.70
  593.01,   349.65,   726.45
  726.12,   103.29,   476.29
  724.22,   102.75,   600.73
  722.00,   102.10,   726.42
  723.36,   228.06,   476.02
  719.94,   227.25,   601.27
  717.93,   225.35,   727.43
  722.35,   350.38,   476.22
  719.71,   350.06,   601.48
  719.23,   350.31,   727.47
  851.67,   104.32,   478.40
  849.99,   102.76,   602.22
  847.54,   102.84,   727.69
  847.63,   229.58,   477.61
  845.05,   228.63,   602.64
  844.13,   228.03,   729.76
  845.95,   352.35,   477.33
  844.37,   352.02,   602.61
  844.01,   352.37,   730.09
  600.26,   101.25,   599.61
  603.63,   102.54,   724.77
  606.67,   104.00,   850.11
  600.92,   225.83,   598.44
  601.91,   226.09,   723.73
  605.85,   226.52,   848.66
  602.88,   348.31,   596.63
  605.90,   350.60,   722.19
  609.86,   351.73,   847.16
  727.21,    99.22,   595.13
  730.33,   100.95,   720.61
  732.15,   102.08,   846.65
  725.03,   224.04,   593.71
  728.31,   224.26,   720.01
  732.69,   224.01,   845.61
  726.72,   346.94,   592.23
  731.61,   348.81,   717.96
  736.80,   350.97,   843.53
  852.52,    97.14,   591.03
  855.59,    98.88,   716.42
  858.57,    99.96,   842.81
  849.94,   223.10,   589.46
  854.20,   224.30,   716.33
  858.41,   225.55,   842.90
  851.23,   346.61,   587.45
  856.15,   348.73,   714.97
  859.34,   352.08,   842.19
  597.14,   225.81,    99.31
  598.61,   227.87,   224.39
  600.88,   230.73,   349.11
  599.67,   353.59,    97.74
  600.94,   354.36,   222.53
  603.01,   354.20,   347.84
  602.23,   479.41,    95.92
  603.30,   480.45,   220.59
  604.93,   478.27,   346.43
  724.88,   223.18,   101.36
  726.78,   226.38,   226.57
  726.09,   229.02,   349.45
  727.51,   352.14,    98.72
  729.23,   352.89,   224.59
  728.28,   352.01,   347.25
  728.90,   477.57,    95.13
  730.38,   478.73,   220.68
  729.72,   475.90,   345.62
  850.46,   221.60,   101.72
  851.24,   225.27,   226.45
  850.45,   226.97,   348.48
  853.84,   348.49,    99.57
  854.52,   350.41,   224.63
  852.63,   349.94,   346.49
  855.04,   473.52,    95.69
  855.93,   474.65,   221.57
  854.87,   474.11,   344.23
  599.06,   226.09,   225.89
  602.20,   226.12,   350.77
  604.24,   225.08,   475.86
  599.99,   352.17,   227.18
  602.94,   349.20,   352.19
  605.68,   346.85,   477.20
  601.08,   477.96,   228.00
  603.66,   473.28,   353.57
  606.29,   470.34,   479.19
  726.89,   225.77,   227.16
  727.59,   225.53,   349.54
  727.92,   223.57,   472.92
  728.28,   351.95,   227.89
  728.18,   348.61,   350.44
  729.38,   345.64,   474.20
  728.10,   477.55,   227.10
  728.72,   472.37,   351.75
  730.02,   469.45,   475.90
  851.53,   225.76,   225.66
  851.65,   224.77,   348.10
  851.91,   222.49,   470.52
  853.41,   350.83,   226.64
  852.60,   347.32,   348.37
  852.85,   345.33,   470.94
  853.85,   475.00,   226.42
  853.68,   471.55,   349.23
  854.79,   469.19,   472.38
  600.29,   224.33,   348.12
  598.91,   221.73,   473.43
  595.28,   217.73,   598.73
  599.98,   347.71,   351.82
  599.30,   343.45,   476.73
  596.86,   340.46,   602.04
  599.85,   471.36,   355.12
  598.87,   466.51,   480.47
  598.19,   464.36,   605.59
  725.23,   224.65,   350.61
  722.53,   220.78,   473.89
  719.84,   216.84,   598.67
  725.13,   347.64,   353.43
  722.92,   342.94,   477.05
  720.81,   339.52,   602.14
  724.88,   471.45,   356.76
  722.82,   466.47,   480.71
  722.53,   463.50,   605.74
  849.42,   224.53,   352.39
  846.74,   220.45,   475.01
  844.84,   216.61,   599.60
  849.66,   347.33,   354.47
  846.64,   343.28,   477.16
  845.47,   339.98,   602.90
  849.73,   471.50,   357.10
  847.52,   467.07,   480.52
  847.51,   463.97,   606.08
  602.70,   227.76,   472.83
  603.00,   225.72,   597.97
  603.10,   222.93,   723.51
  603.29,   349.50,   474.28
  604.61,   348.17,   599.87
  606.08,   347.47,   725.01
  602.82,   472.65,   476.24
  605.44,   472.15,   601.57
  608.01,   473.97,   726.48
  726.33,   226.66,   469.61
  727.36,   224.76,   594.51
  729.19,   222.07,   720.82
  726.81,   349.21,   471.20
  728.62,   347.68,   596.05
  731.97,   346.41,   722.34
  726.88,   472.54,   473.06
  729.75,   471.41,   597.66
  734.49,   472.92,   723.26
  850.53,   227.09,   467.32
  852.45,   224.67,   591.70
  855.18,   222.91,   718.80
  850.73,   349.91,   467.91
  853.05,   348.12,   593.25
  856.69,   347.29,   720.38
  851.67,   473.62,   469.17
  854.65,   472.41,   594.53
  858.86,   472.69,   721.22
  599.45,   224.69,   600.56
  594.73,   222.72,   726.12
  592.77,   221.20,   851.05
  597.58,   347.08,   601.47
  594.51,   347.37,   726.83
  592.45,   346.05,   851.70
  595.04,   471.03,   602.14
  593.06,   474.00,   727.19
  590.57,   473.84,   852.36
  723.59,   226.90,   601.62
  721.13,   224.86,   727.78
  719.91,   222.71,   853.66
  721.54,   349.92,   602.56
  720.75,   349.63,   728.26
  719.54,   349.36,   853.63
  719.30,   473.86,   603.02
  719.61,   476.22,   728.48
  717.97,   476.94,   853.84
  848.60,   230.21,   603.38
  847.37,   229.37,   730.39
  846.14,   227.81,   856.39
  845.84,   353.50,   603.75
  845.51,   353.79,   730.93
  842.87,   354.29,   857.35
  844.38,   477.74,   603.97
  844.07,   479.27,   730.50
  841.13,   479.07,   856.49
  598.48,   350.60,   100.67
  595.38,   348.66,   225.73
  593.41,   346.10,   350.74
  597.14,   476.63,   101.59
  593.97,   474.58,   226.36
  591.55,   470.25,   352.09
  596.26,   600.79,   102.23
  592.97,   599.19,   226.96
  589.69,   595.78,   352.96
  726.60,   352.89,   106.05
  723.41,   350.67,   231.63
  718.35,   347.70,   354.48
  723.91,   478.57,   104.94
  721.25,   476.39,   230.45
  716.53,   471.35,   355.21
  721.78,   601.78,   105.71
  717.79,   600.88,   230.31
  713.65,   597.50,   356.14
  852.82,   353.17,   111.28
  849.09,   351.99,   235.89
  842.82,   348.81,   357.33
  850.16,   478.25,   110.08
  846.85,   476.55,   235.07
  841.24,   472.94,   357.75
  846.84,   602.19,   110.11
  842.94,   601.32,   234.16
  838.98,   599.57,   358.67
  599.18,   351.66,   223.93
  598.30,   347.14,   349.02
  597.22,   343.18,   474.34
  601.83,   477.32,   226.40
  600.49,   471.00,   352.16
  599.40,   466.50,   477.55
  604.65,   601.85,   229.21
  602.76,   596.32,   355.18
  600.99,   592.50,   480.80
  727.38,   349.52,   228.34
  723.49,   344.50,   351.38
  720.54,   340.04,   474.89
  728.82,   475.08,   229.45
  725.42,   468.04,   354.05
  723.08,   463.47,   477.95
  729.50,   599.30,   230.87
  727.01,   594.32,   356.75
  724.89,   589.54,   481.62
  852.32,   346.58,   231.38
  847.99,   341.60,   352.73
  844.11,   337.97,   475.46
  854.57,   470.51,   232.30
  850.53,   465.51,   354.92
  847.66,   461.62,   478.21
  854.87,   595.14,   233.65
  852.06,   591.92,   357.62
  850.87,   588.06,   481.96
  600.27,   349.37,   351.93
  600.41,   345.69,   476.76
  599.13,   343.53,   602.13
  599.39,   473.33,   354.51
  599.56,   469.03,   479.78
  599.54,   467.38,   604.69
  598.26,   598.89,   357.08
  597.92,   595.04,   483.05
  598.45,   593.45,   607.50
  725.37,   349.84,   352.57
  723.98,   346.19,   476.10
  722.89,   343.56,   601.55
  724.28,   473.62,   355.24
  723.28,   469.59,   479.50
  723.74,   467.45,   604.20
  722.80,   599.92,   357.27
  721.76,   595.62,   482.72
  723.08,   593.48,   606.64
  849.80,   350.21,   353.03
  847.75,   346.94,   475.72
  847.69,   344.34,   601.34
  849.46,   474.62,   355.11
  848.19,   471.07,   478.27
  848.89,   468.46,   603.50
  847.70,   601.05,   357.09
  847.87,   597.72,   481.38
  848.71,   594.87,   606.53
  599.94,   347.67,   475.56
  598.26,   347.71,   600.80
  597.05,   347.67,   726.50
  602.89,   470.99,   476.54
  602.81,   471.19,   601.74
  602.70,   474.31,   726.61
  605.36,   597.10,   477.61
  605.78,   597.25,   602.65
  605.75,   600.02,   726.58
  723.35,   344.29,   474.60
  722.49,   343.27,   600.07
  723.16,   342.92,   726.00
  726.73,   467.61,   475.75
  727.06,   467.22,   600.54
  729.13,   469.46,   726.20
  729.32,   593.84,   477.41
  730.53,   593.10,   601.70
  732.06,   594.98,   726.07
  846.98,   341.15,   474.16
  846.74,   340.39,   599.48
  847.74,   340.37,   727.02
  851.34,   464.90,   474.91
  851.97,   464.45,   600.20
  853.28,   465.55,   726.56
  855.29,   591.44,   476.11
  856.09,   590.77,   600.90
  857.36,   590.82,   726.65
  600.13,   347.76,   600.06
  597.40,   350.99,   725.36
  595.26,   352.80,   850.45
  599.12,   471.39,   597.70
  597.40,   477.32,   722.47
  595.09,   481.01,   847.89
  597.02,   597.59,   595.48
  595.13,   603.42,   719.51
  592.34,   607.55,   844.54
  723.99,   348.82,   600.75
  723.52,   351.58,   726.88
  722.69,   354.74,   852.45
  723.56,   472.63,   598.25
  723.91,   478.36,   723.61
  722.57,   482.59,   849.18
  721.23,   598.96,   595.92
  721.41,   603.78,   720.42
  719.29,   607.16,   845.00
  848.51,   351.27,   601.96
  848.30,   354.28,   729.56
  845.57,   358.28,   855.78
  848.65,   475.15,   599.40
  848.54,   479.76,   725.85
  845.46,   482.99,   851.69
  847.17,   601.61,   597.15
  846.84,   604.95,   722.12
  844.89,   606.99,   846.89
  597.84,   477.93,   100.73
  597.44,   473.30,   225.62
  597.03,   466.08,   351.19
  597.40,   601.99,   104.33
  596.21,   597.92,   229.03
  595.46,   591.30,   355.13
  596.74,   724.28,   107.42
  595.57,   721.20,   232.16
  593.93,   717.83,   358.66
  724.86,   479.42,   101.89
  724.43,   474.92,   227.69
  721.94,   466.91,   352.21
  722.70,   602.56,   105.52
  721.35,   599.25,   230.04
  719.61,   592.85,   355.69
  720.69,   725.14,   108.94
  718.52,   722.27,   233.40
  717.46,   719.92,   359.27
  851.07,   478.70,   104.37
  849.97,   474.47,   229.82
  846.80,   468.50,   352.43
  847.65,   602.61,   107.44
  846.51,   599.33,   231.88
  844.83,   594.79,   355.87
  845.44,   726.48,   111.11
  842.70,   723.71,   234.44
  841.91,   721.68,   359.79
  599.96,   476.49,   222.77
  600.26,   472.83,   348.79
  600.74,   471.33,   474.02
  602.01,   600.98,   222.44
  601.80,   598.46,   348.78
  601.85,   597.42,   474.29
  603.91,   724.44,   221.74
  603.40,   724.88,   348.45
  603.34,   725.16,   474.23
  727.01,   475.26,   224.03
  725.55,   471.00,   348.52
  724.84,   469.25,   472.93
  726.74,   599.73,   222.52
  725.92,   597.46,   348.30
  725.63,   595.88,   473.59
  727.08,   722.72,   222.60
  726.78,   723.95,   348.06
  726.87,   724.24,   474.11
  852.75,   471.82,   225.25
  850.52,   469.53,   347.96
  849.35,   468.69,   471.55
  852.23,   596.52,   223.71
  851.31,   595.99,   347.97
  851.40,   595.44,   471.92
  851.50,   721.16,   222.44
  851.26,   722.44,   347.96
  852.54,   723.73,   473.58
  598.73,   473.88,   350.78
  598.73,   472.08,   476.42
  598.73,   472.45,   601.40
  598.55,   599.56,   351.34
  598.51,   598.22,   477.18
  598.83,   598.85,   601.73
  599.25,   725.98,   351.33
  598.61,   726.18,   477.24
  598.17,   725.91,   602.47
  723.40,   473.45,   351.31
  722.68,   471.37,   475.44
  723.12,   471.14,   600.54
  723.11,   599.52,   351.42
  722.22,   597.50,   476.44
  723.30,   597.59,   601.05
  722.54,   726.33,   351.35
  722.38,   726.28,   477.32
  722.52,   724.83,   601.67
  848.56,   473.16,   350.97
  847.34,   471.43,   474.28
  847.98,   471.38,   599.66
  848.06,   599.43,   350.97
  848.38,   598.31,   475.40
  849.21,   597.96,   600.23
  847.06,   726.13,   351.66
  847.88,   727.03,   477.07
  848.31,   725.21,   601.59
  599.65,   472.67,   477.12
  601.89,   474.69,   602.05
  603.69,   479.31,   726.99
  595.69,   598.82,   476.45
  598.12,   600.84,   601.30
  600.30,   604.99,   725.38
  592.51,   726.74,   475.48
  593.93,   727.94,   600.64
  596.12,   729.03,   724.06
  723.50,   475.58,   474.33
  726.35,   476.96,   599.10
  730.31,   481.44,   724.47
  719.58,   601.86,   474.19
  722.60,   603.28,   598.58
  726.15,   606.55,   722.80
  715.90,   730.31,   473.43
  717.88,   730.74,   597.99
  720.39,   729.65,   720.95
  848.25,   479.68,   471.29
  851.20,   481.08,   596.30
  854.74,   483.89,   723.14
  845.21,   606.45,   471.14
  848.15,   607.40,   595.61
  851.68,   608.77,   720.92
  841.17,   734.91,   471.39
  843.36,   734.93,   596.04
  846.28,   733.67,   719.88
  601.34,   473.11,   600.65
  604.87,   476.77,   725.52
  607.59,   477.90,   850.55
  604.10,   599.01,   600.67
  607.78,   602.74,   724.52
  610.25,   604.29,   849.58
  606.25,   726.49,   600.20
  609.84,   726.80,   723.93
  613.04,   727.20,   847.07
  725.73,   468.90,   596.26
  731.33,   472.41,   721.58
  735.16,   474.28,   847.08
  728.51,   595.17,   596.09
  734.03,   597.52,   720.48
  737.48,   598.68,   845.09
  730.47,   722.84,   596.13
  734.34,   720.96,   719.45
  737.35,   721.81,   843.37
  850.48,   466.68,   591.93
  855.35,   468.40,   718.67
  857.25,   469.84,   845.29
  854.05,   592.95,   591.86
  858.96,   593.89,   717.26
  861.84,   593.73,   842.33
  856.11,   720.45,   592.82
  860.69,   718.81,   717.05
  866.21,   719.40,   841.16
  600.56,   600.35,    97.68
  602.21,   602.93,   222.36
  603.55,   603.03,   348.45
  597.71,   722.70,    94.87
  599.48,   726.06,   218.80
  600.45,   729.15,   345.40
  594.21,   845.75,    92.54
  595.75,   848.71,   215.60
  597.57,   854.10,   341.90
  726.04,   602.76,    96.21
  726.94,   606.08,   220.33
  727.86,   606.93,   346.33
  721.70,   725.50,    93.38
  722.09,   728.90,   217.61
  723.59,   733.35,   343.33
  716.94,   849.72,    90.54
  718.88,   851.63,   214.41
  721.74,   857.14,   340.81
  850.50,   604.56,    95.16
  852.15,   608.03,   219.63
  853.06,   610.13,   343.88
  846.92,   728.93,    92.76
  846.26,   732.42,   215.88
  848.14,   737.01,   341.19
  842.63,   853.36,    88.68
  843.69,   856.18,   212.62
  846.07,   861.25,   339.18
  601.22,   602.65,   224.40
  602.40,   598.66,   350.67
  604.09,   596.33,   476.54
  600.06,   726.18,   225.40
  600.89,   725.01,   351.96
  602.17,   723.91,   477.98
  598.22,   849.02,   226.18
  600.04,   850.24,   352.36
  601.19,   850.48,   478.69
  726.24,   604.59,   223.19
  726.77,   600.95,   349.06
  727.85,   597.74,   474.27
  723.10,   727.40,   224.63
  724.35,   727.35,   350.36
  726.14,   726.46,   476.04
  721.39,   850.07,   225.36
  723.89,   852.15,   352.04
  725.91,   853.00,   478.20
  851.43,   604.63,   222.69
  852.14,   602.68,   346.92
  854.03,   600.83,   471.22
  847.11,   728.98,   223.23
  848.81,   729.58,   348.62
  851.19,   728.98,   474.27
  846.27,   853.30,   224.37
  848.02,   854.19,   350.99
  849.74,   854.99,   477.59
  598.02,   600.79,   351.02
  597.04,   599.38,   476.80
  596.57,   600.23,   601.33
  595.78,   726.81,   350.53
  594.58,   727.40,   476.63
  593.32,   727.54,   601.64
  593.81,   851.98,   349.65
  592.74,   853.47,   476.21
  590.75,   852.95,   601.40
  722.01,   603.36,   351.68
  720.91,   601.83,   477.01
  721.24,   601.84,   601.31
  718.90,   730.18,   351.37
  717.96,   730.33,   477.34
  717.30,   729.33,   601.50
  718.03,   854.74,   351.98
  717.05,   856.78,   478.13
  715.17,   856.08,   602.90
  847.40,   606.27,   351.97
  846.52,   605.76,   476.53
  846.66,   605.15,   601.11
  843.67,   732.89,   352.31
  843.43,   734.12,   478.16
  842.74,   732.33,   602.50
  842.14,   857.68,   353.35
  841.15,   859.83,   480.10
  839.22,   859.74,   605.27
  601.40,   595.89,   475.84
  604.74,   599.96,   600.62
  608.18,   606.34,   724.36
  599.80,   724.02,   472.84
  602.20,   727.39,   597.38
  605.46,   730.22,   721.23
  598.99,   850.30,   468.95
  601.23,   852.94,   594.09
  603.44,   854.57,   718.66
  725.36,   597.33,   472.31
  729.46,   600.85,   596.56
  734.28,   605.61,   720.49
  723.29,   726.14,   469.45
  726.70,   728.38,   593.69
  730.23,   729.06,   717.16
  723.59,   852.39,   467.22
  725.13,   855.09,   592.08
  726.61,   856.65,   716.23
  851.05,   600.11,   467.90
  854.88,   603.30,   592.70
  859.53,   606.61,   717.87
  848.86,   728.49,   466.37
  852.10,   730.31,   590.62
  856.25,   731.46,   714.92
  847.36,   854.15,   465.11
  849.53,   857.59,   590.37
  852.56,   859.97,   714.23
  600.13,   599.00,   599.87
  600.75,   600.91,   723.79
  600.70,   601.33,   848.92
  601.77,   726.35,   600.97
  602.63,   725.26,   724.83
  603.44,   724.17,   848.35
  605.20,   852.08,   602.21
  605.36,   849.02,   726.17
  606.93,   847.49,   848.99
  724.60,   595.07,   597.94
  726.87,   596.34,   722.28
  727.87,   595.99,   847.23
  726.21,   722.52,   599.70
  727.33,   719.42,   722.95
  727.82,   719.05,   846.91
  729.02,   849.87,   602.09
  728.24,   846.64,   726.19
  729.01,   845.86,   849.11
  849.95,   593.07,   596.46
  852.35,   592.59,   722.17
  852.49,   590.83,   847.18
  851.97,   720.52,   598.98
  853.70,   717.22,   723.16
  856.16,   716.00,   847.22
  853.21,   847.46,   602.76
  854.47,   845.51,   726.13
  858.24,   843.91,   849.30
