27, 125, pa2-debug-d-output1.txt
  194.42,   203.97,   201.18
  394.37,   397.73,   193.78
  101.30,   101.23,   100.00
  103.90,   104.34,   224.93
  106.51,   107.45,   349.87
  104.03,   226.16,    96.83
  106.64,   229.27,   221.77
  109.24,   232.38,   346.70
  106.76,   351.09,    93.67
  109.37,   354.20,   218.60
  111.98,   357.31,   343.54
  226.24,    98.43,    97.46
  228.85,   101.54,   222.40
  231.45,   104.65,   347.33
  228.97,   223.36,    94.30
  231.58,   226.47,   219.23
  234.19,   229.58,   344.17
  231.71,   348.29,    91.13
  234.31,   351.40,   216.07
  236.92,   354.51,   341.00
  351.18,    95.63,    94.93
  353.79,    98.74,   219.86
  356.39,   101.85,   344.79
  353.92,   220.56,    91.76
  356.52,   223.67,   216.69
  359.13,   226.78,   341.63
  356.65,   345.49,    88.60
  359.26,   348.60,   213.53
  361.86,   351.71,   338.46
  101.38,   101.13,   225.82
  100.48,   100.82,   350.81
   99.59,   100.52,   475.81
   98.45,   226.09,   226.10
   97.55,   225.79,   351.09
   96.65,   225.48,   476.09
   95.51,   351.06,   226.38
   94.62,   350.75,   351.38
   93.72,   350.45,   476.37
  226.34,   104.06,   226.72
  225.44,   103.75,   351.72
  224.55,   103.45,   476.71
  223.41,   229.02,   227.00
  222.51,   228.72,   352.00
  221.62,   228.42,   476.99
  220.47,   353.99,   227.28
  219.58,   353.68,   352.28
  218.68,   353.38,   477.28
  351.30,   106.99,   227.62
  350.41,   106.68,   352.62
  349.51,   106.38,   477.62
  348.37,   231.95,   227.90
  347.47,   231.65,   352.90
  346.58,   231.35,   477.90
  345.44,   356.92,   228.19
  344.54,   356.61,   353.18
  343.64,   356.31,   478.18
  100.26,   101.25,   351.97
  101.65,   101.12,   476.96
  103.04,   101.00,   601.95
   96.62,   226.20,   352.14
   98.00,   226.07,   477.13
   99.39,   225.94,   602.12
   92.97,   351.15,   352.30
   94.36,   351.02,   477.30
   95.74,   350.89,   602.29
  225.20,   104.90,   350.58
  226.59,   104.77,   475.58
  227.98,   104.64,   600.57
  221.55,   229.85,   350.75
  222.94,   229.72,   475.75
  224.33,   229.59,   600.74
  217.91,   354.79,   350.92
  219.30,   354.67,   475.91
  220.68,   354.54,   600.91
  350.14,   108.55,   349.20
  351.53,   108.42,   474.19
  352.91,   108.29,   599.19
  346.49,   233.49,   349.37
  347.88,   233.37,   474.36
  349.27,   233.24,   599.35
  342.85,   358.44,   349.54
  344.24,   358.31,   474.53
  345.62,   358.18,   599.52
  100.84,   100.66,   474.55
  103.54,    98.14,   599.50
  106.24,    95.62,   724.45
  103.08,   225.61,   477.02
  105.78,   223.10,   601.97
  108.48,   220.58,   726.91
  105.33,   350.57,   479.49
  108.03,   348.05,   604.43
  110.73,   345.53,   729.38
  225.79,    98.47,   471.81
  228.49,    95.95,   596.76
  231.19,    93.44,   721.70
  228.04,   223.42,   474.28
  230.73,   220.91,   599.22
  233.43,   218.39,   724.17
  230.28,   348.38,   476.75
  232.98,   345.86,   601.69
  235.68,   343.35,   726.64
  350.74,    96.28,   469.07
  353.44,    93.76,   594.01
  356.14,    91.25,   718.96
  352.99,   221.23,   471.54
  355.69,   218.72,   596.48
  358.38,   216.20,   721.43
  355.23,   346.19,   474.00
  357.93,   343.67,   598.95
  360.63,   341.16,   723.89
   99.91,    98.77,   601.69
  102.79,    98.79,   726.65
  105.66,    98.80,   851.62
   98.91,   223.77,   601.70
  101.78,   223.78,   726.66
  104.66,   223.80,   851.63
   97.90,   348.77,   601.71
  100.78,   348.78,   726.67
  103.66,   348.79,   851.64
  224.87,    99.78,   598.81
  227.75,    99.79,   723.78
  230.62,    99.80,   848.74
  223.87,   224.77,   598.82
  226.75,   224.79,   723.79
  229.62,   224.80,   848.75
  222.87,   349.77,   598.83
  225.74,   349.78,   723.80
  228.62,   349.80,   848.76
  349.84,   100.78,   595.93
  352.71,   100.79,   720.90
  355.59,   100.81,   845.87
  348.83,   225.78,   595.94
  351.71,   225.79,   720.91
  354.58,   225.80,   845.88
  347.83,   350.77,   595.95
  350.71,   350.78,   720.92
  353.58,   350.80,   845.89
   98.05,   225.10,    99.24
  101.23,   227.85,   224.16
  104.40,   230.59,   349.09
  100.21,   350.05,    96.43
  103.39,   352.80,   221.36
  106.56,   355.54,   346.29
  102.37,   475.00,    93.63
  105.55,   477.75,   218.56
  108.72,   480.49,   343.49
  222.99,   222.87,    96.11
  226.17,   225.62,   221.04
  229.34,   228.36,   345.97
  225.15,   347.82,    93.31
  228.33,   350.57,   218.24
  231.50,   353.31,   343.17
  227.31,   472.77,    90.50
  230.49,   475.52,   215.43
  233.66,   478.26,   340.36
  347.93,   220.64,    92.99
  351.11,   223.39,   217.91
  354.28,   226.14,   342.84
  350.09,   345.59,    90.18
  353.27,   348.34,   215.11
  356.44,   351.09,   340.04
  352.25,   470.54,    87.38
  355.43,   473.29,   212.31
  358.60,   476.03,   337.24
  101.52,   223.20,   225.68
  102.01,   222.97,   350.68
  102.51,   222.74,   475.68
  102.79,   348.20,   225.91
  103.29,   347.96,   350.91
  103.79,   347.73,   475.91
  104.07,   473.19,   226.14
  104.57,   472.96,   351.13
  105.06,   472.73,   476.13
  226.51,   221.93,   225.18
  227.01,   221.70,   350.18
  227.50,   221.46,   475.18
  227.78,   346.92,   225.41
  228.28,   346.69,   350.41
  228.78,   346.46,   475.41
  229.06,   471.91,   225.64
  229.56,   471.68,   350.63
  230.06,   471.45,   475.63
  351.50,   220.65,   224.68
  352.00,   220.42,   349.68
  352.50,   220.19,   474.68
  352.78,   345.65,   224.91
  353.27,   345.41,   349.91
  353.77,   345.18,   474.91
  354.05,   470.64,   225.14
  354.55,   470.41,   350.13
  355.05,   470.18,   475.13
   98.16,   226.89,   348.06
   97.84,   228.33,   473.05
   97.52,   229.76,   598.04
   98.44,   351.88,   346.62
   98.12,   353.32,   471.62
   97.79,   354.75,   596.61
   98.71,   476.88,   345.19
   98.39,   478.31,   470.18
   98.07,   479.75,   595.17
  223.16,   226.62,   348.38
  222.84,   228.05,   473.37
  222.52,   229.49,   598.37
  223.44,   351.61,   346.95
  223.11,   353.05,   471.94
  222.79,   354.48,   596.93
  223.71,   476.60,   345.51
  223.39,   478.04,   470.51
  223.07,   479.47,   595.50
  348.16,   226.35,   348.71
  347.84,   227.78,   473.70
  347.51,   229.22,   598.69
  348.44,   351.34,   347.27
  348.11,   352.77,   472.27
  347.79,   354.21,   597.26
  348.71,   476.33,   345.84
  348.39,   477.76,   470.83
  348.07,   479.20,   595.82
   98.36,   223.61,   474.07
   98.66,   225.70,   599.06
   98.96,   227.78,   724.04
  101.02,   348.56,   471.98
  101.32,   350.65,   596.96
  101.62,   352.74,   721.94
  103.68,   473.52,   469.89
  103.98,   475.60,   594.87
  104.27,   477.69,   719.85
  223.33,   220.95,   473.82
  223.63,   223.03,   598.80
  223.93,   225.12,   723.78
  225.99,   345.90,   471.73
  226.29,   347.99,   596.71
  226.59,   350.08,   721.69
  228.65,   470.85,   469.63
  228.95,   472.94,   594.61
  229.25,   475.03,   719.60
  348.30,   218.28,   473.57
  348.60,   220.37,   598.55
  348.90,   222.46,   723.53
  350.96,   343.24,   471.47
  351.26,   345.33,   596.45
  351.56,   347.42,   721.44
  353.62,   468.19,   469.38
  353.92,   470.28,   594.36
  354.22,   472.37,   719.34
  100.36,   223.39,   598.22
  102.17,   221.01,   723.19
  103.98,   218.64,   848.15
  101.70,   348.36,   600.57
  103.51,   345.98,   725.54
  105.31,   343.61,   850.50
  103.04,   473.33,   602.93
  104.85,   470.96,   727.89
  106.65,   468.58,   852.86
  225.34,   222.08,   596.39
  227.15,   219.71,   721.35
  228.96,   217.34,   846.32
  226.68,   347.05,   598.74
  228.49,   344.68,   723.71
  230.29,   342.31,   848.67
  228.02,   472.02,   601.09
  229.83,   469.65,   726.06
  231.63,   467.28,   851.02
  350.32,   220.78,   594.56
  352.13,   218.41,   719.52
  353.94,   216.03,   844.49
  351.66,   345.75,   596.91
  353.47,   343.38,   721.87
  355.27,   341.01,   846.84
  353.00,   470.72,   599.26
  354.80,   468.35,   724.23
  356.61,   465.98,   849.19
   98.57,   350.69,    99.14
  101.12,   349.63,   224.11
  103.68,   348.57,   349.08
   95.72,   475.65,   100.26
   98.27,   474.59,   225.23
  100.82,   473.53,   350.20
   92.86,   600.61,   101.38
   95.41,   599.55,   226.35
   97.96,   598.49,   351.32
  223.51,   353.57,    96.61
  226.07,   352.51,   221.58
  228.62,   351.44,   346.55
  220.66,   478.53,    97.73
  223.21,   477.47,   222.70
  225.76,   476.41,   347.67
  217.80,   603.49,    98.85
  220.35,   602.43,   223.82
  222.90,   601.37,   348.79
  348.46,   356.44,    94.09
  351.01,   355.38,   219.06
  353.56,   354.32,   344.03
  345.60,   481.41,    95.21
  348.15,   480.35,   220.17
  350.70,   479.29,   345.14
  342.74,   606.37,    96.32
  345.29,   605.31,   221.29
  347.84,   604.25,   346.26
  100.79,   350.53,   223.90
  102.09,   349.51,   348.88
  103.40,   348.49,   473.87
  101.46,   475.53,   224.91
  102.76,   474.51,   349.90
  104.07,   473.49,   474.89
  102.13,   600.52,   225.92
  103.44,   599.50,   350.91
  104.74,   598.48,   475.90
  225.78,   349.87,   222.58
  227.08,   348.85,   347.57
  228.39,   347.83,   472.56
  226.45,   474.87,   223.59
  227.76,   473.85,   348.58
  229.06,   472.83,   473.57
  227.12,   599.86,   224.61
  228.43,   598.84,   349.60
  229.74,   597.82,   474.59
  350.77,   349.21,   221.27
  352.08,   348.19,   346.26
  353.38,   347.17,   471.25
  351.44,   474.21,   222.28
  352.75,   473.19,   347.27
  354.06,   472.17,   472.26
  352.11,   599.20,   223.29
  353.42,   598.18,   348.28
  354.73,   597.16,   473.27
   99.53,   350.42,   349.09
   96.01,   352.33,   474.03
   92.48,   354.24,   598.96
   96.40,   475.37,   347.09
   92.88,   477.28,   472.03
   89.36,   479.19,   596.96
   93.28,   600.31,   345.09
   89.75,   602.22,   470.03
   86.23,   604.13,   594.97
  224.44,   353.60,   352.57
  220.92,   355.51,   477.50
  217.40,   357.42,   602.44
  221.32,   478.55,   350.57
  217.79,   480.46,   475.50
  214.27,   482.37,   600.44
  218.19,   603.49,   348.57
  214.67,   605.40,   473.50
  211.14,   607.31,   598.44
  349.35,   356.78,   356.04
  345.83,   358.69,   480.98
  342.31,   360.61,   605.91
  346.23,   481.73,   354.04
  342.70,   483.64,   478.98
  339.18,   485.55,   603.91
  343.10,   606.67,   352.04
  339.58,   608.58,   476.98
  336.05,   610.49,   601.91
   98.74,   350.38,   476.29
  100.22,   347.72,   601.26
  101.71,   345.06,   726.22
   95.36,   475.30,   478.99
   96.84,   472.65,   603.95
   98.33,   469.99,   728.92
   91.98,   600.23,   481.69
   93.46,   597.57,   606.65
   94.94,   594.91,   731.62
  223.68,   353.79,   474.88
  225.17,   351.13,   599.85
  226.65,   348.47,   724.81
  220.30,   478.72,   477.58
  221.79,   476.06,   602.54
  223.27,   473.40,   727.51
  216.92,   603.64,   480.28
  218.41,   600.98,   605.24
  219.89,   598.32,   730.20
  348.63,   357.20,   473.47
  350.11,   354.55,   598.43
  351.60,   351.89,   723.40
  345.25,   482.13,   476.17
  346.73,   479.47,   601.13
  348.22,   476.81,   726.10
  341.87,   607.05,   478.87
  343.35,   604.40,   603.83
  344.83,   601.74,   728.79
  100.32,   348.80,   600.64
   99.08,   348.47,   725.63
   97.84,   348.14,   850.63
  101.73,   473.79,   600.99
  100.49,   473.46,   725.98
   99.25,   473.13,   850.97
  103.15,   598.79,   601.33
  101.90,   598.45,   726.32
  100.66,   598.12,   851.32
  225.31,   347.39,   601.88
  224.07,   347.06,   726.87
  222.83,   346.73,   851.86
  226.72,   472.38,   602.22
  225.48,   472.05,   727.22
  224.24,   471.72,   852.21
  228.13,   597.37,   602.57
  226.89,   597.04,   727.56
  225.65,   596.71,   852.55
  350.30,   345.97,   603.12
  349.05,   345.64,   728.11
  347.81,   345.31,   853.10
  351.71,   470.97,   603.46
  350.47,   470.63,   728.45
  349.22,   470.30,   853.45
  353.12,   595.96,   603.80
  351.88,   595.63,   728.80
  350.63,   595.30,   853.79
  100.54,   476.63,   100.05
   98.69,   474.98,   225.02
   96.84,   473.33,   350.00
  102.08,   601.61,   101.72
  100.23,   599.96,   226.69
   98.38,   598.31,   351.67
  103.63,   726.59,   103.39
  101.78,   724.94,   228.37
   99.93,   723.29,   353.34
  225.51,   475.06,   101.87
  223.66,   473.41,   226.85
  221.81,   471.76,   351.83
  227.06,   600.04,   103.55
  225.21,   598.39,   228.52
  223.36,   596.74,   353.50
  228.61,   725.02,   105.22
  226.76,   723.37,   230.19
  224.91,   721.72,   355.17
  350.49,   473.49,   103.70
  348.64,   471.84,   228.68
  346.79,   470.19,   353.65
  352.04,   598.47,   105.37
  350.19,   596.82,   230.35
  348.34,   595.17,   355.33
  353.58,   723.45,   107.05
  351.73,   721.80,   232.02
  349.89,   720.15,   357.00
   99.48,   475.17,   224.33
   97.27,   473.68,   349.30
   95.06,   472.18,   474.27
  102.13,   600.13,   225.87
   99.92,   598.64,   350.84
   97.71,   597.14,   475.81
  104.77,   725.09,   227.41
  102.56,   723.60,   352.38
  100.35,   722.11,   477.35
  224.43,   472.50,   226.51
  222.22,   471.00,   351.48
  220.02,   469.51,   476.45
  227.08,   597.46,   228.05
  224.87,   595.97,   353.02
  222.66,   594.47,   477.99
  229.72,   722.42,   229.59
  227.51,   720.93,   354.56
  225.30,   719.44,   479.53
  349.39,   469.83,   228.68
  347.18,   468.33,   353.65
  344.97,   466.84,   478.63
  352.03,   594.79,   230.22
  349.82,   593.30,   355.19
  347.61,   591.80,   480.17
  354.67,   719.75,   231.76
  352.46,   718.26,   356.73
  350.26,   716.77,   481.71
  100.87,   474.78,   349.12
   97.16,   476.12,   474.06
   93.44,   477.46,   599.00
   97.85,   599.73,   347.69
   94.14,   601.08,   472.63
   90.43,   602.42,   597.56
   94.84,   724.69,   346.25
   91.12,   726.03,   471.19
   87.41,   727.37,   596.13
  225.77,   477.83,   352.80
  222.06,   479.18,   477.74
  218.35,   480.52,   602.67
  222.76,   602.79,   351.37
  219.05,   604.13,   476.30
  215.34,   605.48,   601.24
  219.74,   727.74,   349.93
  216.03,   729.09,   474.87
  212.32,   730.43,   599.81
  350.68,   480.89,   356.48
  346.97,   482.23,   481.41
  343.26,   483.58,   606.35
  347.67,   605.84,   355.04
  343.96,   607.19,   479.98
  340.25,   608.53,   604.92
  344.65,   730.80,   353.61
  340.94,   732.14,   478.55
  337.23,   733.49,   603.48
   99.65,   475.21,   473.17
  101.35,   474.77,   598.16
  103.04,   474.32,   723.15
   99.82,   600.21,   473.62
  101.52,   599.77,   598.60
  103.21,   599.32,   723.59
   99.99,   725.21,   474.06
  101.68,   724.77,   599.05
  103.38,   724.32,   724.04
  224.64,   475.05,   471.48
  226.34,   474.61,   596.46
  228.03,   474.16,   721.45
  224.81,   600.05,   471.92
  226.50,   599.60,   596.91
  228.20,   599.16,   721.90
  224.98,   725.05,   472.36
  226.67,   724.60,   597.35
  228.37,   724.16,   722.34
  349.63,   474.89,   469.78
  351.32,   474.44,   594.77
  353.02,   474.00,   719.76
  349.80,   599.89,   470.23
  351.49,   599.44,   595.21
  353.19,   599.00,   720.20
  349.97,   724.89,   470.67
  351.66,   724.44,   595.66
  353.36,   724.00,   720.64
  101.16,   475.15,   599.07
  100.18,   475.75,   724.06
   99.20,   476.34,   849.06
  102.34,   600.15,   598.48
  101.36,   600.74,   723.48
  100.39,   601.34,   848.47
  103.52,   725.14,   597.90
  102.55,   725.74,   722.89
  101.57,   726.33,   847.89
  226.15,   473.98,   600.05
  225.17,   474.57,   725.05
  224.19,   475.17,   850.04
  227.33,   598.97,   599.47
  226.36,   599.57,   724.46
  225.38,   600.16,   849.46
  228.52,   723.96,   598.88
  227.54,   724.56,   723.88
  226.56,   725.15,   848.87
  351.14,   472.80,   601.04
  350.16,   473.40,   726.03
  349.19,   473.99,   851.03
  352.32,   597.79,   600.45
  351.35,   598.39,   725.45
  350.37,   598.98,   850.44
  353.51,   722.79,   599.87
  352.53,   723.38,   724.86
  351.55,   723.98,   849.86
   99.30,   601.31,   100.31
   97.80,   600.32,   225.30
   96.30,   599.33,   350.29
   96.52,   726.27,   101.27
   95.01,   725.29,   226.26
   93.51,   724.30,   351.24
   93.73,   851.24,   102.22
   92.23,   850.25,   227.21
   90.73,   849.26,   352.20
  224.26,   604.08,   101.84
  222.76,   603.10,   226.83
  221.26,   602.11,   351.81
  221.48,   729.05,   102.79
  219.97,   728.06,   227.78
  218.47,   727.07,   352.77
  218.69,   854.01,   103.75
  217.19,   853.03,   228.73
  215.69,   852.04,   353.72
  349.22,   606.86,   103.36
  347.72,   605.87,   228.35
  346.22,   604.88,   353.34
  346.44,   731.82,   104.32
  344.93,   730.84,   229.30
  343.43,   729.85,   354.29
  343.65,   856.79,   105.27
  342.15,   855.80,   230.26
  340.65,   854.81,   355.24
  101.88,   600.64,   225.53
  103.13,   597.90,   350.50
  104.37,   595.16,   475.46
  102.90,   725.60,   228.26
  104.15,   722.87,   353.22
  105.39,   720.13,   478.19
  103.93,   850.57,   230.99
  105.17,   847.83,   355.95
  106.42,   845.09,   480.91
  226.87,   599.64,   224.27
  228.12,   596.90,   349.23
  229.36,   594.17,   474.19
  227.89,   724.61,   226.99
  229.14,   721.87,   351.96
  230.38,   719.13,   476.92
  228.91,   849.57,   229.72
  230.16,   846.84,   354.68
  231.41,   844.10,   479.65
  351.86,   598.65,   223.00
  353.10,   595.91,   347.96
  354.35,   593.17,   472.92
  352.88,   723.61,   225.72
  354.13,   720.87,   350.69
  355.37,   718.14,   475.65
  353.90,   848.58,   228.45
  355.15,   845.84,   353.41
  356.40,   843.10,   478.38
  100.17,   601.56,   351.36
  102.74,   600.55,   476.33
  105.31,   599.55,   601.29
  100.21,   726.55,   352.36
  102.78,   725.55,   477.33
  105.35,   724.54,   602.30
  100.25,   851.55,   353.36
  102.82,   850.54,   478.33
  105.39,   849.54,   603.30
  225.14,   601.54,   348.79
  227.71,   600.53,   473.75
  230.28,   599.53,   598.72
  225.18,   726.53,   349.79
  227.75,   725.53,   474.76
  230.32,   724.52,   599.73
  225.22,   851.53,   350.79
  227.79,   850.53,   475.76
  230.36,   849.52,   600.73
  350.12,   601.52,   346.22
  352.69,   600.51,   471.18
  355.26,   599.51,   596.15
  350.15,   726.52,   347.22
  352.72,   725.51,   472.19
  355.29,   724.51,   597.16
  350.19,   851.51,   348.22
  352.76,   850.51,   473.19
  355.33,   849.50,   598.16
   99.34,   599.06,   473.21
  101.71,   598.31,   598.19
  104.08,   597.57,   723.16
   97.68,   724.05,   473.99
  100.05,   723.30,   598.97
  102.42,   722.55,   723.94
   96.02,   849.04,   474.77
   98.39,   848.29,   599.75
  100.76,   847.54,   724.72
  224.31,   600.74,   470.85
  226.67,   599.99,   595.83
  229.04,   599.24,   720.81
  222.65,   725.72,   471.64
  225.02,   724.97,   596.61
  227.38,   724.22,   721.59
  220.99,   850.71,   472.42
  223.36,   849.96,   597.39
  225.72,   849.21,   722.37
  349.27,   602.41,   468.50
  351.64,   601.66,   593.47
  354.01,   600.91,   718.45
  347.61,   727.40,   469.28
  349.98,   726.65,   594.25
  352.35,   725.90,   719.23
  345.96,   852.38,   470.06
  348.32,   851.63,   595.03
  350.69,   850.88,   720.01
  100.30,   600.06,   601.21
  102.37,   597.79,   726.18
  104.44,   595.53,   851.14
   99.91,   725.04,   603.49
  101.98,   722.77,   728.45
  104.05,   720.51,   853.41
   99.52,   850.02,   605.76
  101.59,   847.75,   730.73
  103.66,   845.48,   855.69
  225.28,   600.49,   599.15
  227.35,   598.22,   724.12
  229.42,   595.95,   849.08
  224.89,   725.47,   601.43
  226.96,   723.20,   726.39
  229.03,   720.93,   851.35
  224.50,   850.45,   603.70
  226.57,   848.18,   728.66
  228.64,   845.91,   853.63
  350.26,   600.92,   597.09
  352.33,   598.65,   722.05
  354.40,   596.38,   847.02
  349.87,   725.90,   599.37
  351.94,   723.63,   724.33
  354.01,   721.36,   849.29
  349.48,   850.87,   601.64
  351.55,   848.61,   726.60
  353.62,   846.34,   851.57
  224.44,   100.90,   101.98
  221.72,    98.69,   226.93
  218.99,    96.47,   351.89
  221.24,   225.84,   104.13
  218.52,   223.63,   229.08
  215.79,   221.41,   354.03
  218.05,   350.78,   106.28
  215.32,   348.57,   231.23
  212.59,   346.35,   356.18
  349.37,   104.05,   104.77
  346.65,   101.84,   229.72
  343.92,    99.62,   354.67
  346.17,   228.99,   106.91
  343.45,   226.78,   231.86
  340.72,   224.56,   356.81
  342.98,   353.93,   109.06
  340.25,   351.72,   234.01
  337.52,   349.50,   358.96
  474.30,   107.20,   107.55
  471.58,   104.99,   232.50
  468.85,   102.77,   357.45
  471.10,   232.14,   109.69
  468.38,   229.93,   234.65
  465.65,   227.71,   359.60
  467.90,   357.08,   111.84
  465.18,   354.87,   236.79
  462.45,   352.65,   361.74
  223.91,   100.37,   224.28
  226.59,    98.28,   349.24
  229.26,    96.19,   474.19
  224.32,   225.35,   226.36
  227.00,   223.26,   351.32
  229.68,   221.17,   476.27
  224.73,   350.33,   228.44
  227.41,   348.24,   353.40
  230.09,   346.16,   478.35
  348.88,   100.00,   221.60
  351.56,    97.91,   346.56
  354.23,    95.83,   471.51
  349.29,   224.98,   223.68
  351.97,   222.90,   348.63
  354.65,   220.81,   473.59
  349.70,   349.97,   225.76
  352.38,   347.88,   350.71
  355.06,   345.79,   475.67
  473.85,    99.63,   218.92
  476.53,    97.55,   343.87
  479.20,    95.46,   468.83
  474.26,   224.62,   221.00
  476.94,   222.53,   345.95
  479.62,   220.44,   470.91
  474.68,   349.60,   223.08
  477.35,   347.51,   348.03
  480.03,   345.42,   472.99
  223.76,    98.85,   348.97
  222.20,    96.06,   473.93
  220.65,    93.26,   598.89
  224.27,   223.82,   351.78
  222.71,   221.02,   476.73
  221.15,   218.22,   601.69
  224.78,   348.79,   354.58
  223.22,   345.99,   479.54
  221.66,   343.19,   604.50
  348.75,    98.31,   350.52
  347.19,    95.51,   475.48
  345.63,    92.71,   600.44
  349.26,   223.28,   353.32
  347.70,   220.48,   478.28
  346.14,   217.68,   603.24
  349.77,   348.25,   356.13
  348.21,   345.45,   481.09
  346.65,   342.65,   606.05
  473.74,    97.77,   352.07
  472.18,    94.97,   477.03
  470.62,    92.17,   601.98
  474.25,   222.74,   354.87
  472.69,   219.94,   479.83
  471.13,   217.14,   604.79
  474.76,   347.70,   357.68
  473.20,   344.90,   482.64
  471.64,   342.11,   607.59
  225.94,    99.05,   474.09
  227.59,    96.53,   599.05
  229.24,    94.00,   724.01
  222.24,   223.97,   476.66
  223.89,   221.45,   601.62
  225.54,   218.92,   726.58
  218.53,   348.89,   479.23
  220.18,   346.36,   604.19
  221.83,   343.84,   729.16
  350.88,   102.79,   472.51
  352.53,   100.27,   597.48
  354.18,    97.74,   722.44
  347.17,   227.71,   475.08
  348.82,   225.19,   600.05
  350.47,   222.66,   725.01
  343.46,   352.63,   477.65
  345.11,   350.10,   602.62
  346.76,   347.58,   727.58
  475.81,   106.53,   470.94
  477.46,   104.01,   595.90
  479.11,   101.49,   720.86
  472.11,   231.45,   473.51
  473.76,   228.93,   598.47
  475.41,   226.40,   723.44
  468.40,   356.37,   476.08
  470.05,   353.85,   601.04
  471.70,   351.32,   726.01
  223.88,   100.72,   598.68
  222.49,   101.18,   723.67
  221.09,   101.63,   848.66
  222.44,   225.71,   598.21
  221.04,   226.17,   723.20
  219.65,   226.62,   848.19
  220.99,   350.70,   597.74
  219.60,   351.16,   722.73
  218.20,   351.61,   847.72
  348.87,   102.17,   600.07
  347.47,   102.63,   725.06
  346.08,   103.08,   850.05
  347.42,   227.16,   599.60
  346.03,   227.62,   724.59
  344.63,   228.07,   849.58
  345.97,   352.15,   599.13
  344.58,   352.61,   724.12
  343.19,   353.06,   849.11
  473.85,   103.62,   601.46
  472.46,   104.08,   726.45
  471.06,   104.53,   851.44
  472.40,   228.61,   600.99
  471.01,   229.07,   725.98
  469.62,   229.53,   850.97
  470.96,   353.61,   600.51
  469.56,   354.06,   725.51
  468.17,   354.52,   850.50
  225.92,   225.62,   100.63
  225.71,   228.40,   225.59
  225.50,   231.17,   350.56
  226.14,   350.59,    97.85
  225.93,   353.37,   222.82
  225.72,   356.14,   347.79
  226.36,   475.56,    95.08
  226.15,   478.34,   220.04
  225.94,   481.11,   345.01
  350.92,   225.41,   100.84
  350.71,   228.18,   225.81
  350.50,   230.96,   350.78
  351.14,   350.37,    98.06
  350.93,   353.15,   223.03
  350.72,   355.93,   348.00
  351.36,   475.34,    95.29
  351.15,   478.12,   220.26
  350.94,   480.90,   345.23
  475.92,   225.19,   101.05
  475.71,   227.96,   226.02
  475.50,   230.74,   350.99
  476.14,   350.16,    98.28
  475.93,   352.93,   223.24
  475.72,   355.71,   348.21
  476.36,   475.13,    95.50
  476.15,   477.90,   220.47
  475.94,   480.68,   345.44
  225.87,   223.72,   226.58
  229.28,   223.71,   351.53
  232.69,   223.71,   476.48
  229.05,   348.68,   226.50
  232.45,   348.67,   351.45
  235.86,   348.67,   476.40
  232.22,   473.64,   226.42
  235.63,   473.63,   351.37
  239.03,   473.63,   476.32
  350.79,   220.55,   223.17
  354.19,   220.54,   348.13
  357.60,   220.53,   473.08
  353.96,   345.51,   223.09
  357.37,   345.50,   348.05
  360.77,   345.49,   473.00
  357.13,   470.47,   223.01
  360.54,   470.46,   347.97
  363.95,   470.45,   472.92
  475.70,   217.37,   219.77
  479.11,   217.37,   344.72
  482.51,   217.36,   469.67
  478.87,   342.33,   219.69
  482.28,   342.33,   344.64
  485.69,   342.32,   469.59
  482.05,   467.29,   219.61
  485.45,   467.28,   344.56
  488.86,   467.28,   469.51
  226.93,   223.73,   351.76
  223.91,   224.18,   476.72
  220.88,   224.64,   601.69
  230.13,   348.68,   351.38
  227.10,   349.14,   476.34
  224.07,   349.60,   601.31
  233.32,   473.64,   351.00
  230.29,   474.10,   475.97
  227.27,   474.56,   600.93
  351.86,   220.54,   354.80
  348.83,   221.00,   479.76
  345.80,   221.46,   604.72
  355.05,   345.50,   354.42
  352.02,   345.96,   479.38
  349.00,   346.42,   604.34
  358.24,   470.46,   354.04
  355.22,   470.92,   479.00
  352.19,   471.37,   603.97
  476.78,   217.36,   357.84
  473.75,   217.82,   482.80
  470.73,   218.27,   607.76
  479.97,   342.32,   357.46
  476.95,   342.78,   482.42
  473.92,   343.23,   607.38
  483.17,   467.28,   357.08
  480.14,   467.73,   482.04
  477.11,   468.19,   607.00
  226.48,   224.86,   474.69
  225.27,   228.34,   599.64
  224.06,   231.82,   724.58
  228.23,   349.80,   471.23
  227.02,   353.28,   596.17
  225.81,   356.76,   721.12
  229.98,   474.74,   467.76
  228.77,   478.22,   592.71
  227.57,   481.70,   717.65
  351.46,   223.14,   475.95
  350.25,   226.62,   600.90
  349.04,   230.11,   725.84
  353.21,   348.08,   472.48
  352.00,   351.56,   597.43
  350.80,   355.05,   722.38
  354.96,   473.02,   469.02
  353.76,   476.50,   593.96
  352.55,   479.98,   718.91
  476.44,   221.42,   477.21
  475.23,   224.90,   602.15
  474.02,   228.39,   727.10
  478.19,   346.36,   473.74
  476.99,   349.84,   598.69
  475.78,   353.33,   723.63
  479.95,   471.30,   470.28
  478.74,   474.78,   595.22
  477.53,   478.27,   720.17
  225.44,   226.74,   600.90
  228.80,   225.36,   725.85
  232.16,   223.98,   850.79
  227.51,   351.72,   602.22
  230.87,   350.34,   727.17
  234.23,   348.96,   852.12
  229.58,   476.69,   603.55
  232.94,   475.31,   728.50
  236.30,   473.93,   853.44
  350.37,   224.71,   597.52
  353.73,   223.33,   722.46
  357.09,   221.94,   847.41
  352.45,   349.68,   598.84
  355.81,   348.30,   723.79
  359.17,   346.92,   848.74
  354.52,   474.66,   600.17
  357.88,   473.28,   725.12
  361.24,   471.90,   850.06
  475.31,   222.67,   594.14
  478.67,   221.29,   719.08
  482.03,   219.91,   844.03
  477.39,   347.64,   595.46
  480.75,   346.26,   720.41
  484.11,   344.88,   845.36
  479.46,   472.62,   596.79
  482.82,   471.24,   721.73
  486.18,   469.86,   846.68
  226.19,   351.34,    98.39
  226.14,   352.65,   223.39
  226.10,   353.96,   348.38
  225.85,   476.33,    97.08
  225.81,   477.64,   222.08
  225.77,   478.95,   347.07
  225.52,   601.33,    95.77
  225.48,   602.64,   220.77
  225.43,   603.95,   345.76
  351.18,   351.67,    98.43
  351.14,   352.98,   223.43
  351.10,   354.29,   348.42
  350.85,   476.67,    97.12
  350.81,   477.98,   222.12
  350.77,   479.29,   347.11
  350.52,   601.66,    95.81
  350.48,   602.97,   220.81
  350.43,   604.28,   345.80
  476.18,   352.01,    98.47
  476.14,   353.32,   223.47
  476.10,   354.63,   348.46
  475.85,   477.00,    97.16
  475.81,   478.31,   222.16
  475.77,   479.62,   347.15
  475.52,   601.99,    95.85
  475.48,   603.30,   220.84
  475.43,   604.61,   345.84
  225.85,   351.81,   224.37
  225.35,   350.82,   349.37
  224.84,   349.82,   474.36
  223.44,   476.79,   225.36
  222.94,   475.79,   350.35
  222.44,   474.79,   475.35
  221.03,   601.76,   226.34
  220.53,   600.76,   351.34
  220.03,   599.77,   476.34
  350.83,   354.22,   224.90
  350.33,   353.22,   349.89
  349.82,   352.23,   474.89
  348.42,   479.19,   225.88
  347.92,   478.20,   350.88
  347.41,   477.20,   475.87
  346.01,   604.16,   226.87
  345.51,   603.17,   351.86
  345.00,   602.17,   476.86
  475.81,   356.62,   225.42
  475.30,   355.63,   350.42
  474.80,   354.63,   475.41
  473.40,   481.60,   226.41
  472.89,   480.60,   351.40
  472.39,   479.61,   476.40
  470.99,   606.57,   227.39
  470.48,   605.57,   352.39
  469.98,   604.58,   477.38
  224.06,   349.93,   349.11
  222.36,   350.96,   474.09
  220.66,   351.98,   599.07
  223.17,   474.93,   348.07
  221.46,   475.95,   473.05
  219.76,   476.98,   598.04
  222.27,   599.92,   347.03
  220.57,   600.94,   472.01
  218.87,   601.97,   597.00
  349.05,   350.84,   350.80
  347.34,   351.87,   475.79
  345.64,   352.89,   600.77
  348.15,   475.83,   349.76
  346.45,   476.86,   474.75
  344.75,   477.88,   599.73
  347.26,   600.83,   348.73
  345.55,   601.85,   473.71
  343.85,   602.88,   598.69
  474.03,   351.75,   352.50
  472.33,   352.78,   477.48
  470.63,   353.80,   602.47
  473.14,   476.74,   351.46
  471.43,   477.77,   476.44
  469.73,   478.79,   601.43
  472.24,   601.74,   350.42
  470.54,   602.76,   475.41
  468.84,   603.79,   600.39
  224.95,   350.98,   475.71
  223.30,   351.31,   600.70
  221.66,   351.65,   725.68
  226.25,   475.97,   475.39
  224.60,   476.31,   600.38
  222.96,   476.64,   725.37
  227.55,   600.97,   475.07
  225.90,   601.30,   600.06
  224.26,   601.63,   725.05
  349.93,   349.68,   477.35
  348.28,   350.02,   602.34
  346.64,   350.35,   727.33
  351.23,   474.68,   477.04
  349.59,   475.01,   602.03
  347.94,   475.34,   727.02
  352.53,   599.67,   476.72
  350.89,   600.00,   601.71
  349.24,   600.34,   726.70
  474.91,   348.39,   479.00
  473.27,   348.72,   603.99
  471.62,   349.05,   728.98
  476.21,   473.38,   478.69
  474.57,   473.71,   603.67
  472.92,   474.05,   728.66
  477.51,   598.37,   478.37
  475.87,   598.71,   603.36
  474.22,   599.04,   728.35
  226.23,   350.82,   599.05
  224.80,   350.35,   724.04
  223.37,   349.88,   849.03
  223.08,   475.78,   599.48
  221.65,   475.31,   724.47
  220.22,   474.84,   849.46
  219.94,   600.74,   599.91
  218.51,   600.27,   724.91
  217.08,   599.80,   849.90
  351.18,   353.96,   600.49
  349.75,   353.49,   725.48
  348.32,   353.02,   850.47
  348.04,   478.92,   600.92
  346.61,   478.45,   725.91
  345.18,   477.98,   850.90
  344.89,   603.88,   601.36
  343.46,   603.41,   726.35
  342.03,   602.94,   851.34
  476.14,   357.11,   601.93
  474.71,   356.64,   726.92
  473.28,   356.17,   851.91
  472.99,   482.06,   602.36
  471.56,   481.60,   727.35
  470.13,   481.13,   852.35
  469.84,   607.02,   602.80
  468.41,   606.55,   727.79
  466.98,   606.09,   852.78
  225.83,   474.32,   100.42
  228.82,   477.72,   225.34
  231.81,   481.12,   350.26
  229.34,   599.23,    96.94
  232.33,   602.62,   221.86
  235.32,   606.02,   346.78
  232.85,   724.13,    93.46
  235.84,   727.52,   218.38
  238.83,   730.92,   343.30
  350.74,   470.73,    97.53
  353.73,   474.13,   222.45
  356.72,   477.53,   347.37
  354.25,   595.63,    94.05
  357.24,   599.03,   218.97
  360.23,   602.43,   343.88
  357.76,   720.53,    90.57
  360.75,   723.93,   215.49
  363.74,   727.33,   340.40
  475.66,   467.14,    94.64
  478.65,   470.54,   219.55
  481.64,   473.93,   344.47
  479.17,   592.04,    91.16
  482.16,   595.44,   216.07
  485.15,   598.83,   340.99
  482.68,   716.94,    87.67
  485.67,   720.34,   212.59
  488.66,   723.74,   337.51
  224.49,   476.25,   224.40
  227.56,   478.47,   349.34
  230.63,   480.69,   474.28
  225.04,   601.23,   222.16
  228.11,   603.45,   347.11
  231.18,   605.66,   472.05
  225.59,   726.21,   219.93
  228.66,   728.42,   344.87
  231.73,   730.64,   469.82
  349.45,   475.64,   221.34
  352.52,   477.86,   346.28
  355.59,   480.08,   471.22
  350.00,   600.62,   219.10
  353.07,   602.84,   344.05
  356.14,   605.06,   468.99
  350.56,   725.60,   216.87
  353.62,   727.82,   341.81
  356.69,   730.04,   466.76
  474.41,   475.03,   218.28
  477.48,   477.25,   343.22
  480.55,   479.47,   468.16
  474.96,   600.01,   216.05
  478.03,   602.23,   340.99
  481.10,   604.45,   465.93
  475.52,   724.99,   213.81
  478.58,   727.21,   338.76
  481.65,   729.43,   463.70
  225.45,   474.49,   351.78
  228.68,   472.94,   476.73
  231.90,   471.38,   601.68
  225.92,   599.48,   353.32
  229.15,   597.93,   478.27
  232.37,   596.37,   603.22
  226.40,   724.47,   354.86
  229.62,   722.92,   479.81
  232.85,   721.36,   604.76
  350.41,   474.06,   348.55
  353.63,   472.51,   473.50
  356.86,   470.95,   598.45
  350.88,   599.05,   350.09
  354.11,   597.49,   475.04
  357.33,   595.94,   599.99
  351.35,   724.04,   351.63
  354.58,   722.48,   476.58
  357.80,   720.93,   601.53
  475.37,   473.63,   345.32
  478.59,   472.07,   470.27
  481.82,   470.52,   595.22
  475.84,   598.62,   346.86
  479.06,   597.06,   471.81
  482.29,   595.51,   596.76
  476.31,   723.60,   348.40
  479.54,   722.05,   473.35
  482.76,   720.50,   598.30
  223.79,   475.05,   475.36
  220.10,   473.44,   600.30
  216.41,   471.82,   725.23
  225.88,   600.03,   477.04
  222.19,   598.41,   601.98
  218.50,   596.79,   726.91
  227.97,   725.00,   478.72
  224.28,   723.38,   603.66
  220.59,   721.76,   728.59
  348.72,   472.92,   479.02
  345.03,   471.30,   603.96
  341.34,   469.68,   728.89
  350.81,   597.89,   480.70
  347.12,   596.27,   605.64
  343.43,   594.65,   730.57
  352.90,   722.86,   482.38
  349.21,   721.24,   607.32
  345.52,   719.62,   732.25
  473.65,   470.78,   482.68
  469.96,   469.16,   607.62
  466.27,   467.54,   732.55
  475.74,   595.75,   484.36
  472.05,   594.13,   609.30
  468.36,   592.51,   734.23
  477.83,   720.72,   486.05
  474.14,   719.10,   610.98
  470.45,   717.49,   735.92
  224.95,   475.52,   599.21
  228.08,   478.93,   724.12
  231.20,   482.34,   849.04
  223.60,   600.47,   595.83
  226.73,   603.88,   720.75
  229.86,   607.29,   845.66
  222.25,   725.42,   592.46
  225.38,   728.83,   717.37
  228.51,   732.24,   842.28
  349.90,   476.78,   596.05
  353.03,   480.19,   720.96
  356.16,   483.60,   845.87
  348.55,   601.73,   592.67
  351.68,   605.14,   717.58
  354.81,   608.55,   842.50
  347.21,   726.68,   589.29
  350.34,   730.09,   714.21
  353.47,   733.50,   839.12
  474.85,   478.04,   592.88
  477.98,   481.45,   717.79
  481.11,   484.86,   842.71
  473.51,   602.99,   589.50
  476.64,   606.40,   714.42
  479.77,   609.81,   839.33
  472.16,   727.94,   586.13
  475.29,   731.35,   711.04
  478.42,   734.76,   835.95
  224.38,   601.06,   101.41
  223.14,   600.64,   226.40
  221.91,   600.22,   351.39
  222.65,   726.05,   101.81
  221.42,   725.63,   226.81
  220.18,   725.21,   351.80
  220.93,   851.04,   102.22
  219.69,   850.62,   227.21
  218.45,   850.19,   352.21
  349.36,   602.79,   102.65
  348.13,   602.37,   227.64
  346.89,   601.94,   352.64
  347.64,   727.78,   103.06
  346.40,   727.35,   228.05
  345.16,   726.93,   353.04
  345.91,   852.76,   103.46
  344.67,   852.34,   228.46
  343.43,   851.92,   353.45
  474.35,   604.51,   103.89
  473.11,   604.09,   228.89
  471.87,   603.67,   353.88
  472.62,   729.50,   104.30
  471.38,   729.08,   229.29
  470.14,   728.65,   354.29
  470.89,   854.49,   104.71
  469.65,   854.07,   229.70
  468.41,   853.64,   354.69
  224.05,   598.81,   226.02
  226.29,   600.57,   350.99
  228.54,   602.33,   475.95
  221.01,   723.76,   224.32
  223.25,   725.52,   349.29
  225.50,   727.28,   474.25
  217.97,   848.72,   222.62
  220.21,   850.47,   347.58
  222.45,   852.23,   472.55
  348.99,   601.82,   223.73
  351.24,   603.58,   348.70
  353.48,   605.34,   473.67
  345.95,   726.77,   222.03
  348.20,   728.53,   347.00
  350.44,   730.29,   471.97
  342.91,   851.72,   220.33
  345.15,   853.48,   345.30
  347.40,   855.24,   470.27
  473.94,   604.83,   221.45
  476.18,   606.59,   346.42
  478.42,   608.34,   471.38
  470.89,   729.78,   219.75
  473.14,   731.54,   344.72
  475.38,   733.30,   469.68
  467.85,   854.73,   218.05
  470.10,   856.49,   343.01
  472.34,   858.25,   467.98
  225.87,   600.73,   348.36
  228.87,   600.06,   473.33
  231.86,   599.40,   598.29
  223.98,   725.71,   349.08
  226.98,   725.05,   474.04
  229.97,   724.38,   599.00
  222.09,   850.70,   349.79
  225.09,   850.03,   474.75
  228.08,   849.36,   599.71
  350.82,   602.64,   345.38
  353.82,   601.97,   470.34
  356.81,   601.30,   595.30
  348.93,   727.62,   346.09
  351.93,   726.95,   471.05
  354.92,   726.29,   596.02
  347.04,   852.61,   346.81
  350.04,   851.94,   471.77
  353.03,   851.27,   596.73
  475.77,   604.54,   342.39
  478.77,   603.88,   467.36
  481.76,   603.21,   592.32
  473.88,   729.53,   343.11
  476.88,   728.86,   468.07
  479.87,   728.19,   593.03
  471.99,   854.51,   343.82
  474.99,   853.84,   468.78
  477.98,   853.18,   593.75
  224.77,   600.24,   474.00
  223.52,   603.13,   598.96
  222.27,   606.02,   723.92
  227.46,   725.18,   471.14
  226.21,   728.07,   596.10
  224.95,   730.96,   721.06
  230.14,   850.12,   468.27
  228.89,   853.01,   593.23
  227.64,   855.90,   718.19
  349.74,   597.59,   475.31
  348.49,   600.48,   600.27
  347.24,   603.37,   725.23
  352.42,   722.53,   472.45
  351.17,   725.42,   597.41
  349.92,   728.31,   722.37
  355.10,   847.46,   469.58
  353.85,   850.36,   594.54
  352.60,   853.25,   719.50
  474.70,   594.94,   476.62
  473.45,   597.83,   601.58
  472.20,   600.72,   726.54
  477.39,   719.87,   473.76
  476.14,   722.77,   598.72
  474.88,   725.66,   723.68
  480.07,   844.81,   470.90
  478.82,   847.70,   595.86
  477.57,   850.60,   720.82
  224.23,   598.68,   599.48
  223.50,   598.22,   724.48
  222.78,   597.76,   849.48
  222.54,   723.67,   599.93
  221.82,   723.21,   724.93
  221.09,   722.75,   849.92
  220.85,   848.66,   600.38
  220.13,   848.20,   725.38
  219.40,   847.74,   850.37
  349.21,   600.36,   600.21
  348.49,   599.91,   725.21
  347.76,   599.45,   850.21
  347.53,   725.35,   600.66
  346.80,   724.89,   725.66
  346.08,   724.44,   850.66
  345.84,   850.34,   601.11
  345.12,   849.88,   726.11
  344.39,   849.42,   851.10
  474.20,   602.05,   600.94
  473.48,   601.59,   725.94
  472.75,   601.13,   850.94
  472.51,   727.04,   601.39
  471.79,   726.58,   726.39
  471.06,   726.12,   851.39
  470.83,   852.02,   601.84
  470.10,   851.57,   726.84
  469.38,   851.11,   851.83
  348.67,    98.11,   101.47
  346.30,    98.94,   226.44
  343.92,    99.78,   351.42
  348.90,   223.11,   100.64
  346.52,   223.94,   225.61
  344.15,   224.78,   350.59
  349.13,   348.10,    99.80
  346.75,   348.94,   224.78
  344.37,   349.77,   349.75
  473.65,    97.90,   103.85
  471.27,    98.73,   228.82
  468.90,    99.57,   353.80
  473.88,   222.89,   103.01
  471.50,   223.73,   227.99
  469.12,   224.57,   352.96
  474.11,   347.89,   102.18
  471.73,   348.73,   227.16
  469.35,   349.56,   352.13
  598.63,    97.69,   106.22
  596.25,    98.52,   231.20
  593.87,    99.36,   356.17
  598.86,   222.68,   105.39
  596.48,   223.52,   230.37
  594.10,   224.35,   355.34
  599.08,   347.68,   104.56
  596.71,   348.52,   229.54
  594.33,   349.35,   354.51
  349.24,    98.13,   223.48
  351.56,    94.63,   348.41
  353.88,    91.14,   473.34
  351.37,   223.06,   226.94
  353.69,   219.57,   351.87
  356.01,   216.08,   476.80
  353.50,   347.99,   230.39
  355.82,   344.50,   355.32
  358.14,   341.01,   480.25
  474.20,    96.06,   221.11
  476.52,    92.57,   346.04
  478.84,    89.08,   470.96
  476.33,   221.00,   224.56
  478.65,   217.50,   349.49
  480.97,   214.01,   474.42
  478.46,   345.93,   228.01
  480.78,   342.44,   352.94
  483.10,   338.95,   477.87
  599.16,    94.00,   218.73
  601.48,    90.51,   343.66
  603.80,    87.01,   468.59
  601.29,   218.93,   222.18
  603.61,   215.44,   347.11
  605.93,   211.95,   472.04
  603.42,   343.87,   225.63
  605.74,   340.37,   350.56
  608.06,   336.88,   475.49
  348.37,    99.22,   351.17
  349.71,    96.94,   476.14
  351.04,    94.66,   601.11
  347.27,   224.20,   353.46
  348.60,   221.92,   478.43
  349.94,   219.64,   603.41
  346.17,   349.17,   355.75
  347.50,   346.89,   480.72
  348.83,   344.61,   605.70
  473.36,   100.35,   349.86
  474.69,    98.07,   474.83
  476.03,    95.79,   599.80
  472.26,   225.32,   352.15
  473.59,   223.04,   477.12
  474.92,   220.76,   602.09
  471.15,   350.30,   354.44
  472.49,   348.02,   479.41
  473.82,   345.74,   604.38
  598.35,   101.48,   348.54
  599.68,    99.20,   473.51
  601.02,    96.92,   598.49
  597.24,   226.45,   350.83
  598.58,   224.17,   475.81
  599.91,   221.89,   600.78
  596.14,   351.42,   353.12
  597.48,   349.15,   478.10
  598.81,   346.87,   603.07
  348.26,    99.74,   475.87
  351.25,   103.46,   600.78
  354.24,   107.19,   725.69
  348.82,   224.68,   472.13
  351.81,   228.41,   597.04
  354.80,   232.13,   721.95
  349.39,   349.62,   468.39
  352.38,   353.35,   593.30
  355.37,   357.08,   718.21
  473.22,    99.08,   472.90
  476.21,   102.81,   597.81
  479.20,   106.54,   722.72
  473.78,   224.03,   469.16
  476.78,   227.75,   594.07
  479.77,   231.48,   718.98
  474.35,   348.97,   465.42
  477.34,   352.70,   590.33
  480.33,   356.42,   715.24
  598.18,    98.43,   469.93
  601.17,   102.16,   594.84
  604.17,   105.88,   719.75
  598.75,   223.37,   466.19
  601.74,   227.10,   591.10
  604.73,   230.83,   716.00
  599.31,   348.32,   462.45
  602.30,   352.04,   587.36
  605.29,   355.77,   712.26
  351.12,    99.12,   599.48
  348.59,    96.59,   724.43
  346.06,    94.07,   849.38
  352.07,   224.09,   602.03
  349.55,   221.56,   726.98
  347.02,   219.04,   851.93
  353.03,   349.06,   604.57
  350.50,   346.53,   729.52
  347.98,   344.01,   854.47
  476.09,    98.11,   601.99
  473.56,    95.58,   726.94
  471.04,    93.06,   851.89
  477.04,   223.08,   604.53
  474.52,   220.56,   729.48
  471.99,   218.03,   854.43
  478.00,   348.05,   607.08
  475.47,   345.53,   732.03
  472.95,   343.00,   856.97
  601.06,    97.10,   604.49
  598.53,    94.58,   729.44
  596.01,    92.05,   854.39
  602.01,   222.07,   607.04
  599.49,   219.55,   731.99
  596.96,   217.02,   856.94
  602.97,   347.04,   609.58
  600.45,   344.52,   734.53
  597.92,   341.99,   859.48
  348.83,   226.88,   101.76
  352.30,   225.21,   226.70
  355.78,   223.54,   351.64
  352.39,   351.82,   103.33
  355.87,   350.15,   228.27
  359.35,   348.48,   353.21
  355.96,   476.76,   104.90
  359.44,   475.09,   229.84
  362.92,   473.42,   354.78
  473.73,   223.36,    98.24
  477.20,   221.69,   223.18
  480.68,   220.02,   348.12
  477.29,   348.30,    99.81
  480.77,   346.63,   224.75
  484.25,   344.96,   349.69
  480.86,   473.24,   101.38
  484.34,   471.57,   226.32
  487.82,   469.90,   351.26
  598.63,   219.84,    94.71
  602.10,   218.17,   219.65
  605.58,   216.50,   344.59
  602.19,   344.78,    96.28
  605.67,   343.11,   221.22
  609.15,   341.44,   346.16
  605.76,   469.72,    97.85
  609.24,   468.05,   222.79
  612.72,   466.37,   347.73
  349.84,   224.22,   223.69
  350.14,   226.82,   348.66
  350.44,   229.43,   473.64
  353.14,   349.15,   221.08
  353.44,   351.75,   346.05
  353.73,   354.36,   471.02
  356.43,   474.07,   218.46
  356.73,   476.68,   343.44
  357.03,   479.29,   468.41
  474.80,   220.91,   223.46
  475.09,   223.52,   348.43
  475.39,   226.13,   473.41
  478.09,   345.84,   220.85
  478.39,   348.45,   345.82
  478.69,   351.06,   470.79
  481.39,   470.77,   218.24
  481.69,   473.38,   343.21
  481.98,   475.98,   468.18
  599.75,   217.61,   223.23
  600.05,   220.22,   348.21
  600.35,   222.82,   473.18
  603.05,   342.54,   220.62
  603.35,   345.15,   345.59
  603.64,   347.75,   470.57
  606.35,   467.47,   218.01
  606.64,   470.08,   342.98
  606.94,   472.68,   467.95
  351.63,   223.55,   350.20
  351.22,   224.90,   475.19
  350.80,   226.25,   600.18
  352.33,   348.54,   348.85
  351.92,   349.89,   473.84
  351.50,   351.24,   598.83
  353.03,   473.53,   347.50
  352.62,   474.88,   472.49
  352.20,   476.23,   597.49
  476.63,   222.85,   350.62
  476.21,   224.20,   475.61
  475.80,   225.55,   600.60
  477.33,   347.84,   349.27
  476.92,   349.19,   474.26
  476.50,   350.54,   599.25
  478.03,   472.83,   347.92
  477.62,   474.18,   472.92
  477.20,   475.53,   597.91
  601.63,   222.15,   351.04
  601.21,   223.50,   476.03
  600.80,   224.85,   601.02
  602.33,   347.15,   349.69
  601.91,   348.49,   474.69
  601.50,   349.84,   599.68
  603.03,   472.14,   348.35
  602.61,   473.49,   473.34
  602.20,   474.83,   598.33
  350.64,   225.45,   473.77
  348.68,   226.75,   598.75
  346.73,   228.05,   723.73
  347.48,   350.41,   472.42
  345.53,   351.71,   597.40
  343.58,   353.01,   722.38
  344.33,   475.36,   471.07
  342.38,   476.66,   596.05
  340.43,   477.96,   721.03
  475.58,   228.63,   475.69
  473.63,   229.93,   600.67
  471.68,   231.23,   725.65
  472.43,   353.58,   474.34
  470.48,   354.88,   599.32
  468.52,   356.18,   724.30
  469.28,   478.53,   472.99
  467.33,   479.83,   597.97
  465.37,   481.13,   722.95
  600.53,   231.80,   477.61
  598.57,   233.10,   602.59
  596.62,   234.40,   727.57
  597.37,   356.75,   476.26
  595.42,   358.05,   601.24
  593.47,   359.35,   726.22
  594.22,   481.70,   474.91
  592.27,   483.00,   599.89
  590.32,   484.30,   724.87
  349.92,   223.64,   600.18
  348.19,   220.63,   725.13
  346.47,   217.61,   850.08
  346.66,   348.56,   603.15
  344.94,   345.55,   728.10
  343.21,   342.53,   853.06
  343.40,   473.49,   606.12
  341.68,   470.47,   731.07
  339.96,   467.45,   856.03
  474.86,   226.86,   601.98
  473.14,   223.84,   726.93
  471.42,   220.82,   851.88
  471.60,   351.78,   604.95
  469.88,   348.76,   729.90
  468.16,   345.74,   854.85
  468.35,   476.70,   607.92
  466.63,   473.68,   732.87
  464.90,   470.67,   857.83
  599.81,   230.07,   603.78
  598.08,   227.05,   728.73
  596.36,   224.04,   853.68
  596.55,   354.99,   606.75
  594.83,   351.97,   731.70
  593.11,   348.96,   856.65
  593.29,   479.91,   609.72
  591.57,   476.90,   734.67
  589.85,   473.88,   859.63
  349.25,   348.89,    98.68
  348.80,   350.93,   223.66
  348.35,   352.97,   348.64
  352.16,   473.84,    96.65
  351.71,   475.88,   221.63
  351.26,   477.92,   346.61
  355.06,   598.79,    94.62
  354.61,   600.83,   219.61
  354.16,   602.87,   344.59
  474.22,   346.00,    99.17
  473.77,   348.03,   224.16
  473.32,   350.07,   349.14
  477.12,   470.95,    97.15
  476.67,   472.98,   222.13
  476.22,   475.02,   347.11
  480.02,   595.90,    95.12
  479.57,   597.93,   220.10
  479.12,   599.97,   345.09
  599.18,   343.10,    99.67
  598.73,   345.14,   224.65
  598.28,   347.18,   349.64
  602.09,   468.05,    97.64
  601.64,   470.09,   222.63
  601.19,   472.13,   347.61
  604.99,   593.00,    95.62
  604.54,   595.04,   220.60
  604.09,   597.08,   345.58
  351.85,   349.67,   226.24
  349.86,   348.36,   351.22
  347.88,   347.05,   476.19
  349.47,   474.64,   227.51
  347.49,   473.33,   352.49
  345.50,   472.02,   477.47
  347.09,   599.61,   228.78
  345.11,   598.30,   353.76
  343.12,   596.99,   478.74
  476.81,   352.03,   228.25
  474.83,   350.72,   353.22
  472.84,   349.41,   478.20
  474.43,   477.00,   229.52
  472.45,   475.69,   354.50
  470.46,   474.38,   479.47
  472.05,   601.97,   230.79
  470.07,   600.66,   355.77
  468.09,   599.35,   480.74
  601.77,   354.39,   230.25
  599.79,   353.08,   355.23
  597.81,   351.77,   480.21
  599.39,   479.36,   231.52
  597.41,   478.05,   356.50
  595.43,   476.74,   481.48
  597.01,   604.33,   232.80
  595.03,   603.02,   357.77
  593.05,   601.71,   482.75
  351.08,   350.63,   350.48
  352.74,   349.37,   475.46
  354.40,   348.12,   600.44
  347.65,   475.57,   351.78
  349.31,   474.32,   476.76
  350.97,   473.06,   601.74
  344.23,   600.52,   353.08
  345.89,   599.27,   478.06
  347.55,   598.01,   603.04
  476.02,   354.07,   348.85
  477.68,   352.81,   473.83
  479.34,   351.56,   598.82
  472.60,   479.02,   350.15
  474.26,   477.76,   475.14
  475.91,   476.50,   600.12
  469.17,   603.96,   351.45
  470.83,   602.71,   476.44
  472.49,   601.45,   601.42
  600.96,   357.51,   347.23
  602.62,   356.25,   472.21
  604.28,   355.00,   597.19
  597.54,   482.46,   348.53
  599.20,   481.20,   473.51
  600.86,   479.95,   598.49
  594.11,   607.40,   349.83
  595.77,   606.15,   474.81
  597.43,   604.89,   599.79
  350.35,   348.05,   473.47
  353.31,   350.73,   598.40
  356.26,   353.40,   723.34
  348.09,   473.00,   470.85
  351.05,   475.68,   595.78
  354.00,   478.35,   720.72
  345.83,   597.96,   468.22
  348.78,   600.63,   593.16
  351.74,   603.30,   718.10
  475.30,   350.25,   470.46
  478.25,   352.93,   595.40
  481.21,   355.60,   720.34
  473.04,   475.20,   467.84
  475.99,   477.88,   592.78
  478.94,   480.55,   717.72
  470.77,   600.16,   465.22
  473.73,   602.83,   590.16
  476.68,   605.50,   715.09
  600.24,   352.45,   467.46
  603.20,   355.13,   592.40
  606.15,   357.80,   717.34
  597.98,   477.40,   464.84
  600.93,   480.08,   589.78
  603.89,   482.75,   714.71
  595.72,   602.35,   462.22
  598.67,   605.03,   587.16
  601.63,   607.70,   712.09
  351.68,   349.44,   601.68
  348.01,   353.04,   726.57
  344.33,   356.65,   851.46
  354.08,   474.36,   598.14
  350.41,   477.97,   723.03
  346.73,   481.58,   847.93
  356.48,   599.29,   594.60
  352.80,   602.90,   719.50
  349.13,   606.50,   844.39
  476.60,   347.14,   605.42
  472.93,   350.75,   730.31
  469.26,   354.36,   855.21
  479.00,   472.07,   601.88
  475.33,   475.68,   726.78
  471.65,   479.28,   851.67
  481.40,   597.00,   598.34
  477.73,   600.60,   723.24
  474.05,   604.21,   848.13
  601.53,   344.85,   609.16
  597.85,   348.46,   734.05
  594.18,   352.06,   858.95
  603.93,   469.78,   605.62
  600.25,   473.38,   730.52
  596.58,   476.99,   855.41
  606.32,   594.71,   602.09
  602.65,   598.31,   726.98
  598.98,   601.92,   851.87
  350.21,   474.82,   100.30
  352.12,   476.10,   225.28
  354.04,   477.38,   350.26
  348.95,   599.81,    99.04
  350.86,   601.09,   224.02
  352.78,   602.37,   349.00
  347.69,   724.80,    97.78
  349.61,   726.08,   222.76
  351.52,   727.36,   347.74
  475.19,   476.06,    98.38
  477.10,   477.34,   223.36
  479.02,   478.62,   348.33
  473.93,   601.05,    97.12
  475.84,   602.33,   222.09
  477.76,   603.61,   347.07
  472.67,   726.03,    95.86
  474.59,   727.31,   220.83
  476.50,   728.59,   345.81
  600.17,   477.30,    96.45
  602.08,   478.58,   221.43
  603.99,   479.86,   346.41
  598.91,   602.29,    95.19
  600.82,   603.57,   220.17
  602.74,   604.84,   345.15
  597.65,   727.27,    93.93
  599.56,   728.55,   218.91
  601.48,   729.83,   343.89
  349.62,   473.48,   224.93
  348.53,   471.48,   349.91
  347.45,   469.48,   474.89
  348.27,   598.46,   226.92
  347.19,   596.46,   351.90
  346.11,   594.45,   476.88
  346.93,   723.43,   228.91
  345.85,   721.43,   353.89
  344.77,   719.43,   478.87
  474.60,   474.80,   226.03
  473.52,   472.80,   351.01
  472.44,   470.80,   475.99
  473.26,   599.78,   228.02
  472.18,   597.78,   353.00
  471.10,   595.78,   477.98
  471.92,   724.76,   230.01
  470.84,   722.76,   354.99
  469.76,   720.76,   479.97
  599.59,   476.13,   227.13
  598.51,   474.13,   352.11
  597.43,   472.13,   477.09
  598.25,   601.11,   229.12
  597.17,   599.10,   354.10
  596.09,   597.10,   479.08
  596.91,   726.08,   231.11
  595.83,   724.08,   356.09
  594.75,   722.08,   481.07
  351.06,   473.40,   349.47
  351.69,   476.96,   474.42
  352.32,   480.53,   599.37
  351.53,   598.34,   345.91
  352.16,   601.91,   470.85
  352.78,   605.47,   595.80
  351.99,   723.29,   342.34
  352.62,   726.86,   467.29
  353.25,   730.42,   592.23
  476.06,   472.91,   348.86
  476.69,   476.48,   473.81
  477.32,   480.04,   598.75
  476.52,   597.86,   345.29
  477.15,   601.42,   470.24
  477.78,   604.99,   595.19
  476.99,   722.81,   341.72
  477.62,   726.37,   466.67
  478.25,   729.94,   591.62
  601.06,   472.43,   348.24
  601.68,   475.99,   473.19
  602.31,   479.56,   598.14
  601.52,   597.37,   344.68
  602.15,   600.94,   469.62
  602.78,   604.50,   594.57
  601.99,   722.32,   341.11
  602.62,   725.89,   466.06
  603.25,   729.45,   591.00
  349.87,   475.42,   473.64
  347.25,   478.56,   598.58
  344.62,   481.70,   723.51
  349.64,   600.38,   470.50
  347.02,   603.52,   595.43
  344.40,   606.66,   720.36
  349.42,   725.34,   467.35
  346.79,   728.48,   592.29
  344.17,   731.62,   717.22
  474.84,   475.71,   476.26
  472.22,   478.85,   601.19
  469.60,   481.99,   726.13
  474.62,   600.67,   473.11
  471.99,   603.81,   598.05
  469.37,   606.95,   722.98
  474.39,   725.63,   469.97
  471.77,   728.77,   594.90
  469.14,   731.91,   719.83
  599.81,   476.00,   478.88
  597.19,   479.14,   603.81
  594.57,   482.28,   728.74
  599.59,   600.96,   475.73
  596.96,   604.10,   600.66
  594.34,   607.24,   725.60
  599.36,   725.92,   472.59
  596.74,   729.06,   597.52
  594.11,   732.20,   722.45
  350.80,   475.85,   599.77
  354.37,   477.03,   724.71
  357.93,   478.20,   849.66
  349.74,   600.84,   598.63
  353.30,   602.02,   723.57
  356.86,   603.19,   848.51
  348.67,   725.83,   597.48
  352.23,   727.01,   722.43
  355.80,   728.18,   847.37
  475.75,   476.89,   596.20
  479.31,   478.06,   721.14
  482.88,   479.24,   846.08
  474.68,   601.88,   595.05
  478.25,   603.05,   720.00
  481.81,   604.23,   844.94
  473.62,   726.87,   593.91
  477.18,   728.04,   718.85
  480.74,   729.22,   843.80
  600.69,   477.92,   592.62
  604.26,   479.09,   717.57
  607.82,   480.27,   842.51
  599.63,   602.91,   591.48
  603.19,   604.09,   716.42
  606.75,   605.26,   841.37
  598.56,   727.90,   590.34
  602.12,   729.08,   715.28
  605.69,   730.25,   840.22
  349.03,   600.45,    98.56
  347.16,   599.07,   223.54
  345.28,   597.70,   348.52
  351.64,   725.41,    99.98
  349.76,   724.04,   224.95
  347.89,   722.66,   349.93
  354.25,   850.38,   101.39
  352.37,   849.00,   226.37
  350.49,   847.62,   351.35
  473.99,   597.82,   100.41
  472.11,   596.44,   225.39
  470.24,   595.07,   350.37
  476.60,   722.78,   101.82
  474.72,   721.41,   226.80
  472.84,   720.03,   351.78
  479.20,   847.75,   103.24
  477.33,   846.37,   228.22
  475.45,   845.00,   353.19
  598.95,   595.19,   102.26
  597.07,   593.82,   227.24
  595.20,   592.44,   352.21
  601.56,   720.16,   103.67
  599.68,   718.78,   228.65
  597.80,   717.41,   353.63
  604.16,   845.12,   105.09
  602.29,   843.75,   230.06
  600.41,   842.37,   355.04
  348.94,   601.58,   226.97
  347.66,   598.10,   351.91
  346.39,   594.61,   476.86
  352.59,   726.48,   230.49
  351.31,   722.99,   355.44
  350.04,   719.51,   480.38
  356.24,   851.38,   234.02
  354.97,   847.89,   358.96
  353.69,   844.40,   483.91
  473.88,   597.90,   228.14
  472.60,   594.41,   353.09
  471.33,   590.92,   478.03
  477.53,   722.79,   231.67
  476.25,   719.31,   356.61
  474.98,   715.82,   481.56
  481.18,   847.69,   235.19
  479.91,   844.20,   360.14
  478.63,   840.72,   485.08
  598.82,   594.21,   229.32
  597.54,   590.72,   354.26
  596.27,   587.24,   479.21
  602.47,   719.11,   232.84
  601.19,   715.62,   357.79
  599.92,   712.13,   482.73
  606.12,   844.01,   236.37
  604.85,   840.52,   361.31
  603.57,   837.03,   486.26
  351.55,   600.81,   350.62
  352.82,   600.67,   475.61
  354.08,   600.53,   600.60
  352.61,   725.80,   350.74
  353.87,   725.67,   475.74
  355.13,   725.53,   600.73
  353.66,   850.80,   350.87
  354.92,   850.66,   475.86
  356.19,   850.53,   600.86
  476.54,   599.75,   349.35
  477.81,   599.62,   474.35
  479.07,   599.48,   599.34
  477.60,   724.75,   349.48
  478.86,   724.61,   474.47
  480.12,   724.48,   599.47
  478.65,   849.74,   349.61
  479.91,   849.61,   474.60
  481.18,   849.47,   599.59
  601.53,   598.70,   348.09
  602.79,   598.56,   473.09
  604.06,   598.43,   598.08
  602.59,   723.70,   348.22
  603.85,   723.56,   473.21
  605.11,   723.42,   598.20
  603.64,   848.69,   348.34
  604.90,   848.56,   473.34
  606.17,   848.42,   598.33
  349.19,   599.81,   476.97
  347.89,   602.86,   601.93
  346.59,   605.91,   726.88
  348.43,   724.77,   473.91
  347.14,   727.82,   598.87
  345.84,   730.87,   723.82
  347.68,   849.73,   470.85
  346.38,   852.78,   595.81
  345.09,   855.83,   720.77
  474.18,   600.60,   478.25
  472.88,   603.65,   603.20
  471.58,   606.70,   728.16
  473.42,   725.56,   475.19
  472.13,   728.61,   600.15
  470.83,   731.66,   725.10
  472.67,   850.52,   472.13
  471.38,   853.57,   597.09
  470.08,   856.62,   722.04
  599.17,   601.38,   479.52
  597.87,   604.43,   604.48
  596.57,   607.48,   729.44
  598.42,   726.34,   476.47
  597.12,   729.39,   601.42
  595.82,   732.44,   726.38
  597.66,   851.30,   473.41
  596.37,   854.35,   598.36
  595.07,   857.40,   723.32
  349.14,   599.28,   598.31
  352.81,   600.67,   723.25
  356.48,   602.07,   848.18
  347.86,   724.27,   596.95
  351.53,   725.66,   721.89
  355.20,   727.05,   846.83
  346.59,   849.26,   595.60
  350.26,   850.65,   720.54
  353.93,   852.04,   845.48
  474.08,   600.52,   594.62
  477.75,   601.91,   719.56
  481.42,   603.30,   844.50
  472.80,   725.50,   593.27
  476.47,   726.90,   718.21
  480.14,   728.29,   843.14
  471.53,   850.49,   591.91
  475.20,   851.88,   716.85
  478.87,   853.27,   841.79
  599.02,   601.75,   590.94
  602.69,   603.14,   715.87
  606.36,   604.53,   840.81
  597.74,   726.74,   589.58
  601.41,   728.13,   714.52
  605.08,   729.52,   839.46
  596.47,   851.72,   588.23
  600.14,   853.12,   713.17
  603.81,   854.51,   838.10
  476.26,    98.00,   100.39
  479.16,    98.18,   225.35
  482.05,    98.36,   350.32
  478.99,   222.97,   100.14
  481.89,   223.15,   225.11
  484.78,   223.33,   350.08
  481.72,   347.94,    99.90
  484.62,   348.12,   224.87
  487.51,   348.30,   349.83
  601.20,    95.27,    97.50
  604.09,    95.45,   222.46
  606.99,    95.63,   347.43
  603.93,   220.24,    97.25
  606.82,   220.42,   222.22
  609.72,   220.60,   347.19
  606.66,   345.21,    97.01
  609.55,   345.39,   221.98
  612.45,   345.57,   346.94
  726.13,    92.53,    94.61
  729.03,    92.71,   219.57
  731.92,    92.89,   344.54
  728.86,   217.50,    94.36
  731.76,   217.68,   219.33
  734.65,   217.86,   344.30
  731.59,   342.47,    94.12
  734.49,   342.65,   219.09
  737.39,   342.83,   344.05
  473.33,    98.81,   225.91
  470.52,    95.85,   350.85
  467.71,    92.89,   475.78
  476.88,   223.72,   228.95
  474.07,   220.76,   353.89
  471.27,   217.80,   478.82
  480.44,   348.63,   231.99
  477.63,   345.67,   356.93
  474.82,   342.71,   481.86
  598.25,    95.19,   228.64
  595.44,    92.23,   353.57
  592.63,    89.27,   478.50
  601.80,   220.10,   231.68
  598.99,   217.14,   356.61
  596.18,   214.18,   481.54
  605.35,   345.02,   234.72
  602.54,   342.05,   359.65
  599.74,   339.09,   484.58
  723.17,    91.57,   231.36
  720.36,    88.61,   356.29
  717.55,    85.65,   481.22
  726.72,   216.48,   234.40
  723.91,   213.52,   359.33
  721.10,   210.56,   484.27
  730.27,   341.40,   237.44
  727.46,   338.44,   362.37
  724.65,   335.47,   487.31
  475.39,    99.48,   348.50
  479.09,    98.11,   473.44
  482.80,    96.74,   598.38
  479.07,   224.42,   349.76
  482.78,   223.05,   474.70
  486.48,   221.68,   599.64
  482.76,   349.36,   351.02
  486.46,   347.99,   475.96
  490.16,   346.62,   600.90
  600.28,    95.83,   344.76
  603.98,    94.47,   469.70
  607.69,    93.10,   594.64
  603.96,   220.77,   346.02
  607.67,   219.40,   470.96
  611.37,   218.04,   595.90
  607.65,   345.71,   347.28
  611.35,   344.34,   472.22
  615.06,   342.98,   597.16
  725.17,    92.19,   341.02
  728.87,    90.82,   465.96
  732.58,    89.45,   590.89
  728.85,   217.13,   342.28
  732.56,   215.76,   467.22
  736.26,   214.39,   592.15
  732.54,   342.07,   343.54
  736.24,   340.70,   468.48
  739.95,   339.33,   593.41
  476.85,    98.44,   475.79
  474.26,    96.22,   600.74
  471.67,    93.99,   725.70
  476.55,   223.42,   478.01
  473.97,   221.20,   602.97
  471.38,   218.97,   727.92
  476.26,   348.40,   480.24
  473.67,   346.18,   605.19
  471.08,   343.95,   730.14
  601.82,    98.69,   478.39
  599.23,    96.46,   603.34
  596.64,    94.23,   728.29
  601.53,   223.67,   480.61
  598.94,   221.44,   605.56
  596.35,   219.21,   730.52
  601.24,   348.65,   482.83
  598.65,   346.42,   607.78
  596.06,   344.19,   732.74
  726.79,    98.93,   480.98
  724.20,    96.71,   605.93
  721.61,    94.48,   730.89
  726.50,   223.91,   483.20
  723.91,   221.69,   608.16
  721.32,   219.46,   733.11
  726.21,   348.89,   485.43
  723.62,   346.67,   610.38
  721.03,   344.44,   735.33
  475.41,   101.55,   599.53
  476.60,   104.69,   724.48
  477.79,   107.84,   849.44
  476.84,   226.50,   596.37
  478.03,   229.64,   721.32
  479.22,   232.79,   846.28
  478.28,   351.45,   593.21
  479.47,   354.60,   718.17
  480.65,   357.74,   843.12
  600.40,   100.09,   598.37
  601.59,   103.23,   723.33
  602.77,   106.37,   848.28
  601.83,   225.04,   595.22
  603.02,   228.18,   720.17
  604.21,   231.33,   845.13
  603.26,   349.99,   592.06
  604.45,   353.13,   717.02
  605.64,   356.28,   841.97
  725.38,    98.62,   597.22
  726.57,   101.77,   722.18
  727.76,   104.91,   847.13
  726.82,   223.58,   594.07
  728.01,   226.72,   719.02
  729.19,   229.86,   843.98
  728.25,   348.53,   590.91
  729.44,   351.67,   715.86
  730.63,   354.82,   840.82
  473.57,   226.77,   100.39
  471.42,   228.14,   225.37
  469.26,   229.51,   350.34
  472.60,   351.76,    99.01
  470.44,   353.13,   223.98
  468.28,   354.50,   348.96
  471.62,   476.75,    97.62
  469.46,   478.12,   222.60
  467.30,   479.49,   347.57
  598.55,   227.78,   102.54
  596.39,   229.14,   227.52
  594.23,   230.51,   352.49
  597.57,   352.77,   101.16
  595.41,   354.13,   226.13
  593.25,   355.50,   351.11
  596.59,   477.75,    99.77
  594.43,   479.12,   224.75
  592.27,   480.49,   349.72
  723.53,   228.78,   104.69
  721.37,   230.15,   229.66
  719.21,   231.51,   354.64
  722.55,   353.77,   103.31
  720.39,   355.14,   228.28
  718.23,   356.50,   353.25
  721.57,   478.76,   101.92
  719.41,   480.12,   226.90
  717.25,   481.49,   351.87
  473.42,   225.66,   226.25
  471.93,   227.47,   351.23
  470.44,   229.29,   476.21
  473.95,   350.64,   224.44
  472.46,   352.46,   349.42
  470.97,   354.28,   474.39
  474.48,   475.63,   222.62
  472.99,   477.45,   347.60
  471.49,   479.26,   472.58
  598.41,   225.15,   227.75
  596.92,   226.97,   352.73
  595.43,   228.79,   477.71
  598.94,   350.13,   225.94
  597.45,   351.95,   350.92
  595.96,   353.77,   475.89
  599.47,   475.12,   224.12
  597.98,   476.94,   349.10
  596.48,   478.76,   474.08
  723.40,   224.64,   229.25
  721.91,   226.46,   354.23
  720.42,   228.28,   479.21
  723.93,   349.63,   227.44
  722.44,   351.45,   352.42
  720.95,   353.27,   477.39
  724.46,   474.61,   225.63
  722.97,   476.43,   350.60
  721.47,   478.25,   475.58
  473.49,   225.85,   350.90
  471.49,   226.70,   475.88
  469.48,   227.54,   600.86
  473.37,   350.85,   350.05
  471.36,   351.69,   475.03
  469.35,   352.54,   600.01
  473.25,   475.85,   349.20
  471.24,   476.69,   474.19
  469.23,   477.54,   599.17
  598.48,   225.99,   352.91
  596.47,   226.83,   477.89
  594.46,   227.68,   602.87
  598.35,   350.98,   352.06
  596.35,   351.83,   477.04
  594.34,   352.68,   602.02
  598.23,   475.98,   351.21
  596.22,   476.83,   476.19
  594.22,   477.67,   601.17
  723.46,   226.12,   354.91
  721.45,   226.97,   479.89
  719.44,   227.81,   604.88
  723.34,   351.12,   354.07
  721.33,   351.97,   479.05
  719.32,   352.81,   604.03
  723.22,   476.12,   353.22
  721.21,   476.96,   478.20
  719.20,   477.81,   603.18
  474.63,   223.19,   476.97
  472.47,   225.84,   601.92
  470.31,   228.50,   726.88
  471.10,   348.11,   474.26
  468.94,   350.77,   599.21
  466.78,   353.42,   724.16
  467.56,   473.03,   471.54
  465.41,   475.69,   596.50
  463.25,   478.34,   721.45
  599.56,   226.77,   479.05
  597.40,   229.42,   604.01
  595.24,   232.08,   728.96
  596.03,   351.69,   476.34
  593.87,   354.34,   601.29
  591.71,   357.00,   726.25
  592.50,   476.61,   473.63
  590.34,   479.26,   598.58
  588.18,   481.92,   723.53
  724.49,   230.35,   481.14
  722.33,   233.00,   606.09
  720.18,   235.66,   731.04
  720.96,   355.27,   478.42
  718.80,   357.92,   603.38
  716.64,   360.58,   728.33
  717.43,   480.19,   475.71
  715.27,   482.84,   600.66
  713.11,   485.50,   725.62
  473.31,   225.65,   599.04
  469.69,   222.25,   723.94
  466.07,   218.85,   848.84
  475.15,   350.59,   602.49
  471.53,   347.19,   727.39
  467.90,   343.79,   852.30
  476.98,   475.53,   605.94
  473.36,   472.13,   730.85
  469.74,   468.73,   855.75
  598.25,   223.71,   602.61
  594.62,   220.32,   727.51
  591.00,   216.92,   852.41
  600.08,   348.65,   606.06
  596.46,   345.26,   730.96
  592.84,   341.86,   855.87
  601.92,   473.59,   609.51
  598.30,   470.19,   734.42
  594.68,   466.80,   859.32
  723.18,   221.78,   606.18
  719.56,   218.38,   731.08
  715.94,   214.98,   855.98
  725.02,   346.72,   609.63
  721.39,   343.32,   734.53
  717.77,   339.92,   859.44
  726.85,   471.66,   613.08
  723.23,   468.26,   737.99
  719.61,   464.86,   862.89
  473.08,   349.77,   101.21
  471.38,   348.39,   226.19
  469.68,   347.01,   351.17
  475.68,   474.73,   102.63
  473.98,   473.35,   227.61
  472.27,   471.97,   352.59
  478.27,   599.70,   104.05
  476.57,   598.32,   229.03
  474.87,   596.94,   354.01
  598.04,   347.16,   102.88
  596.34,   345.77,   227.87
  594.64,   344.39,   352.85
  600.64,   472.12,   104.30
  598.94,   470.74,   229.28
  597.23,   469.36,   354.26
  603.23,   597.09,   105.72
  601.53,   595.70,   230.70
  599.83,   594.32,   355.68
  723.01,   344.54,   104.56
  721.30,   343.16,   229.54
  719.60,   341.78,   354.52
  725.60,   469.51,   105.97
  723.90,   468.12,   230.96
  722.20,   466.74,   355.94
  728.20,   594.47,   107.39
  726.49,   593.09,   232.37
  724.79,   591.71,   357.35
  476.79,   348.83,   225.43
  479.23,   348.08,   350.40
  481.67,   347.33,   475.38
  475.18,   473.81,   226.21
  477.62,   473.06,   351.18
  480.06,   472.32,   476.15
  473.58,   598.80,   226.99
  476.02,   598.05,   351.96
  478.46,   597.30,   476.93
  601.75,   350.45,   223.00
  604.19,   349.70,   347.97
  606.63,   348.95,   472.94
  600.15,   475.43,   223.78
  602.59,   474.68,   348.75
  605.03,   473.94,   473.72
  598.54,   600.42,   224.56
  600.98,   599.67,   349.53
  603.43,   598.92,   474.50
  726.72,   352.06,   220.56
  729.16,   351.32,   345.54
  731.60,   350.57,   470.51
  725.11,   477.05,   221.34
  727.55,   476.30,   346.32
  730.00,   475.56,   471.29
  723.51,   602.04,   222.12
  725.95,   601.29,   347.10
  728.39,   600.54,   472.07
  473.82,   348.48,   349.39
  471.43,   344.76,   474.31
  469.04,   341.04,   599.24
  474.81,   473.42,   353.13
  472.42,   469.70,   478.06
  470.03,   465.98,   602.98
  475.80,   598.36,   356.87
  473.41,   594.64,   481.80
  471.02,   590.92,   606.72
  598.79,   347.42,   351.75
  596.40,   343.70,   476.67
  594.01,   339.98,   601.60
  599.78,   472.36,   355.49
  597.39,   468.64,   480.41
  595.00,   464.92,   605.34
  600.77,   597.30,   359.23
  598.38,   593.58,   484.16
  595.99,   589.86,   609.08
  723.77,   346.36,   354.11
  721.38,   342.64,   479.03
  718.99,   338.92,   603.96
  724.76,   471.30,   357.85
  722.37,   467.58,   482.77
  719.98,   463.86,   607.70
  725.75,   596.24,   361.59
  723.36,   592.52,   486.51
  720.97,   588.80,   611.44
  473.90,   349.52,   475.47
  477.19,   347.34,   600.41
  480.49,   345.17,   725.34
  473.11,   474.49,   477.66
  476.41,   472.32,   602.60
  479.70,   470.15,   727.54
  472.32,   599.47,   479.85
  475.62,   597.30,   604.79
  478.92,   595.13,   729.73
  598.85,   350.36,   472.19
  602.15,   348.19,   597.12
  605.44,   346.02,   722.06
  598.06,   475.34,   474.38
  601.36,   473.17,   599.32
  604.66,   471.00,   724.25
  597.28,   600.32,   476.57
  600.57,   598.15,   601.51
  603.87,   595.97,   726.45
  723.80,   351.20,   468.90
  727.10,   349.03,   593.84
  730.40,   346.86,   718.78
  723.02,   476.18,   471.10
  726.31,   474.01,   596.03
  729.61,   471.84,   720.97
  722.23,   601.16,   473.29
  725.53,   598.99,   598.23
  728.83,   596.82,   723.16
  475.32,   349.75,   599.15
  473.62,   352.46,   724.11
  471.91,   355.18,   849.07
  476.69,   474.71,   596.45
  474.99,   477.43,   721.41
  473.29,   480.14,   846.37
  478.07,   599.67,   593.75
  476.36,   602.39,   718.71
  474.66,   605.11,   843.67
  600.30,   348.41,   600.88
  598.60,   351.13,   725.84
  596.89,   353.84,   850.80
  601.67,   473.37,   598.18
  599.97,   476.09,   723.14
  598.27,   478.81,   848.10
  603.05,   598.34,   595.49
  601.35,   601.05,   720.44
  599.64,   603.77,   845.40
  725.28,   347.07,   602.61
  723.58,   349.79,   727.57
  721.87,   352.51,   852.53
  726.65,   472.04,   599.91
  724.95,   474.75,   724.87
  723.25,   477.47,   849.83
  728.03,   597.00,   597.22
  726.33,   599.72,   722.18
  724.62,   602.43,   847.14
  476.40,   476.31,    98.30
  476.56,   479.65,   223.25
  476.73,   482.99,   348.21
  475.50,   601.26,    94.96
  475.66,   604.60,   219.91
  475.83,   607.94,   344.87
  474.60,   726.21,    91.62
  474.76,   729.55,   216.57
  474.93,   732.89,   341.53
  601.40,   477.20,    98.11
  601.56,   480.54,   223.06
  601.72,   483.89,   348.02
  600.49,   602.16,    94.77
  600.66,   605.50,   219.72
  600.82,   608.84,   344.68
  599.59,   727.11,    91.43
  599.76,   730.45,   216.38
  599.92,   733.79,   341.34
  726.39,   478.10,    97.92
  726.56,   481.44,   222.88
  726.72,   484.78,   347.83
  725.49,   603.05,    94.58
  725.66,   606.39,   219.54
  725.82,   609.73,   344.49
  724.59,   728.00,    91.24
  724.75,   731.34,   216.20
  724.92,   734.69,   341.15
  474.26,   474.79,   223.42
  477.86,   473.77,   348.36
  481.45,   472.75,   473.31
  475.86,   599.78,   224.39
  479.46,   598.76,   349.34
  483.05,   597.74,   474.28
  477.46,   724.77,   225.37
  481.05,   723.75,   350.31
  484.65,   722.73,   475.26
  599.20,   473.22,   219.82
  602.79,   472.20,   344.76
  606.38,   471.18,   469.70
  600.80,   598.21,   220.79
  604.39,   597.19,   345.74
  607.98,   596.17,   470.68
  602.40,   723.20,   221.77
  605.99,   722.17,   346.71
  609.58,   721.15,   471.65
  724.14,   471.65,   216.21
  727.73,   470.63,   341.16
  731.32,   469.61,   466.10
  725.74,   596.64,   217.19
  729.33,   595.62,   342.13
  732.92,   594.60,   467.08
  727.34,   721.62,   218.16
  730.93,   720.60,   343.11
  734.52,   719.58,   468.05
  473.66,   474.11,   348.85
  473.74,   473.57,   473.85
  473.81,   473.04,   598.85
  477.18,   599.06,   349.38
  477.26,   598.52,   474.38
  477.33,   597.99,   599.38
  480.71,   724.00,   349.91
  480.78,   723.47,   474.91
  480.86,   722.94,   599.91
  598.61,   470.58,   348.76
  598.69,   470.05,   473.76
  598.76,   469.52,   598.76
  602.13,   595.53,   349.29
  602.21,   595.00,   474.29
  602.28,   594.47,   599.29
  605.66,   720.48,   349.82
  605.73,   719.95,   474.82
  605.81,   719.42,   599.82
  723.56,   467.06,   348.67
  723.64,   466.53,   473.67
  723.71,   466.00,   598.67
  727.08,   592.01,   349.20
  727.16,   591.48,   474.20
  727.23,   590.95,   599.20
  730.61,   716.96,   349.73
  730.68,   716.43,   474.73
  730.76,   715.90,   599.73
  476.65,   473.86,   476.49
  479.43,   471.17,   601.43
  482.21,   468.48,   726.37
  475.75,   598.82,   479.20
  478.53,   596.14,   604.14
  481.31,   593.45,   729.08
  474.85,   723.79,   481.91
  477.63,   721.10,   606.85
  480.41,   718.42,   731.79
  601.62,   474.82,   473.74
  604.40,   472.13,   598.68
  607.18,   469.44,   723.62
  600.72,   599.78,   476.44
  603.50,   597.10,   601.38
  606.28,   594.41,   726.32
  599.82,   724.75,   479.15
  602.59,   722.06,   604.09
  605.37,   719.38,   729.03
  726.58,   475.78,   470.98
  729.36,   473.09,   595.92
  732.14,   470.40,   720.86
  725.68,   600.75,   473.68
  728.46,   598.06,   598.62
  731.24,   595.37,   723.56
  724.78,   725.71,   476.39
  727.56,   723.03,   601.33
  730.34,   720.34,   726.27
  473.65,   473.23,   600.44
  477.29,   469.77,   725.34
  480.92,   466.31,   850.24
  470.33,   598.13,   603.99
  473.97,   594.67,   728.89
  477.61,   591.22,   853.79
  467.02,   723.04,   607.55
  470.65,   719.58,   732.45
  474.29,   716.12,   857.35
  598.55,   476.64,   596.90
  602.19,   473.19,   721.80
  605.83,   469.73,   846.70
  595.24,   601.55,   600.45
  598.87,   598.09,   725.35
  602.51,   594.64,   850.25
  591.92,   726.46,   604.01
  595.55,   723.00,   728.90
  599.19,   719.54,   853.80
  723.46,   480.06,   593.36
  727.09,   476.61,   718.26
  730.73,   473.15,   843.15
  720.14,   604.97,   596.91
  723.78,   601.51,   721.81
  727.41,   598.05,   846.71
  716.82,   729.87,   600.46
  720.46,   726.42,   725.36
  724.09,   722.96,   850.26
  474.57,   601.34,   100.82
  476.63,   600.27,   225.80
  478.70,   599.19,   350.78
  473.24,   726.33,   101.92
  475.30,   725.26,   226.90
  477.37,   724.18,   351.88
  471.91,   851.32,   103.02
  473.97,   850.24,   228.00
  476.04,   849.17,   352.97
  599.54,   602.69,    98.77
  601.61,   601.61,   223.75
  603.67,   600.54,   348.73
  598.21,   727.68,    99.87
  600.28,   726.60,   224.85
  602.34,   725.53,   349.82
  596.89,   852.66,   100.96
  598.95,   851.59,   225.94
  601.01,   850.52,   350.92
  724.52,   604.04,    96.72
  726.58,   602.96,   221.70
  728.65,   601.89,   346.68
  723.19,   729.02,    97.82
  725.25,   727.95,   222.79
  727.32,   726.87,   347.77
  721.86,   854.01,    98.91
  723.93,   852.94,   223.89
  725.99,   851.86,   348.87
  476.27,   598.80,   226.42
  476.17,   595.31,   351.37
  476.07,   591.81,   476.32
  474.50,   723.74,   229.91
  474.40,   720.25,   354.86
  474.30,   716.75,   479.81
  472.73,   848.68,   233.41
  472.63,   845.19,   358.36
  472.53,   841.69,   483.31
  601.26,   600.57,   226.57
  601.16,   597.08,   351.52
  601.06,   593.58,   476.47
  599.49,   725.51,   230.06
  599.39,   722.01,   355.01
  599.29,   718.52,   479.96
  597.72,   850.45,   233.55
  597.62,   846.95,   358.50
  597.52,   843.46,   483.46
  726.24,   602.34,   226.71
  726.15,   598.84,   351.67
  726.05,   595.35,   476.62
  724.47,   727.28,   230.21
  724.38,   723.78,   355.16
  724.28,   720.29,   480.11
  722.70,   852.21,   233.70
  722.61,   848.72,   358.65
  722.51,   845.22,   483.60
  475.20,   601.72,   351.70
  475.91,   605.16,   476.65
  476.61,   608.60,   601.61
  474.18,   726.66,   348.27
  474.89,   730.11,   473.22
  475.59,   733.55,   598.17
  473.16,   851.61,   344.83
  473.87,   855.06,   469.78
  474.57,   858.50,   594.73
  600.20,   602.72,   350.97
  600.90,   606.16,   475.92
  601.60,   609.60,   600.87
  599.18,   727.66,   347.54
  599.88,   731.11,   472.49
  600.58,   734.55,   597.44
  598.16,   852.61,   344.10
  598.86,   856.06,   469.05
  599.56,   859.50,   594.00
  725.19,   603.72,   350.24
  725.89,   607.16,   475.19
  726.60,   610.60,   600.14
  724.17,   728.66,   346.80
  724.87,   732.11,   471.75
  725.58,   735.55,   596.70
  723.15,   853.61,   343.37
  723.85,   857.06,   468.32
  724.56,   860.50,   593.27
  474.09,   600.82,   473.79
  474.72,   597.90,   598.75
  475.35,   594.98,   723.72
  471.40,   725.76,   476.72
  472.03,   722.84,   601.69
  472.66,   719.92,   726.65
  468.71,   850.69,   479.66
  469.34,   847.77,   604.62
  469.98,   844.85,   729.58
  599.06,   603.52,   473.22
  599.69,   600.60,   598.18
  600.32,   597.68,   723.15
  596.37,   728.46,   476.15
  597.00,   725.54,   601.12
  597.63,   722.62,   726.08
  593.68,   853.40,   479.09
  594.31,   850.48,   604.05
  594.94,   847.56,   729.01
  724.03,   606.23,   472.65
  724.66,   603.31,   597.61
  725.29,   600.39,   722.58
  721.34,   731.16,   475.58
  721.97,   728.24,   600.55
  722.60,   725.32,   725.51
  718.65,   856.10,   478.52
  719.28,   853.18,   603.48
  719.91,   850.26,   728.44
  475.11,   598.59,   598.55
  477.90,   601.35,   723.48
  480.69,   604.11,   848.42
  478.37,   723.52,   595.72
  481.16,   726.28,   720.65
  483.95,   729.03,   845.59
  481.63,   848.44,   592.89
  484.42,   851.20,   717.82
  487.21,   853.96,   842.76
  600.04,   595.27,   595.83
  602.83,   598.03,   720.77
  605.62,   600.79,   845.71
  603.29,   720.20,   593.00
  606.08,   722.96,   717.94
  608.87,   725.71,   842.88
  606.55,   845.12,   590.17
  609.34,   847.88,   715.11
  612.13,   850.64,   840.05
  724.96,   591.95,   593.11
  727.75,   594.71,   718.05
  730.54,   597.47,   842.99
  728.22,   716.88,   590.28
  731.01,   719.64,   715.22
  733.80,   722.39,   840.16
  731.48,   841.80,   587.45
  734.27,   844.56,   712.39
  737.06,   847.32,   837.33
  600.38,   100.52,    98.75
  603.46,    98.14,   223.69
  606.53,    95.77,   348.63
  599.38,   225.49,   101.15
  602.45,   223.12,   226.09
  605.53,   220.74,   351.03
  598.37,   350.47,   103.56
  601.45,   348.09,   228.50
  604.53,   345.71,   353.44
  725.34,   101.58,    95.69
  728.41,    99.20,   220.63
  731.49,    96.83,   345.57
  724.33,   226.56,    98.10
  727.41,   224.18,   223.03
  730.49,   221.80,   347.97
  723.33,   351.53,   100.50
  726.41,   349.15,   225.44
  729.49,   346.77,   350.38
  850.29,   102.64,    92.63
  853.37,   100.27,   217.57
  856.45,    97.89,   342.51
  849.29,   227.62,    95.04
  852.37,   225.24,   219.98
  855.45,   222.86,   344.92
  848.29,   352.59,    97.44
  851.37,   350.21,   222.38
  854.45,   347.83,   347.32
  598.25,   100.99,   225.67
  599.19,   101.73,   350.66
  600.13,   102.47,   475.66
  596.35,   225.97,   224.94
  597.29,   226.71,   349.94
  598.23,   227.45,   474.93
  594.45,   350.95,   224.22
  595.39,   351.69,   349.21
  596.33,   352.43,   474.21
  723.23,   102.88,   224.72
  724.18,   103.62,   349.71
  725.12,   104.36,   474.71
  721.33,   227.87,   223.99
  722.27,   228.61,   348.99
  723.21,   229.35,   473.98
  719.43,   352.85,   223.27
  720.37,   353.59,   348.26
  721.31,   354.33,   473.26
  848.22,   104.78,   223.77
  849.16,   105.52,   348.76
  850.10,   106.26,   473.75
  846.31,   229.76,   223.04
  847.25,   230.50,   348.03
  848.20,   231.24,   473.03
  844.41,   354.75,   222.31
  845.35,   355.49,   347.31
  846.29,   356.23,   472.30
  599.85,    98.20,   350.65
  602.99,    95.06,   475.57
  606.12,    91.92,   600.50
  596.62,   223.11,   353.87
  599.75,   219.98,   478.79
  602.88,   216.84,   603.71
  593.38,   348.03,   357.09
  596.52,   344.89,   482.01
  599.65,   341.76,   606.93
  724.77,   101.51,   347.60
  727.90,    98.37,   472.52
  731.04,    95.23,   597.45
  721.54,   226.43,   350.82
  724.67,   223.29,   475.74
  727.80,   220.15,   600.66
  718.30,   351.34,   354.04
  721.44,   348.21,   478.96
  724.57,   345.07,   603.88
  849.69,   104.82,   344.55
  852.82,   101.68,   469.47
  855.96,    98.55,   594.39
  846.46,   229.74,   347.77
  849.59,   226.60,   472.69
  852.72,   223.46,   597.61
  843.22,   354.66,   350.99
  846.35,   351.52,   475.91
  849.49,   348.38,   600.83
  601.97,    98.16,   473.50
  599.55,    97.02,   598.47
  597.12,    95.88,   723.44
  601.88,   223.15,   474.63
  599.46,   222.01,   599.60
  597.03,   220.88,   724.58
  601.79,   348.15,   475.77
  599.37,   347.01,   600.74
  596.94,   345.87,   725.71
  726.95,    98.22,   475.92
  724.52,    97.09,   600.89
  722.10,    95.95,   725.87
  726.86,   223.22,   477.06
  724.43,   222.08,   602.03
  722.01,   220.94,   727.00
  726.77,   348.21,   478.19
  724.34,   347.08,   603.17
  721.92,   345.94,   728.14
  851.92,    98.29,   478.35
  849.50,    97.15,   603.32
  847.07,    96.02,   728.29
  851.84,   223.29,   479.48
  849.41,   222.15,   604.46
  846.98,   221.01,   729.43
  851.75,   348.28,   480.62
  849.32,   347.14,   605.59
  846.89,   346.01,   730.56
  599.78,   101.16,   598.21
  600.52,    97.85,   723.16
  601.26,    94.55,   848.12
  596.27,   226.07,   601.53
  597.01,   222.76,   726.49
  597.75,   219.45,   851.44
  592.77,   350.97,   604.86
  593.51,   347.67,   729.81
  594.25,   344.36,   854.77
  724.73,   104.68,   597.56
  725.47,   101.38,   722.51
  726.21,    98.07,   847.47
  721.22,   229.59,   600.89
  721.96,   226.28,   725.84
  722.70,   222.98,   850.79
  717.71,   354.50,   604.21
  718.46,   351.19,   729.17
  719.20,   347.88,   854.12
  849.67,   108.21,   596.91
  850.41,   104.90,   721.87
  851.16,   101.59,   846.82
  846.17,   233.11,   600.24
  846.91,   229.81,   725.19
  847.65,   226.50,   850.15
  842.66,   358.02,   603.56
  843.40,   354.71,   728.52
  844.14,   351.41,   853.47
  598.32,   223.59,   101.94
  598.14,   219.95,   226.89
  597.96,   216.32,   351.84
  596.09,   348.52,   105.58
  595.91,   344.88,   230.52
  595.73,   341.24,   355.47
  593.86,   473.44,   109.21
  593.67,   469.81,   234.16
  593.49,   466.17,   359.10
  723.30,   225.81,   102.19
  723.12,   222.18,   227.14
  722.94,   218.54,   352.08
  721.07,   350.74,   105.82
  720.89,   347.11,   230.77
  720.70,   343.47,   355.72
  718.84,   475.67,   109.45
  718.65,   472.03,   234.40
  718.47,   468.40,   359.35
  848.28,   228.04,   102.44
  848.10,   224.41,   227.38
  847.92,   220.77,   352.33
  846.05,   352.97,   106.07
  845.87,   349.33,   231.02
  845.68,   345.70,   355.96
  843.82,   477.90,   109.70
  843.63,   474.26,   234.65
  843.45,   470.62,   359.60
  599.80,   223.59,   225.10
  596.17,   225.14,   350.04
  592.53,   226.69,   474.98
  599.20,   348.58,   223.54
  595.56,   350.13,   348.47
  591.92,   351.68,   473.41
  598.59,   473.57,   221.97
  594.95,   475.12,   346.91
  591.32,   476.67,   471.84
  724.75,   224.24,   228.73
  721.11,   225.79,   353.67
  717.47,   227.34,   478.61
  724.14,   349.23,   227.16
  720.51,   350.78,   352.10
  716.87,   352.33,   477.04
  723.54,   474.22,   225.60
  719.90,   475.77,   350.53
  716.26,   477.32,   475.47
  849.69,   224.89,   232.36
  846.06,   226.44,   357.30
  842.42,   227.99,   482.24
  849.09,   349.88,   230.79
  845.45,   351.43,   355.73
  841.81,   352.98,   480.67
  848.48,   474.87,   229.23
  844.84,   476.42,   354.16
  841.21,   477.97,   479.10
  600.23,   224.14,   350.77
  597.10,   224.33,   475.73
  593.98,   224.51,   600.69
  599.98,   349.14,   350.58
  596.85,   349.33,   475.55
  593.72,   349.51,   600.51
  599.73,   474.14,   350.40
  596.60,   474.32,   475.36
  593.47,   474.51,   600.32
  725.19,   224.40,   353.90
  722.06,   224.58,   478.86
  718.94,   224.76,   603.82
  724.94,   349.40,   353.71
  721.81,   349.58,   478.67
  718.69,   349.76,   603.63
  724.69,   474.40,   353.52
  721.56,   474.58,   478.49
  718.43,   474.76,   603.45
  850.15,   224.66,   357.03
  847.03,   224.84,   481.99
  843.90,   225.02,   606.95
  849.90,   349.66,   356.84
  846.77,   349.84,   481.80
  843.65,   350.02,   606.76
  849.65,   474.66,   356.65
  846.52,   474.84,   481.61
  843.39,   475.02,   606.57
  598.86,   224.86,   474.97
  596.64,   223.32,   599.94
  594.42,   221.78,   724.91
  598.47,   349.85,   476.50
  596.25,   348.31,   601.48
  594.02,   346.77,   726.45
  598.07,   474.84,   478.04
  595.85,   473.30,   603.01
  593.63,   471.76,   727.98
  723.84,   225.23,   477.20
  721.62,   223.69,   602.17
  719.40,   222.15,   727.14
  723.45,   350.22,   478.73
  721.23,   348.68,   603.70
  719.00,   347.14,   728.67
  723.05,   475.21,   480.26
  720.83,   473.67,   605.24
  718.61,   472.13,   730.21
  848.82,   225.60,   479.43
  846.60,   224.06,   604.40
  844.38,   222.52,   729.37
  848.43,   350.59,   480.96
  846.20,   349.05,   605.93
  843.98,   347.51,   730.90
  848.03,   475.58,   482.49
  845.81,   474.04,   607.46
  843.59,   472.50,   732.43
  601.52,   224.55,   600.65
  602.75,   227.91,   725.60
  603.97,   231.26,   850.55
  600.03,   349.49,   597.30
  601.26,   352.85,   722.25
  602.48,   356.21,   847.20
  598.54,   474.44,   593.96
  599.77,   477.80,   718.91
  600.99,   481.16,   843.86
  726.51,   226.00,   599.38
  727.73,   229.36,   724.33
  728.96,   232.72,   849.28
  725.02,   350.95,   596.04
  726.24,   354.31,   720.99
  727.47,   357.67,   845.94
  723.53,   475.90,   592.70
  724.75,   479.26,   717.65
  725.98,   482.61,   842.59
  851.49,   227.46,   598.12
  852.72,   230.82,   723.07
  853.94,   234.18,   848.02
  850.00,   352.41,   594.77
  851.23,   355.77,   719.72
  852.45,   359.12,   844.67
  848.51,   477.35,   591.43
  849.74,   480.71,   716.38
  850.96,   484.07,   841.33
  601.07,   348.85,    99.13
  602.70,   345.50,   224.08
  604.33,   342.15,   349.02
  598.41,   473.77,   102.51
  600.04,   470.43,   227.46
  601.68,   467.08,   352.40
  595.75,   598.70,   105.89
  597.38,   595.35,   230.84
  599.02,   592.00,   355.78
  726.03,   351.55,    97.57
  727.66,   348.20,   222.51
  729.30,   344.85,   347.46
  723.37,   476.47,   100.95
  725.00,   473.13,   225.89
  726.64,   469.78,   350.84
  720.71,   601.40,   104.33
  722.34,   598.05,   229.28
  723.98,   594.71,   354.22
  850.99,   354.25,    96.01
  852.62,   350.90,   220.95
  854.26,   347.55,   345.89
  848.33,   479.17,    99.39
  849.96,   475.83,   224.33
  851.60,   472.48,   349.28
  845.67,   604.10,   102.77
  847.31,   600.75,   227.71
  848.94,   597.41,   352.66
  599.20,   351.07,   223.99
  601.69,   353.73,   348.94
  604.19,   356.38,   473.89
  602.31,   476.01,   221.28
  604.80,   478.66,   346.23
  607.30,   481.31,   471.17
  605.42,   600.94,   218.56
  607.91,   603.59,   343.51
  610.41,   606.25,   468.46
  724.13,   347.91,   221.57
  726.63,   350.57,   346.51
  729.12,   353.22,   471.46
  727.24,   472.84,   218.85
  729.74,   475.50,   343.80
  732.23,   478.15,   468.74
  730.35,   597.78,   216.13
  732.85,   600.43,   341.08
  735.34,   603.08,   466.03
  849.07,   344.75,   219.14
  851.57,   347.40,   344.09
  854.06,   350.06,   469.03
  852.18,   469.68,   216.42
  854.67,   472.34,   341.37
  857.17,   474.99,   466.32
  855.29,   594.61,   213.71
  857.78,   597.27,   338.65
  860.28,   599.92,   463.60
  599.58,   350.09,   351.98
  601.56,   349.79,   476.96
  603.54,   349.49,   601.94
  597.44,   475.07,   352.31
  599.42,   474.77,   477.29
  601.40,   474.47,   602.28
  595.30,   600.05,   352.64
  597.28,   599.75,   477.63
  599.26,   599.45,   602.61
  724.55,   352.24,   350.01
  726.53,   351.94,   474.99
  728.50,   351.64,   599.97
  722.41,   477.22,   350.34
  724.39,   476.92,   475.32
  726.36,   476.62,   600.31
  720.27,   602.20,   350.67
  722.25,   601.90,   475.66
  724.22,   601.60,   600.64
  849.52,   354.38,   348.03
  851.49,   354.08,   473.02
  853.47,   353.78,   598.00
  847.38,   479.36,   348.37
  849.35,   479.06,   473.35
  851.33,   478.76,   598.34
  845.24,   604.34,   348.70
  847.21,   604.04,   473.68
  849.19,   603.74,   598.67
  599.06,   348.56,   473.31
  601.10,   352.24,   598.24
  603.13,   355.91,   723.16
  596.70,   473.49,   469.67
  598.73,   477.16,   594.60
  600.76,   480.84,   719.53
  594.33,   598.41,   466.03
  596.37,   602.09,   590.96
  598.40,   605.76,   715.89
  724.03,   350.87,   471.21
  726.06,   354.54,   596.13
  728.09,   358.22,   721.06
  721.66,   475.79,   467.57
  723.69,   479.47,   592.50
  725.72,   483.14,   717.43
  719.30,   600.72,   463.93
  721.33,   604.39,   588.86
  723.36,   608.07,   713.79
  848.99,   353.17,   469.11
  851.02,   356.85,   594.03
  853.05,   360.52,   718.96
  846.62,   478.10,   465.47
  848.65,   481.77,   590.40
  850.69,   485.45,   715.33
  844.26,   603.02,   461.83
  846.29,   606.70,   586.76
  848.32,   610.37,   711.69
  599.85,   350.78,   599.58
  601.90,   347.64,   724.52
  603.95,   344.51,   849.47
  600.27,   475.74,   602.71
  602.32,   472.60,   727.65
  604.37,   469.47,   852.59
  600.69,   600.70,   605.84
  602.74,   597.56,   730.78
  604.79,   594.43,   855.72
  724.83,   350.41,   597.52
  726.88,   347.27,   722.46
  728.93,   344.14,   847.41
  725.25,   475.37,   600.65
  727.30,   472.23,   725.59
  729.35,   469.10,   850.54
  725.67,   600.33,   603.78
  727.72,   597.19,   728.72
  729.77,   594.06,   853.66
  849.82,   350.04,   595.46
  851.87,   346.91,   720.40
  853.91,   343.77,   845.35
  850.23,   475.00,   598.59
  852.28,   471.87,   723.53
  854.33,   468.73,   848.48
  850.65,   599.96,   601.72
  852.70,   596.83,   726.66
  854.75,   593.69,   851.61
  600.39,   476.11,    99.28
  603.18,   477.11,   224.24
  605.97,   478.11,   349.21
  601.36,   601.10,    98.26
  604.16,   602.10,   223.22
  606.95,   603.10,   348.18
  602.34,   726.09,    97.23
  605.13,   727.09,   222.20
  607.92,   728.09,   347.16
  725.35,   475.11,    96.49
  728.15,   476.11,   221.46
  730.94,   477.11,   346.42
  726.33,   600.10,    95.47
  729.12,   601.10,   220.44
  731.91,   602.10,   345.40
  727.30,   725.09,    94.45
  730.10,   726.09,   219.41
  732.89,   727.09,   344.38
  850.32,   474.11,    93.71
  853.11,   475.11,   218.67
  855.90,   476.11,   343.64
  851.29,   599.10,    92.69
  854.09,   600.10,   217.65
  856.88,   601.10,   342.62
  852.27,   724.10,    91.66
  855.06,   725.10,   216.63
  857.85,   726.10,   341.59
  600.56,   474.30,   226.49
  604.13,   471.58,   351.40
  607.70,   468.86,   476.32
  597.76,   599.24,   229.28
  601.34,   596.52,   354.20
  604.91,   593.80,   479.12
  594.97,   724.18,   232.08
  598.55,   721.46,   357.00
  602.12,   718.74,   481.92
  725.47,   477.17,   222.97
  729.05,   474.45,   347.89
  732.62,   471.73,   472.81
  722.68,   602.11,   225.77
  726.26,   599.39,   350.69
  729.83,   596.67,   475.61
  719.89,   727.04,   228.57
  723.46,   724.33,   353.49
  727.04,   721.61,   478.41
  850.39,   480.04,   219.46
  853.96,   477.32,   344.38
  857.54,   474.60,   469.30
  847.60,   604.98,   222.26
  851.17,   602.26,   347.18
  854.75,   599.54,   472.10
  844.81,   729.91,   225.06
  848.38,   727.20,   349.98
  851.96,   724.48,   474.90
  600.90,   476.17,   350.25
  603.90,   475.86,   475.21
  606.91,   475.55,   600.18
  599.70,   601.16,   350.59
  602.70,   600.85,   475.55
  605.71,   600.54,   600.51
  598.50,   726.15,   350.93
  601.50,   725.84,   475.89
  604.51,   725.53,   600.85
  725.86,   477.37,   347.25
  728.86,   477.06,   472.21
  731.87,   476.75,   597.17
  724.66,   602.37,   347.59
  727.66,   602.06,   472.55
  730.67,   601.75,   597.51
  723.46,   727.36,   347.92
  726.46,   727.05,   472.89
  729.47,   726.74,   597.85
  850.81,   478.58,   344.24
  853.82,   478.27,   469.21
  856.82,   477.96,   594.17
  849.61,   603.57,   344.58
  852.62,   603.26,   469.55
  855.62,   602.95,   594.51
  848.42,   728.57,   344.92
  851.42,   728.26,   469.89
  854.42,   727.95,   594.85
  598.91,   473.88,   473.48
  599.20,   473.99,   598.48
  599.48,   474.10,   723.48
  596.96,   598.87,   473.37
  597.24,   598.98,   598.37
  597.52,   599.09,   723.37
  595.00,   723.85,   473.27
  595.29,   723.96,   598.27
  595.57,   724.07,   723.27
  723.90,   475.84,   473.19
  724.18,   475.95,   598.19
  724.46,   476.06,   723.19
  721.94,   600.82,   473.09
  722.23,   600.93,   598.09
  722.51,   601.04,   723.09
  719.99,   725.81,   472.99
  720.27,   725.92,   597.98
  720.55,   726.02,   722.98
  848.88,   477.79,   472.91
  849.16,   477.90,   597.91
  849.45,   478.01,   722.91
  846.93,   602.78,   472.80
  847.21,   602.89,   597.80
  847.49,   602.99,   722.80
  844.97,   727.76,   472.70
  845.26,   727.87,   597.70
  845.54,   727.98,   722.70
  599.57,   476.62,   601.27
  601.12,   477.07,   726.26
  602.66,   477.51,   851.25
  600.55,   601.62,   600.82
  602.10,   602.06,   725.81
  603.65,   602.51,   850.80
  601.54,   726.61,   600.36
  603.08,   727.06,   725.35
  604.63,   727.50,   850.34
  724.56,   475.63,   599.73
  726.10,   476.08,   724.72
  727.65,   476.52,   849.71
  725.54,   600.63,   599.27
  727.09,   601.07,   724.26
  728.63,   601.52,   849.25
  726.52,   725.62,   598.82
  728.07,   726.07,   723.80
  729.62,   726.51,   848.79
  849.54,   474.64,   598.19
  851.09,   475.09,   723.18
  852.64,   475.53,   848.17
  850.53,   599.64,   597.73
  852.07,   600.08,   722.72
  853.62,   600.53,   847.71
  851.51,   724.63,   597.27
  853.06,   725.08,   722.26
  854.60,   725.52,   847.25
  601.43,   599.19,   100.95
  598.74,   599.22,   225.92
  596.05,   599.25,   350.89
  604.02,   724.16,   100.97
  601.33,   724.19,   225.95
  598.65,   724.22,   350.92
  606.62,   849.14,   101.00
  603.93,   849.17,   225.97
  601.24,   849.19,   350.94
  726.37,   596.60,   103.64
  723.68,   596.63,   228.61
  721.00,   596.65,   353.58
  728.97,   721.57,   103.66
  726.28,   721.60,   228.63
  723.59,   721.63,   353.61
  731.56,   846.54,   103.69
  728.87,   846.57,   228.66
  726.18,   846.60,   353.63
  851.32,   594.00,   106.33
  848.63,   594.03,   231.30
  845.94,   594.06,   356.27
  853.91,   718.98,   106.35
  851.22,   719.01,   231.32
  848.53,   719.03,   356.29
  856.51,   843.95,   106.38
  853.82,   843.98,   231.35
  851.13,   844.01,   356.32
  600.24,   599.90,   226.95
  599.55,   601.21,   351.94
  598.86,   602.51,   476.93
  598.38,   724.88,   225.63
  597.69,   726.18,   350.62
  597.00,   727.49,   475.61
  596.51,   849.86,   224.31
  595.82,   851.16,   349.30
  595.13,   852.47,   474.29
  725.23,   601.77,   227.62
  724.54,   603.08,   352.61
  723.85,   604.39,   477.60
  723.36,   726.75,   226.30
  722.67,   728.06,   351.29
  721.98,   729.37,   476.28
  721.50,   851.73,   224.98
  720.81,   853.04,   349.97
  720.12,   854.35,   474.96
  850.21,   603.64,   228.29
  849.52,   604.95,   353.28
  848.83,   606.26,   478.27
  848.35,   728.62,   226.97
  847.66,   729.93,   351.96
  846.97,   731.24,   476.95
  846.48,   853.60,   225.65
  845.79,   854.91,   350.64
  845.10,   856.22,   475.63
  600.33,   598.73,   351.62
  603.58,   600.78,   476.56
  606.83,   602.83,   601.51
  600.48,   723.72,   349.57
  603.73,   725.76,   474.51
  606.98,   727.81,   599.45
  600.63,   848.70,   347.52
  603.88,   850.75,   472.46
  607.13,   852.79,   597.40
  725.29,   598.53,   348.38
  728.54,   600.58,   473.32
  731.78,   602.62,   598.26
  725.44,   723.51,   346.33
  728.69,   725.56,   471.27
  731.93,   727.61,   596.21
  725.59,   848.50,   344.28
  728.84,   850.54,   469.22
  732.08,   852.59,   594.16
  850.25,   598.33,   345.14
  853.50,   600.37,   470.08
  856.74,   602.42,   595.02
  850.40,   723.31,   343.08
  853.65,   725.36,   468.03
  856.89,   727.40,   592.97
  850.55,   848.29,   341.03
  853.80,   850.34,   465.97
  857.04,   852.39,   590.91
  599.64,   598.63,   473.29
  600.16,   599.19,   598.29
  600.68,   599.76,   723.29
  601.39,   723.61,   472.72
  601.91,   724.18,   597.72
  602.44,   724.75,   722.71
  603.15,   848.60,   472.14
  603.67,   849.17,   597.14
  604.19,   849.73,   722.14
  724.63,   596.87,   472.78
  725.15,   597.44,   597.78
  725.67,   598.00,   722.77
  726.38,   721.86,   472.20
  726.90,   722.42,   597.20
  727.42,   722.99,   722.20
  728.13,   846.85,   471.63
  728.65,   847.41,   596.63
  729.18,   847.98,   721.63
  849.61,   595.12,   472.26
  850.13,   595.68,   597.26
  850.65,   596.25,   722.26
  851.37,   720.10,   471.69
  851.89,   720.67,   596.69
  852.41,   721.24,   721.69
  853.12,   845.09,   471.12
  853.64,   845.66,   596.12
  854.16,   846.22,   721.11
  599.30,   601.67,   598.53
  596.10,   600.01,   723.48
  592.90,   598.34,   848.42
  600.25,   726.66,   600.22
  597.06,   724.99,   725.16
  593.86,   723.33,   850.11
  601.21,   851.64,   601.91
  598.01,   849.98,   726.85
  594.82,   848.31,   851.80
  724.25,   600.67,   601.71
  721.06,   599.01,   726.66
  717.86,   597.34,   851.61
  725.21,   725.66,   603.40
  722.01,   723.99,   728.35
  718.82,   722.33,   853.30
  726.17,   850.64,   605.09
  722.97,   848.98,   730.04
  719.77,   847.31,   854.99
  849.21,   599.67,   604.89
  846.01,   598.01,   729.84
  842.82,   596.34,   854.79
  850.16,   724.66,   606.58
  846.97,   722.99,   731.53
  843.77,   721.33,   856.48
  851.12,   849.64,   608.27
  847.93,   847.98,   733.22
  844.73,   846.31,   858.17
