27, 125, pa2-debug-c-output1.txt
  198.71,   195.02,   208.51
  398.72,   402.70,   206.25
   99.47,    98.48,    98.08
   96.55,   102.19,   222.90
   93.93,   105.43,   347.74
  101.23,   223.39,    94.63
   98.35,   227.05,   219.60
   95.45,   230.42,   344.50
  102.80,   348.46,    91.33
   99.92,   351.79,   216.36
   96.96,   354.98,   341.28
  224.52,    96.96,   101.45
  221.82,   100.54,   226.31
  219.05,   103.83,   350.71
  226.32,   221.95,    97.74
  223.60,   225.48,   222.75
  220.76,   228.78,   347.53
  227.68,   346.93,    94.17
  224.80,   350.24,   219.05
  222.08,   353.51,   344.03
  349.35,    95.57,   104.17
  346.34,    98.91,   229.30
  343.56,   102.26,   353.91
  351.02,   220.58,   100.71
  348.13,   223.95,   225.87
  345.19,   227.21,   350.74
  352.37,   345.32,    97.50
  349.47,   348.65,   222.35
  346.78,   352.04,   347.18
  101.96,    99.45,   226.04
  103.91,   101.27,   350.88
  105.53,   102.93,   475.83
  103.55,   224.36,   224.09
  105.24,   226.30,   349.02
  106.83,   228.07,   474.07
  104.90,   349.11,   222.17
  106.51,   350.90,   347.14
  108.07,   352.84,   472.17
  227.19,    97.89,   224.87
  228.96,    99.75,   349.31
  230.49,   101.56,   474.11
  228.80,   222.88,   222.68
  230.48,   224.75,   347.52
  231.97,   226.55,   472.49
  229.79,   347.67,   220.34
  231.61,   349.52,   345.38
  233.31,   351.44,   470.43
  351.73,    96.37,   223.27
  353.50,    98.30,   347.94
  355.24,   100.29,   472.78
  353.33,   221.46,   221.21
  354.91,   223.30,   346.16
  356.49,   225.12,   471.07
  354.48,   346.18,   219.08
  356.32,   348.15,   343.97
  358.06,   350.06,   468.87
   98.85,   100.09,   347.96
   98.53,   102.35,   472.94
   97.95,   104.80,   598.14
   95.50,   225.09,   345.51
   95.15,   227.46,   470.58
   94.63,   229.86,   595.82
   92.14,   349.64,   343.10
   91.75,   352.16,   468.07
   91.34,   354.81,   593.10
  223.92,   103.27,   348.26
  223.49,   105.65,   473.06
  222.92,   108.09,   598.44
  220.80,   228.21,   345.86
  220.34,   230.61,   470.83
  219.65,   232.99,   595.98
  217.28,   352.93,   343.14
  217.01,   355.44,   468.21
  216.35,   358.00,   593.26
  348.43,   106.49,   348.78
  348.18,   109.03,   473.63
  347.87,   111.57,   598.82
  345.23,   231.42,   346.37
  344.86,   233.84,   471.27
  344.53,   236.27,   596.24
  341.99,   356.23,   343.57
  341.79,   358.73,   468.49
  341.30,   361.19,   593.41
  101.31,   100.36,   475.04
  103.64,    99.80,   600.22
  106.11,    99.51,   725.52
  102.53,   225.53,   475.66
  104.89,   224.90,   600.90
  107.26,   224.25,   725.98
  103.71,   350.32,   476.14
  106.15,   349.94,   601.19
  108.59,   349.37,   726.11
  226.27,    99.09,   472.28
  228.63,    98.55,   597.67
  231.07,    98.10,   723.35
  227.68,   224.11,   473.07
  229.92,   223.50,   598.21
  232.28,   222.98,   723.33
  228.95,   349.01,   473.41
  231.20,   348.55,   598.45
  233.34,   347.98,   723.28
  351.00,    97.92,   469.95
  353.60,    97.50,   595.16
  356.13,    96.93,   720.55
  352.19,   222.78,   470.66
  354.81,   222.22,   595.63
  357.58,   221.74,   720.61
  353.69,   347.72,   470.86
  356.15,   347.18,   595.79
  358.50,   346.71,   720.73
  101.30,    97.92,   600.10
   99.54,    97.26,   725.35
   97.94,    96.32,   850.36
   99.24,   223.01,   601.17
   97.40,   221.98,   726.26
   96.04,   220.80,   850.92
   97.19,   348.04,   601.84
   95.44,   347.11,   726.82
   93.93,   345.99,   851.75
  226.29,    99.96,   601.85
  224.47,    99.11,   727.54
  223.13,    97.81,   852.46
  224.26,   224.89,   602.77
  222.35,   223.98,   727.89
  221.01,   223.45,   852.70
  222.21,   349.95,   603.40
  220.10,   348.97,   728.23
  218.45,   348.50,   852.99
  351.27,   102.18,   603.63
  349.57,   101.22,   729.02
  347.98,   100.15,   853.91
  349.18,   226.90,   604.44
  347.66,   226.05,   729.43
  346.23,   225.45,   854.32
  347.18,   351.86,   604.98
  345.22,   351.01,   729.92
  343.62,   350.38,   854.80
  101.54,   224.63,    98.34
  102.01,   225.87,   223.40
  102.47,   226.82,   348.36
   98.22,   349.70,    97.48
   98.68,   350.60,   222.55
   99.05,   351.39,   347.53
   94.93,   474.67,    96.59
   95.26,   475.55,   221.65
   95.66,   476.23,   346.67
  226.62,   227.99,    98.05
  227.23,   229.09,   223.14
  227.71,   229.96,   348.01
  223.11,   352.97,    96.86
  223.55,   353.86,   221.83
  224.16,   354.71,   346.90
  219.80,   477.83,    95.85
  219.99,   478.83,   220.65
  220.68,   479.74,   345.86
  351.31,   231.41,    97.62
  351.74,   232.36,   222.85
  352.13,   233.21,   347.82
  347.78,   356.16,    96.82
  348.21,   357.06,   221.72
  348.86,   358.05,   346.63
  344.38,   480.95,    96.04
  344.71,   481.86,   220.65
  345.53,   483.03,   345.46
  101.14,   223.61,   224.89
   99.62,   227.14,   349.80
   98.02,   230.51,   474.84
   99.78,   348.33,   221.42
   98.17,   351.70,   346.35
   96.54,   355.23,   471.32
   98.32,   473.28,   217.88
   96.75,   476.55,   342.87
   95.17,   480.03,   467.82
  226.41,   224.92,   226.60
  224.91,   228.38,   351.40
  223.21,   231.78,   476.35
  224.69,   349.67,   222.68
  223.32,   353.11,   347.68
  221.81,   356.62,   472.71
  223.08,   474.62,   218.87
  221.79,   478.13,   344.03
  220.39,   481.60,   469.15
  350.94,   226.27,   228.27
  349.35,   229.70,   353.17
  347.76,   233.12,   478.04
  349.38,   350.97,   224.53
  348.05,   354.53,   349.38
  346.61,   358.03,   474.25
  347.83,   475.74,   220.84
  346.68,   479.50,   345.60
  345.38,   483.12,   470.48
   98.86,   225.96,   350.47
   96.00,   225.12,   475.54
   92.98,   224.31,   600.78
   97.75,   350.57,   351.23
   94.85,   349.90,   476.23
   91.93,   349.33,   601.25
   96.65,   475.45,   351.95
   93.80,   474.75,   476.92
   90.98,   474.27,   601.79
  224.15,   226.81,   353.39
  221.17,   226.00,   478.36
  217.98,   225.17,   603.51
  222.89,   351.59,   353.88
  220.10,   350.90,   478.93
  216.92,   350.24,   603.98
  221.71,   476.65,   354.44
  219.00,   475.92,   479.58
  215.83,   475.30,   604.53
  348.57,   227.75,   356.47
  345.71,   226.96,   481.38
  342.90,   226.19,   606.34
  347.60,   352.63,   356.88
  344.88,   351.91,   481.79
  341.88,   351.16,   606.71
  346.59,   477.66,   357.29
  343.98,   477.04,   482.22
  340.88,   476.27,   607.19
  101.09,   224.82,   475.16
  101.50,   225.67,   600.42
  101.94,   226.49,   725.52
   97.93,   349.57,   474.22
   98.46,   350.68,   599.28
   98.99,   351.60,   724.25
   94.88,   474.38,   473.27
   95.51,   475.59,   598.18
   96.17,   476.71,   723.06
  226.24,   227.71,   474.50
  226.52,   228.57,   599.67
  226.91,   229.51,   724.78
  223.18,   352.58,   473.42
  223.48,   353.60,   598.49
  223.66,   354.49,   723.32
  220.09,   477.57,   472.43
  220.40,   478.62,   597.41
  220.56,   479.53,   722.16
  350.76,   230.68,   474.02
  351.42,   231.58,   599.00
  352.20,   232.58,   723.99
  347.95,   355.60,   472.78
  348.43,   356.53,   597.73
  348.77,   357.52,   722.67
  345.05,   480.70,   471.57
  345.47,   481.62,   596.57
  345.58,   482.51,   721.60
   99.13,   225.89,   598.37
  100.36,   224.71,   723.46
  102.08,   223.44,   848.15
  101.83,   350.88,   599.18
  103.12,   349.80,   724.13
  104.67,   348.65,   849.01
  104.61,   475.82,   600.04
  106.00,   474.92,   724.88
  107.24,   473.90,   849.91
  224.16,   223.04,   596.83
  225.34,   221.99,   721.97
  227.06,   221.29,   846.81
  226.86,   348.07,   597.60
  227.83,   346.97,   722.44
  229.25,   346.33,   847.21
  229.53,   473.10,   598.45
  230.45,   472.01,   723.20
  231.63,   471.10,   848.02
  349.04,   220.34,   595.40
  350.63,   219.34,   720.40
  352.30,   218.57,   845.30
  351.80,   345.27,   596.08
  352.98,   344.27,   721.03
  354.46,   343.47,   845.93
  354.59,   470.37,   596.85
  355.51,   469.28,   721.89
  356.84,   468.31,   846.87
  101.30,   350.92,   100.71
  100.87,   352.66,   225.78
  100.38,   354.31,   350.76
  100.12,   475.91,    98.91
   99.56,   477.66,   223.97
   99.09,   479.20,   349.01
   98.95,   600.84,    97.16
   98.42,   602.78,   221.91
   98.05,   604.52,   347.13
  226.21,   352.08,   100.99
  225.78,   353.83,   225.96
  225.53,   355.55,   351.01
  224.98,   476.96,    99.10
  224.32,   478.83,   223.90
  224.16,   480.61,   349.10
  223.84,   601.81,    97.57
  223.01,   604.01,   222.20
  222.94,   605.98,   347.34
  350.92,   353.17,   101.83
  350.49,   354.95,   226.73
  350.27,   356.80,   351.63
  349.60,   477.99,   100.18
  349.10,   479.77,   224.78
  349.05,   481.81,   349.58
  348.38,   602.97,    98.38
  347.81,   604.80,   222.99
  347.68,   606.95,   347.79
  101.35,   351.66,   225.08
   99.94,   349.85,   350.06
   98.50,   348.21,   475.07
  101.64,   476.66,   226.72
  100.26,   474.73,   351.77
   98.86,   473.05,   476.77
  102.09,   601.81,   228.13
  100.81,   600.06,   353.39
   99.41,   598.25,   478.65
  226.27,   351.19,   226.19
  225.10,   349.45,   351.25
  223.77,   347.78,   476.32
  226.40,   476.19,   227.61
  225.33,   474.50,   352.80
  224.09,   472.80,   477.96
  226.70,   601.39,   229.37
  225.72,   599.86,   354.51
  224.42,   598.03,   479.76
  350.97,   350.69,   227.90
  349.83,   349.07,   352.80
  348.55,   347.37,   477.72
  351.19,   475.52,   229.41
  350.23,   474.09,   354.21
  349.08,   472.49,   479.15
  351.50,   600.55,   231.08
  350.47,   599.24,   355.88
  349.35,   597.70,   480.83
   99.89,   351.60,   351.07
  101.77,   355.20,   476.04
  103.59,   358.89,   601.03
   96.97,   476.42,   347.60
   98.90,   479.98,   472.55
  100.82,   483.76,   597.40
   94.29,   601.65,   343.98
   96.24,   605.14,   469.21
   98.06,   608.60,   594.05
  225.00,   354.40,   348.85
  227.00,   357.97,   473.87
  228.61,   361.58,   598.86
  221.99,   479.40,   345.21
  224.09,   482.93,   470.32
  225.72,   486.56,   595.24
  219.14,   604.70,   341.71
  221.20,   608.13,   466.93
  222.85,   611.44,   591.86
  349.69,   357.21,   347.00
  351.76,   360.77,   471.87
  353.56,   364.28,   596.75
  346.83,   482.15,   343.22
  349.04,   485.84,   468.10
  350.79,   489.35,   593.05
  343.83,   607.23,   339.71
  346.04,   610.96,   464.62
  347.96,   614.45,   589.63
   99.72,   350.60,   474.17
   97.82,   353.52,   599.19
   95.95,   356.29,   724.12
   98.82,   475.42,   471.38
   97.02,   478.43,   596.25
   95.28,   481.38,   721.09
   98.12,   600.61,   468.75
   96.23,   603.33,   593.60
   94.35,   606.28,   718.30
  224.98,   351.49,   475.80
  222.85,   354.34,   600.82
  220.61,   357.05,   725.61
  224.04,   476.49,   472.94
  221.94,   479.36,   597.89
  219.67,   482.10,   722.61
  223.12,   601.72,   470.25
  221.03,   604.29,   595.20
  218.88,   606.93,   719.96
  349.76,   352.40,   477.59
  347.83,   355.16,   602.49
  345.73,   357.98,   727.39
  349.03,   477.51,   474.52
  347.01,   480.26,   599.49
  344.70,   482.97,   724.47
  348.02,   602.69,   471.72
  346.17,   605.40,   596.76
  344.18,   607.94,   721.82
  100.19,   348.79,   600.50
  101.07,   351.78,   725.42
  102.18,   354.68,   850.29
  103.77,   473.67,   597.30
  104.74,   476.84,   722.12
  105.55,   479.89,   847.12
  107.34,   598.49,   594.38
  108.18,   601.66,   719.05
  108.94,   604.85,   843.97
  225.20,   345.15,   599.47
  225.75,   348.11,   724.27
  226.72,   351.53,   848.99
  228.69,   470.13,   596.25
  229.17,   473.10,   720.98
  229.90,   476.24,   845.77
  232.17,   595.03,   593.28
  232.78,   597.89,   718.07
  233.47,   601.00,   842.93
  350.13,   341.52,   598.49
  350.88,   344.59,   723.39
  351.91,   347.85,   848.26
  353.72,   466.56,   595.20
  354.21,   469.54,   720.21
  355.09,   472.62,   845.15
  357.28,   591.68,   592.17
  358.04,   594.50,   717.27
  358.89,   597.45,   842.32
   99.80,   473.43,    98.04
  102.78,   475.97,   223.01
  105.87,   478.31,   348.01
   99.24,   598.35,    95.52
  102.23,   601.10,   220.20
  105.42,   603.65,   345.37
   98.68,   723.15,    92.90
  101.55,   725.95,   217.45
  104.92,   728.98,   342.53
  224.64,   473.82,    94.72
  227.50,   476.44,   219.45
  230.87,   479.03,   344.58
  224.13,   598.64,    92.42
  226.79,   601.59,   216.98
  230.25,   604.37,   342.05
  223.78,   723.51,    90.10
  226.47,   726.73,   214.88
  229.74,   729.64,   339.82
  349.26,   474.18,    92.27
  352.24,   476.71,   216.82
  355.71,   479.53,   341.56
  348.63,   599.17,    89.71
  351.56,   601.70,   214.26
  354.94,   604.64,   339.00
  348.10,   724.34,    86.99
  351.16,   726.95,   211.76
  354.22,   729.79,   336.76
   99.69,   475.09,   224.64
   99.69,   474.43,   349.69
   99.68,   474.00,   474.71
   96.49,   600.18,   224.81
   96.57,   599.70,   350.04
   96.56,   599.17,   475.32
   93.14,   725.04,   224.94
   93.41,   725.02,   350.13
   93.72,   724.66,   475.70
  224.42,   478.32,   224.14
  224.72,   477.89,   349.35
  224.87,   477.44,   474.52
  221.06,   603.48,   224.64
  221.45,   603.23,   349.81
  221.54,   602.65,   475.08
  218.07,   728.60,   225.50
  218.29,   728.52,   350.52
  218.24,   727.92,   475.68
  349.16,   481.31,   224.58
  349.57,   481.15,   349.40
  349.83,   480.83,   474.34
  345.81,   606.33,   224.99
  346.15,   606.27,   349.81
  346.41,   606.00,   474.79
  342.76,   731.58,   225.52
  342.74,   731.40,   350.59
  342.73,   730.99,   475.67
  100.01,   475.73,   350.13
  100.05,   475.07,   475.15
  100.09,   474.63,   600.07
   96.98,   601.00,   350.72
   97.02,   600.24,   476.00
   96.97,   599.51,   600.87
   93.89,   726.33,   351.04
   94.26,   725.73,   476.61
   93.97,   724.49,   601.83
  225.04,   479.11,   349.74
  225.25,   478.43,   474.91
  224.98,   477.83,   599.89
  221.85,   604.45,   350.43
  221.99,   603.64,   475.71
  221.74,   602.74,   600.68
  218.77,   729.75,   351.39
  218.77,   728.91,   476.54
  218.65,   727.67,   601.51
  349.90,   482.29,   349.73
  350.21,   481.74,   474.68
  350.04,   481.02,   599.69
  346.55,   607.42,   350.39
  346.87,   606.91,   475.36
  346.87,   606.15,   600.44
  343.21,   732.55,   351.40
  343.26,   731.90,   476.48
  343.61,   731.10,   601.43
  100.22,   475.24,   476.58
   98.42,   475.16,   601.48
   96.68,   474.99,   726.35
  101.92,   600.45,   477.09
  100.02,   600.07,   601.94
   98.15,   599.93,   726.67
  103.89,   725.97,   477.37
  101.74,   725.05,   602.55
   99.53,   724.45,   727.18
  225.43,   473.85,   478.15
  223.32,   473.62,   603.12
  221.06,   473.25,   727.86
  226.91,   599.09,   478.58
  224.82,   598.57,   603.54
  222.67,   598.12,   728.33
  228.37,   724.37,   479.09
  226.45,   723.53,   604.04
  224.53,   722.80,   728.95
  350.41,   472.41,   479.74
  348.39,   472.05,   604.73
  346.09,   471.68,   729.75
  351.82,   597.62,   480.05
  349.97,   597.22,   605.13
  347.95,   596.67,   730.22
  352.95,   722.65,   480.81
  351.48,   722.23,   605.77
  350.11,   721.70,   730.78
  100.84,   475.38,   601.73
   99.84,   476.41,   726.59
   98.68,   477.30,   851.69
  102.16,   600.28,   600.97
  101.04,   601.34,   725.71
   99.83,   602.38,   850.69
  103.61,   725.27,   600.37
  102.16,   725.85,   725.01
  101.14,   726.98,   849.70
  225.77,   474.13,   602.61
  224.26,   474.95,   727.36
  223.02,   475.98,   852.19
  226.99,   599.08,   601.82
  225.60,   599.82,   726.63
  224.29,   600.82,   851.52
  228.34,   724.05,   601.11
  227.20,   724.52,   726.03
  226.05,   725.43,   850.89
  350.84,   472.85,   603.47
  349.32,   473.68,   728.50
  348.25,   474.64,   853.46
  352.15,   598.03,   602.65
  350.91,   598.68,   727.76
  349.74,   599.53,   852.81
  353.36,   723.04,   602.09
  352.78,   723.71,   727.10
  351.65,   724.55,   852.21
  102.07,   598.56,    99.35
  104.53,   602.46,   224.03
  107.20,   606.17,   349.20
  102.04,   723.32,    95.58
  104.35,   727.28,   220.13
  107.21,   731.49,   345.19
  101.48,   848.07,    91.80
  103.75,   851.74,   216.78
  107.12,   856.20,   341.48
  226.93,   598.32,    96.79
  229.10,   602.44,   221.36
  232.04,   606.36,   346.42
  227.09,   723.18,    93.33
  229.29,   727.54,   218.09
  232.03,   731.60,   343.03
  227.01,   848.24,    89.49
  229.43,   852.38,   214.77
  231.99,   856.25,   339.59
  351.45,   598.30,    94.63
  353.89,   602.03,   219.17
  356.75,   606.12,   343.90
  351.45,   723.46,    90.73
  353.98,   727.23,   215.50
  356.51,   731.23,   340.49
  351.58,   848.49,    86.96
  354.20,   852.42,   211.66
  356.37,   856.23,   336.89
  100.76,   600.28,   226.58
  104.14,   597.16,   351.75
  107.40,   593.95,   476.96
  103.06,   725.14,   229.38
  106.69,   722.53,   354.51
  110.20,   719.41,   479.97
  105.00,   849.64,   232.74
  109.17,   847.38,   357.45
  112.83,   844.50,   482.54
  225.29,   597.95,   223.08
  228.97,   595.04,   348.15
  232.37,   591.83,   473.31
  227.95,   723.07,   226.52
  231.43,   720.30,   351.47
  234.65,   717.05,   476.53
  230.61,   847.92,   229.97
  233.86,   845.03,   354.77
  236.94,   841.92,   479.41
  350.03,   595.20,   220.10
  353.66,   592.49,   344.82
  357.24,   589.59,   469.68
  352.60,   720.41,   223.17
  355.89,   717.60,   348.13
  359.22,   714.58,   473.12
  355.28,   845.61,   226.11
  358.18,   842.60,   351.36
  361.34,   839.30,   476.47
  102.19,   599.60,   350.27
  104.35,   600.38,   475.54
  106.37,   601.18,   600.39
  102.90,   725.00,   349.06
  105.36,   725.91,   474.59
  107.15,   726.17,   599.75
  103.52,   849.85,   348.11
  106.18,   851.04,   473.24
  107.96,   851.26,   598.49
  227.06,   599.20,   347.85
  229.34,   599.97,   473.08
  231.21,   600.64,   598.05
  227.74,   724.52,   347.25
  229.85,   725.26,   472.37
  231.88,   725.64,   597.32
  228.39,   849.26,   346.63
  230.36,   850.16,   471.28
  232.64,   850.69,   596.16
  351.79,   598.36,   345.69
  354.24,   599.43,   470.63
  356.37,   600.25,   595.69
  352.23,   723.52,   345.10
  354.41,   724.46,   470.17
  356.87,   725.26,   595.13
  352.75,   848.57,   344.38
  354.78,   849.23,   469.54
  357.35,   849.86,   594.36
   99.51,   599.00,   473.57
  102.81,   598.01,   598.39
  106.09,   597.26,   723.06
  103.59,   724.49,   474.33
  106.64,   722.95,   599.46
  109.61,   721.71,   724.06
  107.47,   849.57,   474.70
  110.51,   847.98,   599.92
  113.75,   846.63,   725.05
  224.43,   595.56,   469.83
  227.57,   594.45,   594.76
  230.62,   593.39,   719.52
  228.02,   720.81,   470.82
  231.28,   719.39,   595.74
  234.60,   718.06,   720.61
  231.58,   845.67,   471.47
  235.11,   844.39,   596.33
  238.90,   843.00,   721.47
  349.26,   591.99,   466.07
  352.64,   591.02,   591.09
  355.82,   589.89,   716.16
  352.51,   716.99,   467.29
  356.20,   716.00,   592.23
  360.06,   714.88,   717.19
  355.90,   841.72,   468.42
  359.75,   840.58,   593.22
  363.87,   839.63,   717.94
  101.64,   600.06,   599.41
  103.58,   603.86,   724.07
  105.42,   607.65,   848.96
  105.17,   724.98,   595.97
  106.78,   728.26,   720.57
  108.82,   732.11,   845.20
  108.71,   849.99,   591.88
  110.61,   853.19,   717.00
  112.37,   857.39,   842.09
  226.43,   596.73,   597.26
  228.13,   600.23,   722.01
  229.91,   603.96,   846.84
  229.83,   721.65,   593.72
  231.81,   724.86,   718.58
  233.78,   728.49,   843.41
  233.31,   846.62,   589.77
  235.78,   849.78,   714.88
  237.85,   853.73,   840.00
  351.54,   593.55,   595.08
  353.39,   596.97,   720.13
  355.32,   600.56,   845.14
  354.78,   718.48,   591.69
  357.30,   721.93,   716.64
  359.34,   725.52,   841.73
  357.97,   843.02,   588.16
  360.71,   846.60,   712.84
  362.96,   850.55,   837.90
  224.44,    98.87,    99.50
  224.37,    97.56,   224.46
  224.27,    95.96,   348.89
  224.88,   223.92,   100.65
  224.84,   222.56,   225.73
  224.66,   220.99,   350.59
  224.88,   348.92,   101.88
  224.69,   347.36,   226.87
  224.65,   345.76,   351.93
  349.32,    98.77,    99.47
  348.94,    97.22,   224.72
  348.84,    95.68,   349.37
  349.61,   223.80,   100.89
  349.39,   222.31,   226.13
  349.11,   220.70,   351.08
  349.60,   348.59,   102.52
  349.40,   347.05,   227.44
  349.37,   345.57,   352.36
  474.24,    98.59,    99.41
  473.92,    96.95,   224.63
  473.74,    95.53,   349.63
  474.43,   223.58,   101.05
  474.10,   222.05,   226.24
  473.70,   220.52,   351.30
  474.63,   348.32,   102.96
  474.37,   346.85,   227.89
  474.13,   345.35,   352.70
  224.00,    98.35,   224.76
  224.67,   100.70,   349.20
  225.08,   102.98,   474.01
  221.04,   223.29,   222.11
  221.62,   225.65,   346.94
  222.00,   227.94,   471.92
  217.47,   348.05,   219.31
  218.17,   350.37,   344.36
  218.74,   352.78,   469.42
  348.55,   101.43,   224.20
  349.18,   103.83,   348.88
  349.78,   106.28,   473.73
  345.56,   226.45,   221.67
  346.05,   228.78,   346.61
  346.52,   231.08,   471.52
  342.12,   351.13,   219.05
  342.88,   353.59,   343.95
  343.52,   355.98,   468.86
  473.45,   104.59,   223.29
  473.98,   107.09,   348.31
  474.60,   109.60,   473.24
  470.23,   229.61,   220.99
  470.59,   232.01,   346.02
  471.14,   234.32,   470.94
  467.05,   354.33,   218.72
  467.61,   356.78,   343.49
  468.17,   359.18,   468.32
  225.58,    98.40,   350.68
  227.76,   100.27,   475.49
  229.80,   102.21,   600.88
  226.92,   223.40,   348.83
  229.05,   225.28,   473.80
  230.97,   227.14,   598.93
  227.86,   348.17,   346.63
  230.19,   350.16,   471.67
  232.13,   352.18,   596.69
  350.12,    97.13,   348.67
  352.50,    99.19,   473.50
  354.78,   101.22,   598.71
  351.34,   222.13,   346.83
  353.56,   224.02,   471.73
  355.87,   225.93,   596.68
  352.56,   346.99,   344.57
  354.94,   348.96,   469.46
  357.08,   350.89,   594.37
  475.00,    95.98,   346.43
  477.38,    98.12,   471.34
  479.70,   100.15,   596.35
  475.92,   220.96,   344.55
  478.22,   222.86,   469.46
  480.78,   224.75,   594.39
  477.30,   345.78,   342.42
  479.60,   347.74,   467.24
  481.99,   349.68,   592.21
  223.48,    99.29,   474.04
  220.10,    96.21,   599.37
  216.78,    93.24,   725.03
  222.20,   224.28,   477.36
  218.69,   221.12,   602.47
  215.29,   218.06,   727.56
  220.77,   349.15,   480.25
  217.26,   346.15,   605.25
  213.68,   343.03,   730.03
  348.20,   100.73,   477.51
  345.06,    97.75,   602.68
  341.82,    94.64,   728.06
  346.72,   225.54,   480.72
  343.60,   222.45,   605.65
  340.59,   219.45,   730.60
  345.53,   350.45,   483.45
  342.21,   347.38,   608.33
  338.77,   344.38,   733.20
  473.04,   102.18,   480.79
  469.96,    99.20,   605.77
  466.79,    96.12,   730.90
  471.35,   226.89,   483.90
  468.52,   223.78,   608.80
  465.84,   220.74,   733.68
  470.18,   351.77,   486.66
  467.14,   348.69,   611.61
  464.16,   345.66,   736.64
  223.51,    99.19,   598.34
  223.39,    98.00,   724.05
  223.74,    96.37,   849.03
  222.03,   224.14,   599.67
  221.83,   222.86,   724.81
  222.20,   221.95,   849.63
  220.54,   349.19,   600.69
  220.14,   347.86,   725.53
  220.20,   347.02,   850.30
  348.50,   100.88,   598.42
  348.50,    99.56,   723.83
  348.61,    98.14,   848.76
  346.96,   225.60,   599.63
  347.15,   224.39,   724.64
  347.44,   223.42,   849.54
  345.53,   350.56,   600.56
  345.29,   349.35,   725.50
  345.39,   348.35,   850.41
  473.44,   102.47,   598.30
  473.51,   101.17,   723.47
  473.59,   100.01,   848.44
  471.90,   227.08,   599.56
  472.43,   225.82,   724.52
  472.60,   224.74,   849.47
  470.47,   352.03,   600.62
  470.69,   350.79,   725.73
  470.86,   349.63,   850.74
  226.82,   225.91,   101.12
  223.35,   223.65,   226.14
  219.74,   221.18,   350.92
  224.52,   350.87,   103.19
  220.90,   348.42,   228.11
  217.43,   345.92,   353.11
  222.40,   475.74,   105.42
  218.55,   473.40,   230.22
  215.17,   470.92,   355.37
  351.47,   228.03,   104.86
  347.83,   225.62,   230.01
  344.14,   223.12,   354.88
  349.15,   352.77,   107.31
  345.54,   350.34,   232.14
  342.10,   347.96,   356.99
  346.93,   477.54,   109.78
  343.27,   475.16,   234.32
  340.02,   472.96,   359.10
  476.24,   230.02,   108.51
  472.46,   227.61,   233.62
  468.64,   225.17,   358.59
  474.11,   354.74,   111.25
  470.43,   352.37,   236.08
  466.77,   349.98,   360.81
  471.94,   479.58,   113.86
  468.31,   477.13,   238.44
  464.83,   474.88,   362.98
  225.86,   224.04,   223.26
  223.45,   221.84,   348.08
  220.83,   219.58,   473.02
  224.40,   348.82,   224.99
  222.12,   346.60,   350.02
  219.68,   344.46,   475.06
  223.04,   473.81,   226.85
  220.85,   471.63,   352.03
  218.50,   469.45,   477.16
  350.39,   225.06,   225.91
  347.88,   222.83,   350.83
  345.36,   220.58,   475.72
  349.08,   349.79,   227.82
  346.83,   347.69,   352.70
  344.45,   345.51,   477.60
  347.80,   474.61,   229.77
  345.73,   472.70,   354.56
  343.48,   470.62,   479.48
  475.08,   226.09,   228.29
  472.44,   223.93,   353.31
  470.00,   221.69,   478.22
  474.03,   350.86,   230.53
  471.55,   348.75,   355.30
  469.11,   346.58,   480.13
  472.90,   475.64,   232.67
  470.60,   473.65,   357.25
  468.21,   471.65,   482.02
  227.44,   224.72,   350.91
  224.74,   224.65,   475.88
  221.82,   224.55,   601.04
  228.98,   349.50,   350.72
  226.47,   349.54,   475.77
  223.57,   349.61,   600.82
  230.59,   474.55,   350.58
  228.19,   474.56,   475.73
  225.29,   474.66,   600.69
  351.84,   222.88,   353.72
  349.25,   222.82,   478.63
  346.73,   222.79,   603.61
  353.68,   347.75,   353.47
  351.22,   347.77,   478.37
  348.51,   347.75,   603.30
  355.46,   472.76,   353.20
  353.13,   472.89,   478.11
  350.33,   472.86,   603.10
  476.41,   221.15,   356.25
  473.90,   221.09,   481.19
  471.65,   221.04,   606.13
  478.40,   345.97,   356.12
  475.88,   345.99,   480.97
  473.44,   345.97,   605.96
  480.33,   470.88,   355.95
  477.85,   471.06,   480.74
  475.27,   471.17,   605.84
  227.32,   223.41,   476.73
  229.08,   221.72,   601.88
  230.97,   220.13,   727.00
  226.98,   348.31,   478.18
  228.74,   346.77,   603.22
  230.41,   345.13,   728.04
  226.60,   473.33,   479.70
  228.37,   471.83,   604.65
  229.98,   470.18,   729.38
  351.85,   223.70,   474.81
  354.00,   222.07,   599.78
  356.29,   220.52,   724.76
  351.74,   348.65,   476.11
  353.71,   347.02,   601.04
  355.58,   345.48,   725.97
  351.58,   473.77,   477.42
  353.45,   472.15,   602.40
  355.05,   470.51,   727.43
  476.51,   224.08,   472.68
  478.93,   222.43,   597.62
  481.53,   220.83,   722.56
  476.42,   348.98,   474.03
  478.65,   347.36,   599.02
  480.99,   345.79,   724.12
  476.31,   474.06,   475.37
  478.41,   472.56,   600.47
  480.46,   471.01,   725.79
  226.23,   224.84,   601.55
  225.50,   224.92,   726.68
  225.32,   225.39,   851.50
  227.36,   349.90,   601.21
  226.42,   349.93,   726.05
  225.92,   350.44,   850.83
  228.46,   474.95,   600.96
  227.47,   474.99,   725.72
  226.73,   475.23,   850.56
  351.17,   223.69,   602.04
  350.84,   223.83,   727.05
  350.57,   224.22,   851.94
  352.34,   348.66,   601.62
  351.58,   348.80,   726.58
  351.15,   349.14,   851.48
  353.54,   473.79,   601.31
  352.54,   473.83,   726.36
  351.97,   473.99,   851.33
  476.12,   222.56,   602.50
  476.11,   222.66,   727.46
  475.73,   222.93,   852.41
  477.29,   347.51,   602.21
  477.01,   347.62,   727.33
  476.63,   347.82,   852.34
  478.51,   472.71,   601.98
  477.95,   472.84,   727.32
  477.61,   472.88,   852.40
  225.35,   350.20,   100.73
  225.86,   349.63,   225.72
  226.53,   349.02,   350.79
  223.48,   475.09,   101.16
  223.75,   474.62,   226.00
  224.52,   474.06,   351.21
  221.68,   599.94,   101.94
  221.81,   599.82,   226.61
  222.67,   599.43,   351.79
  350.05,   351.93,   100.67
  350.55,   351.38,   225.59
  351.24,   350.90,   350.51
  348.09,   476.74,   101.35
  348.52,   476.20,   225.97
  349.40,   475.91,   350.79
  346.23,   601.72,   101.88
  346.59,   601.24,   226.50
  347.40,   601.06,   351.32
  475.06,   353.72,   100.42
  475.52,   353.24,   225.35
  476.00,   352.74,   350.15
  473.15,   478.61,   101.24
  473.64,   478.02,   225.92
  474.29,   477.64,   350.53
  471.19,   603.68,   101.50
  471.68,   602.95,   226.33
  472.28,   602.69,   351.06
  226.40,   351.62,   224.83
  226.95,   349.74,   349.89
  227.35,   347.92,   474.96
  227.49,   476.61,   226.39
  228.14,   474.78,   351.58
  228.64,   472.94,   476.73
  228.75,   601.79,   228.29
  229.48,   600.13,   353.43
  229.91,   598.16,   478.66
  351.11,   350.19,   224.81
  351.68,   348.42,   349.72
  352.12,   346.58,   474.64
  352.28,   475.00,   226.47
  353.03,   473.42,   351.27
  353.61,   471.69,   476.20
  353.55,   600.02,   228.27
  354.23,   598.56,   353.07
  354.84,   596.89,   478.01
  476.09,   348.86,   224.66
  476.43,   347.08,   349.46
  476.81,   345.24,   474.31
  477.42,   473.64,   226.51
  477.93,   471.97,   351.11
  478.35,   470.29,   475.91
  478.66,   598.56,   228.19
  479.13,   597.00,   352.91
  479.66,   595.46,   477.74
  224.00,   351.06,   349.65
  223.92,   352.39,   474.73
  223.45,   353.76,   599.79
  225.81,   476.10,   348.20
  225.83,   477.40,   473.36
  225.38,   478.79,   598.34
  227.77,   601.45,   346.89
  227.75,   602.65,   472.15
  227.32,   603.74,   597.14
  348.72,   349.11,   349.98
  348.70,   350.42,   474.91
  348.43,   351.69,   599.85
  350.69,   474.10,   348.40
  350.81,   475.53,   473.33
  350.46,   476.80,   598.33
  352.51,   599.23,   347.06
  352.65,   600.72,   472.01
  352.47,   601.97,   597.09
  473.46,   347.13,   350.24
  473.38,   348.44,   475.09
  473.36,   349.71,   600.10
  475.58,   472.01,   348.75
  475.55,   473.50,   473.54
  475.41,   474.90,   598.65
  477.41,   597.04,   347.41
  477.47,   598.65,   472.25
  477.52,   600.13,   597.31
  223.64,   351.12,   474.72
  222.42,   347.49,   599.74
  221.10,   343.73,   724.55
  219.95,   476.05,   478.33
  218.74,   472.45,   603.26
  217.38,   468.71,   727.95
  216.27,   601.18,   482.12
  215.06,   597.28,   607.01
  213.81,   593.50,   731.73
  348.39,   354.72,   475.72
  347.36,   350.99,   600.63
  346.20,   347.34,   725.53
  344.91,   479.75,   479.12
  343.77,   476.01,   604.07
  342.36,   472.26,   729.04
  341.16,   604.86,   482.79
  340.18,   601.06,   607.81
  339.04,   597.13,   732.83
  473.04,   358.30,   476.73
  472.26,   354.58,   601.70
  471.55,   350.91,   726.77
  469.62,   483.31,   480.15
  468.71,   479.70,   605.22
  467.71,   476.02,   730.50
  465.94,   608.40,   483.83
  465.24,   604.84,   608.86
  464.39,   601.12,   734.13
  226.73,   348.36,   598.52
  229.25,   350.98,   723.29
  232.20,   354.05,   847.99
  228.26,   473.38,   595.64
  230.72,   476.01,   720.35
  233.43,   478.80,   845.11
  229.78,   598.33,   593.02
  232.38,   600.85,   717.77
  235.06,   603.61,   842.61
  351.68,   346.65,   595.50
  354.39,   349.37,   720.39
  357.40,   352.26,   845.25
  353.31,   471.75,   592.55
  355.78,   474.37,   717.54
  358.64,   477.10,   842.48
  354.91,   596.90,   589.87
  357.67,   599.38,   714.94
  360.51,   601.98,   839.97
  476.56,   345.02,   592.65
  479.75,   347.72,   717.70
  482.87,   350.50,   842.68
  478.21,   470.18,   589.77
  481.13,   472.91,   715.05
  484.24,   475.55,   840.14
  479.89,   595.39,   587.01
  482.95,   598.12,   712.27
  485.99,   600.67,   837.52
  224.81,   473.81,   101.36
  225.77,   472.45,   226.19
  227.22,   471.00,   351.38
  226.88,   598.66,   103.01
  227.71,   597.62,   227.67
  229.26,   596.34,   352.81
  229.14,   723.61,   104.73
  230.03,   722.78,   229.52
  231.38,   721.64,   354.54
  349.42,   471.59,   100.83
  350.54,   470.15,   225.45
  352.10,   468.95,   350.26
  351.43,   596.54,   102.24
  352.50,   595.15,   226.85
  354.00,   594.07,   351.64
  353.60,   721.71,   103.48
  354.72,   720.39,   228.34
  355.87,   719.21,   353.38
  474.48,   469.57,    99.99
  475.65,   468.10,   224.67
  476.98,   466.81,   349.28
  476.43,   594.62,   101.16
  477.60,   593.00,   225.97
  478.89,   591.83,   350.67
  478.27,   719.84,   102.02
  479.62,   718.16,   227.02
  480.72,   717.03,   352.16
  224.89,   474.43,   222.90
  225.94,   474.40,   348.10
  226.86,   474.35,   473.27
  221.54,   599.59,   223.00
  222.69,   599.73,   348.17
  223.55,   599.56,   473.44
  218.57,   724.71,   223.48
  219.55,   725.03,   348.50
  220.26,   724.84,   473.67
  349.62,   477.40,   222.58
  350.79,   477.63,   347.39
  351.81,   477.72,   472.33
  346.29,   602.41,   222.60
  347.39,   602.75,   347.41
  348.42,   602.89,   472.38
  343.26,   727.66,   222.74
  344.00,   727.89,   347.80
  344.76,   727.88,   472.88
  474.71,   480.63,   222.23
  475.66,   480.77,   346.83
  476.52,   480.91,   471.63
  471.35,   605.53,   222.12
  472.24,   605.79,   346.86
  473.20,   606.05,   471.71
  468.09,   730.69,   221.77
  468.78,   730.99,   346.97
  469.64,   731.12,   472.11
  223.81,   476.05,   351.45
  222.77,   477.14,   476.61
  221.25,   478.32,   601.58
  225.19,   601.42,   350.37
  224.09,   602.38,   475.64
  222.60,   603.26,   600.60
  226.66,   726.73,   349.58
  225.42,   727.68,   474.72
  224.08,   728.23,   599.68
  348.70,   474.67,   352.68
  347.76,   475.87,   477.62
  346.33,   476.92,   602.62
  349.93,   599.81,   351.57
  349.01,   601.08,   476.53
  347.75,   602.09,   601.60
  351.15,   724.96,   350.81
  349.98,   726.10,   475.88
  349.09,   727.08,   600.84
  473.59,   473.18,   354.07
  472.50,   474.45,   478.87
  471.30,   475.63,   603.98
  474.82,   598.23,   352.96
  473.83,   599.62,   477.80
  472.82,   600.87,   602.87
  475.99,   723.44,   351.95
  474.93,   724.72,   477.05
  474.27,   725.87,   601.97
  225.05,   476.69,   473.16
  222.26,   477.69,   598.12
  219.31,   478.55,   722.86
  228.44,   601.91,   472.41
  225.68,   602.60,   597.38
  222.84,   603.36,   722.16
  231.82,   727.15,   471.74
  229.22,   727.55,   596.69
  226.65,   728.02,   721.59
  349.97,   473.36,   475.46
  347.27,   474.22,   600.44
  344.28,   475.07,   725.44
  353.30,   598.52,   474.60
  350.77,   599.36,   599.66
  348.07,   600.03,   724.75
  356.33,   723.51,   474.19
  354.17,   724.33,   599.14
  352.14,   725.02,   724.12
  474.65,   469.87,   478.01
  472.17,   470.86,   603.10
  469.61,   471.79,   728.40
  478.06,   594.99,   477.17
  475.77,   596.07,   602.23
  473.35,   596.97,   727.54
  481.25,   720.07,   476.63
  479.30,   721.05,   601.54
  477.41,   721.98,   726.54
  224.14,   474.47,   600.31
  219.87,   477.98,   724.96
  215.84,   481.66,   849.69
  220.56,   599.33,   596.75
  216.41,   602.75,   721.44
  212.33,   606.42,   846.23
  217.13,   724.23,   593.25
  213.18,   727.32,   718.05
  209.26,   730.89,   842.81
  349.11,   478.10,   603.82
  344.81,   481.59,   728.74
  340.94,   485.22,   853.59
  345.61,   603.17,   600.22
  341.62,   606.48,   725.22
  337.66,   610.00,   850.15
  342.00,   728.08,   596.87
  338.64,   731.39,   721.78
  334.79,   734.88,   846.76
  473.99,   481.84,   607.67
  470.11,   485.43,   732.90
  466.48,   488.89,   857.84
  470.60,   606.99,   603.97
  466.90,   610.52,   729.17
  463.13,   613.93,   854.30
  467.09,   731.87,   600.50
  463.96,   735.44,   725.37
  459.90,   739.03,   850.69
  223.63,   598.94,   101.01
  220.97,   602.40,   225.62
  219.04,   605.60,   350.74
  222.98,   723.84,    98.25
  220.34,   727.51,   223.01
  218.24,   730.89,   347.98
  222.09,   848.90,    95.13
  219.64,   852.30,   220.40
  217.41,   855.54,   345.18
  348.16,   599.82,   103.70
  345.74,   602.93,   228.26
  343.76,   606.34,   353.03
  347.40,   724.98,   100.49
  345.04,   728.16,   225.32
  342.70,   731.46,   350.34
  346.75,   850.05,    97.36
  344.45,   853.34,   222.22
  341.74,   856.40,   347.46
  473.12,   600.87,   106.09
  470.82,   603.75,   230.84
  468.62,   607.08,   355.52
  472.03,   726.10,   102.50
  469.89,   728.91,   227.43
  467.50,   732.27,   352.57
  471.32,   851.23,    99.50
  469.13,   854.20,   223.88
  466.55,   857.50,   349.39
  225.74,   601.11,   225.50
  224.66,   604.88,   350.61
  223.26,   608.32,   475.83
  225.74,   726.22,   222.37
  224.48,   730.15,   347.33
  222.95,   733.58,   472.42
  225.70,   851.04,   219.21
  224.27,   854.79,   344.02
  222.62,   858.40,   468.58
  350.54,   601.01,   227.32
  349.40,   604.96,   352.08
  348.17,   608.70,   477.00
  350.45,   726.22,   223.82
  348.96,   730.07,   348.84
  347.47,   733.67,   473.88
  350.48,   851.40,   220.16
  348.63,   855.03,   345.42
  347.04,   858.36,   470.50
  475.64,   601.20,   229.06
  474.29,   605.07,   353.74
  473.00,   608.94,   478.55
  475.34,   726.34,   225.11
  473.80,   730.25,   350.24
  472.42,   733.99,   475.33
  475.20,   851.62,   221.01
  473.48,   855.47,   346.50
  471.98,   858.80,   471.93
  226.47,   598.44,   350.76
  229.34,   599.06,   475.98
  231.82,   599.59,   600.92
  226.13,   723.77,   350.31
  228.85,   724.35,   475.43
  231.48,   724.58,   600.36
  225.78,   848.52,   349.84
  228.37,   849.27,   474.49
  231.25,   849.64,   599.37
  351.19,   598.61,   347.98
  354.24,   599.53,   472.91
  356.97,   600.21,   597.96
  350.61,   723.78,   347.56
  353.40,   724.57,   472.61
  356.47,   725.22,   597.55
  350.12,   848.81,   347.01
  352.76,   849.33,   472.14
  355.95,   849.83,   596.94
  476.06,   598.80,   345.40
  479.03,   599.84,   470.22
  481.99,   600.76,   595.26
  475.43,   724.03,   344.71
  478.32,   724.97,   469.80
  481.61,   725.78,   594.70
  474.96,   849.33,   343.82
  477.71,   849.88,   469.27
  480.98,   850.35,   594.15
  227.13,   601.72,   475.16
  226.45,   604.53,   600.10
  225.72,   607.40,   724.88
  226.64,   726.99,   472.30
  226.12,   729.50,   597.24
  225.64,   732.07,   722.13
  226.15,   851.86,   469.05
  225.88,   854.54,   593.89
  225.90,   857.10,   719.10
  352.05,   602.23,   475.22
  351.63,   605.19,   600.27
  351.06,   607.97,   725.36
  351.20,   727.23,   472.63
  351.12,   730.15,   597.57
  351.22,   732.97,   722.54
  350.57,   851.95,   469.84
  350.59,   854.73,   594.63
  350.81,   857.66,   719.35
  476.88,   602.59,   475.67
  476.70,   605.78,   600.71
  476.42,   608.82,   725.99
  476.16,   727.67,   472.97
  476.30,   730.75,   597.87
  476.57,   733.80,   722.80
  475.54,   852.53,   470.14
  475.63,   855.26,   595.01
  475.84,   858.43,   719.64
  223.54,   598.90,   598.94
  226.69,   598.48,   723.69
  229.91,   598.30,   848.54
  220.11,   723.83,   599.49
  223.49,   723.13,   724.35
  226.88,   722.88,   849.17
  216.83,   848.87,   599.56
  220.67,   848.11,   724.78
  224.07,   848.20,   849.91
  348.61,   602.64,   595.23
  351.93,   602.13,   720.30
  355.30,   601.79,   845.33
  345.01,   727.59,   595.93
  348.98,   727.10,   720.89
  352.44,   726.78,   845.97
  341.42,   852.18,   596.39
  345.56,   851.80,   721.14
  349.23,   851.88,   846.25
  473.58,   606.32,   591.78
  477.19,   606.05,   717.05
  480.76,   605.63,   842.30
  470.06,   731.26,   592.38
  474.24,   731.02,   717.28
  477.54,   730.77,   842.66
  466.33,   855.74,   592.92
  470.48,   855.63,   717.53
  473.80,   855.71,   842.83
  348.58,   100.25,   101.13
  346.54,   102.66,   226.34
  344.72,   105.07,   351.00
  345.11,   225.21,    98.53
  343.21,   227.66,   223.73
  341.25,   230.00,   348.64
  341.34,   349.94,    96.14
  339.42,   352.33,   221.01
  337.72,   354.80,   345.90
  473.42,   103.87,   102.69
  471.41,   106.21,   227.89
  469.48,   108.72,   352.90
  469.86,   228.79,   100.34
  467.83,   231.21,   225.51
  465.75,   233.62,   350.52
  466.26,   353.46,    98.24
  464.31,   355.92,   223.14
  462.42,   358.39,   347.89
  598.38,   107.32,   104.39
  596.60,   109.82,   229.62
  594.57,   112.41,   354.50
  594.94,   232.24,   102.01
  593.12,   234.82,   227.14
  590.90,   237.24,   352.08
  591.61,   357.13,    99.85
  589.66,   359.66,   224.86
  587.40,   361.91,   349.72
  351.60,   100.96,   224.98
  348.40,    99.14,   349.61
  345.19,    97.39,   474.38
  351.68,   226.03,   226.66
  348.33,   224.14,   351.57
  344.96,   222.24,   476.45
  351.34,   350.77,   228.26
  348.24,   349.01,   353.12
  345.02,   347.18,   478.00
  476.53,   101.00,   227.99
  473.24,    99.29,   352.95
  470.05,    97.62,   477.83
  476.36,   226.08,   229.88
  472.87,   224.26,   354.88
  469.58,   222.36,   479.78
  476.28,   350.87,   231.80
  472.96,   349.09,   356.55
  469.67,   347.26,   481.37
  601.73,   101.11,   231.21
  598.35,    99.46,   356.04
  595.04,    97.80,   480.91
  601.70,   226.19,   232.97
  598.08,   224.40,   357.88
  594.66,   222.51,   482.82
  601.65,   351.10,   234.94
  597.97,   349.11,   359.81
  594.49,   347.19,   484.76
  349.89,    98.82,   348.18
  348.53,    97.72,   473.00
  347.05,    96.61,   598.23
  349.99,   223.84,   349.50
  348.47,   222.58,   474.42
  347.01,   221.34,   599.41
  350.08,   348.71,   350.40
  348.70,   347.52,   475.33
  347.08,   346.30,   600.27
  474.77,    98.83,   349.67
  473.42,    97.81,   474.59
  471.99,    96.69,   599.63
  474.58,   223.82,   350.95
  473.13,   222.56,   475.90
  471.95,   221.30,   600.85
  474.84,   348.65,   351.99
  473.39,   347.47,   476.84
  472.02,   346.24,   601.84
  599.92,    98.86,   350.91
  598.45,    97.84,   475.81
  596.98,    96.65,   600.91
  599.84,   223.81,   352.10
  598.26,   222.57,   477.06
  597.07,   221.26,   602.14
  599.90,   348.53,   353.38
  598.25,   347.25,   478.38
  597.00,   346.10,   603.46
  350.68,   101.90,   474.72
  351.69,   103.39,   599.95
  352.68,   104.77,   725.32
  347.28,   226.70,   473.50
  348.30,   228.08,   598.49
  349.44,   229.56,   723.47
  344.17,   351.61,   471.81
  345.02,   353.01,   596.75
  345.71,   354.48,   721.68
  475.50,   105.33,   473.78
  476.59,   106.81,   598.82
  477.69,   108.20,   723.95
  471.90,   230.05,   472.46
  473.19,   231.41,   597.41
  474.67,   232.83,   722.36
  468.82,   354.92,   470.80
  469.91,   356.33,   595.80
  471.06,   357.77,   720.91
  600.51,   108.74,   472.43
  601.58,   110.12,   597.53
  602.66,   111.38,   722.67
  596.97,   233.41,   471.13
  598.25,   234.73,   596.19
  599.74,   236.08,   721.27
  593.62,   358.05,   469.83
  594.81,   359.53,   594.91
  596.35,   361.15,   720.06
  350.32,   101.34,   600.94
  351.12,   102.67,   726.33
  352.04,   103.93,   851.23
  351.35,   226.07,   599.49
  352.33,   227.50,   724.48
  353.37,   229.18,   849.36
  352.49,   351.03,   597.76
  353.04,   352.47,   722.71
  353.90,   354.08,   847.61
  475.26,   100.36,   600.03
  476.12,   101.70,   725.20
  477.00,   103.20,   850.15
  476.29,   224.98,   598.64
  477.60,   226.36,   723.59
  478.55,   227.92,   848.54
  477.43,   349.92,   597.05
  478.45,   351.33,   722.16
  479.40,   352.82,   847.18
  600.27,    99.26,   599.00
  601.11,   100.51,   724.15
  602.14,   102.06,   849.32
  601.40,   223.88,   597.63
  602.70,   225.17,   722.72
  603.64,   226.77,   847.81
  602.38,   348.70,   596.38
  603.76,   350.28,   721.51
  604.79,   351.91,   846.54
  350.63,   226.45,    98.14
  353.67,   223.41,   223.31
  356.64,   220.27,   348.21
  348.95,   351.20,   101.35
  352.01,   348.12,   226.21
  355.25,   345.10,   351.07
  347.37,   475.97,   104.59
  350.38,   472.91,   229.15
  353.81,   470.07,   353.91
  475.40,   227.98,    95.07
  478.37,   224.91,   220.18
  481.23,   221.84,   345.17
  473.93,   352.68,    98.57
  476.95,   349.67,   223.44
  479.97,   346.62,   348.17
  472.40,   477.53,   101.96
  475.46,   474.42,   226.57
  478.66,   471.49,   351.12
  600.46,   229.34,    91.84
  603.73,   226.46,   216.96
  606.50,   223.43,   341.84
  599.29,   354.28,    95.27
  602.36,   351.36,   220.25
  605.04,   348.11,   345.08
  597.98,   479.35,    98.57
  600.94,   476.24,   223.48
  603.61,   472.93,   348.29
  348.07,   224.13,   226.99
  351.56,   221.53,   351.88
  355.05,   218.91,   476.75
  350.18,   348.83,   229.23
  353.95,   346.36,   354.09
  357.58,   343.81,   478.95
  352.35,   473.62,   231.53
  356.31,   471.34,   356.28
  360.07,   468.90,   481.14
  472.71,   221.83,   223.27
  476.10,   219.30,   348.25
  479.68,   216.70,   473.13
  475.09,   346.59,   225.85
  478.63,   344.10,   350.59
  482.21,   341.54,   475.39
  477.41,   471.34,   228.33
  481.12,   468.96,   352.88
  484.74,   466.57,   477.63
  598.02,   219.57,   219.43
  601.32,   217.10,   344.32
  604.77,   214.52,   469.18
  600.46,   344.48,   222.05
  603.67,   341.79,   346.89
  607.04,   339.13,   471.83
  602.85,   469.37,   224.63
  606.04,   466.60,   349.45
  609.39,   463.98,   474.35
  351.38,   225.38,   350.10
  350.91,   225.90,   475.04
  350.51,   226.44,   600.03
  352.77,   350.25,   349.23
  352.45,   350.85,   474.16
  351.88,   351.41,   599.11
  354.11,   475.26,   348.36
  353.93,   475.98,   473.29
  353.27,   476.54,   598.30
  475.98,   224.08,   350.51
  475.58,   224.61,   475.46
  475.45,   225.13,   600.43
  477.53,   348.91,   349.77
  477.14,   349.51,   474.63
  476.82,   350.07,   599.65
  479.01,   473.81,   349.00
  478.67,   474.58,   473.80
  478.23,   475.27,   598.91
  601.25,   222.79,   350.61
  600.71,   223.34,   475.58
  600.57,   223.81,   600.67
  602.61,   347.51,   350.11
  602.00,   348.00,   475.13
  601.78,   348.64,   600.22
  604.00,   472.37,   349.60
  603.38,   472.93,   474.55
  603.11,   473.74,   599.71
  350.14,   223.68,   477.13
  350.03,   225.91,   602.11
  350.03,   228.23,   727.08
  346.96,   348.57,   474.57
  346.67,   350.82,   599.50
  346.22,   353.13,   724.42
  343.71,   473.64,   472.01
  343.33,   475.88,   597.00
  342.65,   478.09,   722.00
  474.78,   227.12,   477.21
  474.94,   229.32,   602.15
  475.27,   231.58,   727.09
  471.62,   351.97,   474.68
  471.57,   354.22,   599.67
  471.58,   356.51,   724.78
  468.43,   477.00,   472.15
  468.26,   479.37,   597.23
  467.99,   481.67,   722.54
  599.86,   230.56,   476.99
  600.01,   232.72,   602.05
  600.34,   234.91,   727.13
  596.43,   355.19,   474.83
  596.49,   357.51,   599.91
  596.88,   359.98,   725.04
  593.10,   480.09,   472.53
  593.10,   482.58,   597.67
  593.35,   485.16,   722.95
  350.19,   222.93,   602.05
  352.26,   222.94,   727.04
  354.40,   223.19,   851.93
  351.80,   347.89,   601.73
  353.45,   347.90,   726.68
  355.43,   348.10,   851.58
  353.45,   473.02,   601.52
  354.85,   472.93,   726.56
  356.69,   472.96,   851.53
  475.11,   221.36,   600.11
  477.51,   221.32,   725.05
  479.54,   221.46,   849.99
  476.73,   346.30,   599.93
  478.86,   346.28,   725.03
  480.89,   346.35,   850.04
  478.40,   471.49,   599.79
  480.24,   471.50,   725.13
  482.31,   471.41,   850.21
  600.21,   219.79,   597.99
  602.58,   219.64,   723.08
  604.59,   219.82,   848.17
  601.68,   344.61,   598.15
  604.14,   344.75,   723.27
  606.24,   344.96,   848.29
  603.26,   469.69,   598.24
  605.62,   469.98,   723.50
  607.77,   470.11,   848.53
  349.67,   348.77,   100.04
  349.94,   345.64,   224.94
  350.40,   342.56,   349.83
  345.98,   473.50,   103.29
  346.19,   470.38,   227.88
  346.84,   467.49,   352.69
  342.38,   598.38,   106.40
  342.53,   595.35,   230.98
  343.14,   592.57,   355.77
  474.64,   352.29,   100.10
  474.87,   349.23,   225.00
  475.11,   346.14,   349.77
  470.99,   477.09,   103.50
  471.26,   473.93,   228.14
  471.69,   470.97,   352.72
  467.30,   602.05,   106.37
  467.57,   598.78,   231.14
  467.97,   595.94,   355.82
  600.01,   355.95,    99.65
  600.26,   352.96,   224.66
  600.15,   349.66,   349.53
  596.56,   480.96,   102.97
  596.70,   477.78,   227.92
  596.61,   474.44,   352.74
  592.88,   605.93,   105.87
  592.93,   602.64,   230.93
  592.99,   599.48,   355.81
  349.12,   350.40,   225.26
  349.77,   347.51,   350.15
  350.29,   344.54,   475.06
  351.18,   475.18,   228.04
  352.01,   472.48,   352.83
  352.66,   469.62,   477.74
  353.32,   600.17,   230.97
  354.09,   597.58,   355.74
  354.78,   594.78,   480.66
  474.08,   348.20,   225.00
  474.51,   345.29,   349.78
  474.96,   342.32,   474.62
  476.29,   472.94,   227.97
  476.89,   470.15,   352.55
  477.39,   467.35,   477.33
  478.42,   597.83,   230.77
  478.98,   595.15,   355.46
  479.59,   592.47,   480.28
  599.49,   346.13,   224.33
  599.58,   343.02,   349.21
  599.82,   339.95,   474.18
  601.78,   471.01,   227.39
  601.85,   467.82,   352.24
  602.09,   464.81,   477.17
  603.85,   595.92,   230.22
  604.05,   592.90,   355.12
  604.42,   590.03,   480.01
  351.44,   351.16,   351.04
  351.85,   349.61,   475.97
  352.03,   348.02,   600.91
  348.83,   476.15,   352.31
  349.39,   474.71,   477.25
  349.46,   473.12,   602.25
  346.08,   601.28,   353.83
  346.65,   599.89,   478.79
  346.88,   598.25,   603.86
  476.18,   353.77,   350.85
  476.53,   352.22,   475.71
  476.95,   350.64,   600.72
  473.71,   478.65,   352.22
  474.12,   477.28,   477.02
  474.41,   475.82,   602.14
  470.94,   603.69,   353.74
  471.45,   602.43,   478.59
  471.94,   601.04,   603.66
  601.23,   356.32,   350.49
  601.37,   354.66,   475.50
  601.89,   353.16,   600.58
  598.66,   481.16,   352.11
  598.81,   479.59,   477.05
  599.29,   478.25,   602.21
  596.00,   606.28,   353.57
  596.30,   604.86,   478.48
  596.82,   603.56,   603.56
  351.47,   350.17,   475.40
  349.69,   348.53,   600.33
  347.79,   346.98,   725.27
  348.82,   475.26,   476.68
  346.95,   473.62,   601.67
  344.78,   471.96,   726.68
  345.90,   600.44,   478.23
  344.18,   598.75,   603.29
  342.29,   596.91,   728.36
  476.13,   352.94,   477.09
  474.61,   351.31,   602.09
  473.16,   349.73,   727.19
  473.54,   478.00,   478.40
  471.88,   476.49,   603.50
  470.15,   474.91,   728.82
  470.69,   603.14,   479.97
  469.23,   601.70,   605.03
  467.64,   600.08,   730.34
  600.95,   355.53,   478.83
  599.54,   353.99,   603.90
  598.47,   352.58,   729.02
  598.21,   480.46,   480.38
  596.76,   479.09,   605.53
  595.54,   477.79,   730.80
  595.53,   605.73,   481.81
  594.11,   604.39,   606.88
  592.72,   602.97,   732.19
  348.77,   351.27,   600.70
  345.79,   347.89,   725.58
  343.16,   344.73,   850.41
  349.41,   476.36,   603.93
  346.19,   472.87,   728.88
  343.42,   469.54,   853.76
  350.06,   601.48,   607.43
  347.11,   597.81,   732.46
  344.23,   594.39,   857.40
  473.69,   350.60,   603.48
  471.19,   347.19,   728.52
  468.61,   343.87,   853.44
  474.37,   475.76,   606.79
  471.57,   472.36,   732.04
  469.03,   468.86,   857.00
  475.12,   600.97,   610.20
  472.45,   597.53,   735.46
  469.80,   593.94,   860.57
  598.65,   349.83,   606.30
  596.51,   346.58,   731.36
  593.94,   343.37,   856.31
  599.26,   474.91,   609.82
  597.00,   471.79,   735.03
  594.49,   468.46,   859.96
  600.00,   600.20,   613.06
  597.56,   596.96,   738.33
  595.08,   593.45,   863.48
  348.62,   475.07,    99.32
  347.06,   477.45,   223.90
  345.96,   480.08,   348.68
  346.77,   600.04,    96.91
  345.13,   602.46,   221.49
  343.95,   605.21,   346.28
  345.05,   725.19,    94.35
  343.51,   727.70,   219.18
  341.98,   730.34,   344.22
  473.67,   476.96,   101.13
  472.17,   479.29,   225.78
  470.84,   481.84,   350.36
  471.71,   602.02,    98.45
  470.21,   604.20,   223.24
  468.83,   606.87,   347.95
  469.63,   727.26,    95.53
  468.36,   729.36,   220.46
  466.78,   732.06,   345.62
  599.27,   479.13,   102.20
  597.65,   481.45,   227.17
  595.80,   483.61,   352.01
  597.35,   604.16,    99.56
  595.61,   606.37,   224.64
  593.91,   608.73,   349.53
  595.17,   729.21,    96.60
  593.53,   731.44,   221.83
  591.98,   734.03,   346.92
  349.40,   474.33,   223.93
  347.81,   475.49,   348.72
  346.06,   476.50,   473.65
  353.02,   599.30,   223.07
  351.35,   600.58,   347.85
  349.62,   601.66,   472.80
  356.90,   724.50,   222.28
  354.89,   725.69,   347.33
  352.89,   726.64,   472.40
  474.47,   470.63,   226.36
  472.65,   471.70,   350.95
  470.74,   472.77,   475.73
  478.08,   595.51,   225.38
  476.20,   596.69,   350.08
  474.38,   597.89,   474.91
  481.75,   720.63,   224.15
  479.68,   721.86,   349.30
  477.80,   722.95,   474.39
  599.91,   467.23,   228.28
  597.55,   467.91,   353.14
  595.39,   468.78,   478.07
  603.47,   592.14,   227.33
  601.23,   592.98,   352.23
  599.18,   593.99,   477.13
  606.91,   717.18,   226.11
  604.87,   718.27,   351.17
  603.02,   719.35,   476.07
  348.29,   474.87,   348.13
  346.49,   477.95,   473.02
  344.22,   480.87,   597.97
  349.22,   599.98,   345.15
  347.45,   603.12,   470.07
  345.34,   606.01,   595.11
  350.17,   725.10,   342.52
  348.12,   728.12,   467.57
  346.34,   730.98,   592.49
  473.18,   473.71,   350.40
  471.23,   476.86,   475.15
  469.17,   479.91,   600.21
  474.12,   598.72,   347.43
  472.26,   601.99,   472.22
  470.39,   605.12,   597.24
  475.00,   723.91,   344.53
  473.05,   727.07,   469.62
  471.50,   730.08,   594.51
  598.14,   472.56,   352.64
  595.93,   475.51,   477.53
  594.05,   478.69,   602.64
  599.20,   597.66,   349.62
  597.12,   600.75,   474.48
  595.27,   603.97,   599.50
  600.22,   722.96,   346.45
  598.32,   726.12,   471.32
  596.59,   729.14,   596.23
  349.53,   475.00,   475.66
  347.86,   475.29,   600.66
  345.90,   475.55,   725.68
  346.22,   600.17,   475.28
  344.70,   600.42,   600.36
  343.02,   600.50,   725.45
  342.62,   725.18,   475.34
  341.45,   725.39,   600.30
  340.41,   725.48,   725.31
  474.24,   478.15,   477.14
  472.79,   478.57,   602.26
  471.25,   478.93,   727.58
  470.99,   603.29,   476.79
  469.74,   603.78,   601.86
  468.36,   604.10,   727.17
  467.50,   728.36,   476.77
  466.59,   728.74,   601.69
  465.77,   729.09,   726.67
  598.91,   481.04,   478.88
  597.65,   481.59,   604.04
  596.63,   482.23,   729.33
  595.83,   606.31,   478.38
  594.60,   606.89,   603.46
  593.41,   607.40,   728.77
  592.74,   731.67,   477.82
  591.65,   732.04,   602.78
  590.41,   732.32,   727.93
  349.66,   476.27,   600.86
  346.95,   476.87,   725.87
  344.67,   477.61,   850.81
  353.05,   601.41,   600.31
  350.65,   601.84,   725.41
  348.29,   602.46,   850.44
  356.34,   726.38,   600.03
  354.61,   726.84,   725.02
  352.31,   727.45,   850.12
  474.57,   473.01,   603.23
  472.29,   473.70,   728.54
  470.25,   474.29,   853.59
  478.05,   598.22,   602.60
  475.93,   598.89,   727.91
  473.79,   599.39,   853.12
  481.48,   723.20,   602.14
  479.88,   723.89,   727.14
  477.39,   724.56,   852.57
  599.41,   469.49,   605.79
  597.67,   470.46,   731.05
  595.69,   471.23,   856.06
  602.88,   594.76,   605.00
  600.97,   595.63,   730.30
  599.01,   596.24,   855.52
  606.47,   719.93,   604.02
  604.42,   720.55,   729.20
  601.92,   721.11,   854.64
  349.06,   601.46,   101.70
  350.25,   603.22,   226.32
  351.87,   605.29,   351.12
  348.16,   726.64,    99.85
  349.41,   728.48,   224.71
  350.67,   730.43,   349.77
  347.39,   851.73,    98.07
  348.68,   853.69,   222.95
  349.57,   855.43,   348.24
  474.04,   602.59,   100.48
  475.35,   604.11,   225.29
  476.75,   606.09,   350.02
  472.78,   727.85,    98.25
  474.29,   729.29,   223.21
  475.51,   731.32,   348.39
  471.96,   852.99,    96.66
  473.40,   854.61,   221.01
  474.43,   856.58,   346.55
  599.70,   603.90,    98.81
  600.78,   605.44,   223.90
  601.86,   607.11,   348.82
  598.35,   728.96,    96.56
  599.49,   730.52,   221.82
  600.75,   732.44,   346.90
  597.19,   854.09,    95.16
  598.34,   855.65,   219.67
  599.71,   857.55,   344.81
  351.03,   601.54,   226.13
  352.62,   598.96,   350.90
  354.15,   596.18,   475.81
  348.24,   726.76,   229.18
  349.48,   724.07,   354.20
  350.76,   721.15,   479.22
  345.55,   851.93,   232.13
  346.42,   849.01,   357.39
  347.56,   845.84,   482.47
  476.10,   604.43,   225.21
  477.48,   601.77,   349.92
  478.93,   599.10,   474.72
  473.09,   729.57,   227.80
  474.29,   726.94,   352.96
  475.67,   724.16,   478.03
  470.24,   854.85,   230.29
  471.24,   852.15,   355.84
  472.50,   848.95,   481.25
  601.49,   607.76,   223.93
  602.55,   604.77,   348.84
  603.76,   601.92,   473.72
  598.25,   732.79,   226.51
  599.49,   730.05,   351.58
  600.92,   727.28,   476.47
  595.16,   857.87,   229.02
  596.50,   855.13,   354.20
  598.00,   852.21,   479.44
  348.81,   601.13,   348.22
  349.74,   602.08,   473.18
  350.35,   602.78,   598.26
  349.46,   726.29,   347.76
  350.12,   727.11,   472.84
  351.07,   727.78,   597.81
  350.18,   851.31,   347.15
  350.71,   851.86,   472.30
  351.78,   852.39,   597.13
  473.71,   600.11,   347.76
  474.57,   601.19,   472.61
  475.41,   602.13,   597.68
  474.30,   725.34,   347.04
  475.07,   726.30,   472.16
  476.24,   727.13,   597.09
  475.04,   850.63,   346.10
  475.68,   851.19,   471.59
  476.83,   851.70,   596.48
  598.82,   599.30,   347.22
  599.44,   600.19,   472.13
  600.30,   601.21,   597.20
  599.54,   724.63,   346.21
  600.36,   725.60,   471.13
  601.33,   726.42,   596.08
  600.33,   849.80,   345.03
  601.24,   850.62,   470.29
  602.19,   851.23,   595.44
  350.11,   601.86,   474.38
  349.45,   600.20,   599.45
  348.62,   598.37,   724.55
  351.05,   726.88,   476.41
  350.76,   725.19,   601.36
  350.59,   723.39,   726.36
  352.22,   851.61,   478.24
  352.05,   849.80,   603.05
  352.09,   848.16,   727.83
  474.93,   600.41,   475.04
  474.52,   598.98,   600.10
  473.97,   597.39,   725.42
  476.01,   725.51,   476.96
  475.94,   723.99,   601.87
  475.93,   722.43,   726.87
  477.19,   850.37,   478.76
  477.12,   848.55,   603.62
  477.16,   847.14,   728.31
  599.80,   598.84,   475.80
  599.40,   597.50,   600.88
  599.07,   596.11,   726.18
  601.30,   724.24,   477.16
  601.00,   722.70,   602.12
  600.56,   721.07,   727.30
  602.76,   849.25,   478.69
  602.44,   847.49,   603.82
  601.84,   845.75,   728.85
  348.53,   598.38,   600.20
  348.13,   599.03,   725.31
  347.80,   599.88,   850.36
  346.44,   723.37,   599.62
  346.69,   724.03,   724.64
  346.42,   724.87,   849.75
  344.34,   848.00,   598.84
  344.80,   848.79,   723.64
  344.75,   850.02,   848.79
  473.59,   600.56,   600.43
  473.49,   601.45,   725.75
  473.36,   602.18,   851.00
  471.61,   725.56,   599.72
  472.06,   726.46,   724.71
  471.61,   727.36,   850.15
  469.37,   850.09,   599.01
  469.84,   851.14,   723.68
  469.40,   852.37,   849.07
  598.47,   602.48,   600.75
  598.57,   603.57,   726.06
  598.61,   604.39,   851.33
  596.68,   727.68,   599.54
  596.70,   728.51,   724.70
  596.17,   729.30,   850.16
  594.68,   852.44,   598.81
  594.57,   853.19,   723.82
  593.70,   854.12,   849.21
  473.24,   102.06,   101.84
  472.63,   100.64,   227.06
  472.13,    99.43,   352.07
  476.93,   226.99,   103.29
  476.29,   225.68,   228.47
  475.59,   224.36,   353.52
  480.62,   351.68,   105.00
  480.06,   350.42,   229.92
  479.50,   349.13,   354.72
  598.22,    98.21,   102.20
  597.81,    96.94,   227.46
  597.23,    95.80,   352.34
  602.02,   223.14,   103.57
  601.63,   221.99,   228.73
  600.81,   220.71,   353.69
  606.01,   348.08,   105.18
  605.44,   346.87,   230.21
  604.53,   345.37,   355.13
  723.24,    94.30,   102.69
  722.77,    93.37,   228.03
  722.43,    92.20,   352.65
  727.25,   219.19,   103.82
  727.13,   218.38,   229.25
  726.31,   217.14,   353.82
  731.39,   344.51,   105.10
  730.98,   343.34,   230.32
  729.79,   341.65,   355.51
  475.67,   101.18,   223.86
  476.24,    98.47,   348.85
  476.90,    95.81,   473.75
  475.00,   226.24,   226.76
  475.37,   223.43,   351.79
  475.92,   220.53,   476.71
  474.42,   351.01,   229.69
  474.95,   348.23,   354.47
  475.50,   345.40,   479.31
  600.92,   101.83,   223.25
  601.39,    99.19,   348.11
  601.93,    96.54,   472.98
  600.39,   226.90,   226.02
  600.64,   224.12,   350.95
  601.06,   221.24,   475.88
  599.85,   351.80,   229.00
  600.02,   348.82,   353.88
  600.37,   345.88,   478.86
  725.98,   102.60,   222.83
  726.68,    99.98,   347.40
  727.19,    97.11,   472.09
  725.97,   227.63,   225.50
  726.19,   224.89,   350.10
  726.46,   221.90,   474.90
  725.46,   352.64,   228.07
  725.33,   349.43,   353.25
  725.41,   346.35,   478.51
  475.21,   100.38,   349.69
  472.79,   100.70,   474.60
  470.31,   100.93,   599.64
  473.35,   225.36,   349.58
  470.84,   225.45,   474.51
  468.60,   225.55,   599.45
  471.93,   350.18,   349.22
  469.43,   350.36,   474.06
  466.99,   350.49,   599.04
  600.34,   102.11,   351.98
  597.80,   102.44,   476.87
  595.29,   102.58,   601.96
  598.57,   227.04,   351.79
  595.93,   227.15,   476.75
  593.68,   227.21,   601.81
  596.96,   351.77,   351.68
  594.26,   351.84,   476.66
  591.93,   352.05,   601.72
  725.62,   103.90,   354.26
  723.06,   104.03,   478.95
  720.37,   104.04,   604.25
  724.08,   228.80,   353.97
  721.27,   228.80,   478.85
  718.83,   228.75,   604.14
  722.21,   353.36,   354.11
  719.23,   353.28,   479.38
  716.86,   353.53,   604.50
  473.42,    99.82,   474.08
  474.04,    98.97,   599.13
  474.59,    98.02,   724.31
  474.99,   224.57,   475.09
  475.85,   223.58,   600.05
  476.89,   222.66,   725.01
  477.10,   349.46,   475.75
  477.76,   348.51,   600.77
  478.53,   347.61,   725.89
  598.46,    98.03,   473.24
  599.03,    97.11,   598.35
  599.55,    96.07,   723.51
  600.12,   222.75,   474.20
  600.95,   221.72,   599.28
  601.97,   220.69,   724.37
  601.96,   347.41,   475.24
  602.72,   346.53,   600.34
  603.84,   345.79,   725.47
  723.70,    96.08,   472.29
  724.09,    95.04,   597.57
  724.56,    93.91,   722.85
  725.51,   220.89,   473.14
  726.15,   219.74,   598.46
  726.87,   218.64,   723.70
  726.99,   345.35,   474.82
  727.68,   344.48,   599.97
  728.79,   343.99,   724.89
  475.93,    99.48,   600.47
  473.48,   101.66,   725.62
  471.07,   104.00,   850.54
  476.68,   224.09,   598.27
  474.68,   226.31,   723.19
  472.33,   228.72,   848.09
  477.53,   349.01,   595.85
  475.25,   351.27,   720.92
  472.88,   353.60,   845.90
  600.91,    98.71,   602.75
  598.45,   100.80,   727.87
  596.18,   103.21,   853.00
  601.78,   223.32,   600.56
  599.77,   225.45,   725.62
  597.40,   227.91,   850.67
  602.48,   348.13,   598.48
  600.55,   350.55,   723.58
  598.26,   353.02,   848.58
  725.97,    97.73,   605.03
  723.43,    99.73,   730.28
  721.32,   102.18,   855.72
  726.96,   222.43,   602.82
  724.66,   224.51,   728.02
  722.27,   227.13,   853.12
  727.43,   347.18,   601.19
  725.51,   349.87,   726.07
  723.27,   352.46,   850.78
  473.20,   223.38,    99.13
  470.49,   226.08,   224.28
  467.72,   228.78,   349.29
  472.77,   348.09,    96.78
  470.13,   350.85,   221.68
  467.53,   353.59,   346.43
  472.32,   472.97,    94.36
  469.68,   475.61,   219.00
  467.25,   478.48,   343.55
  598.30,   223.69,   101.53
  595.83,   226.56,   226.66
  592.92,   229.29,   351.58
  598.15,   348.63,    99.11
  595.53,   351.47,   224.12
  592.56,   354.00,   348.97
  597.88,   473.69,    96.57
  595.17,   476.36,   221.53
  592.22,   478.85,   346.33
  723.59,   223.93,   103.90
  721.39,   227.12,   229.25
  718.43,   229.86,   353.84
  723.58,   349.24,   101.14
  721.11,   352.13,   226.31
  717.82,   354.43,   351.47
  723.51,   474.53,    98.41
  720.76,   477.25,   223.60
  717.27,   479.29,   348.93
  476.12,   226.32,   223.42
  478.40,   225.45,   348.45
  480.87,   224.50,   473.37
  473.52,   351.09,   224.46
  475.98,   350.26,   349.24
  478.45,   349.38,   474.08
  470.84,   475.85,   225.40
  473.47,   475.14,   349.99
  476.01,   474.43,   474.77
  601.47,   228.99,   220.75
  603.65,   228.16,   345.69
  605.98,   227.22,   470.62
  598.91,   353.90,   221.85
  601.02,   352.86,   346.73
  603.28,   351.86,   471.71
  596.30,   478.79,   222.89
  598.42,   477.71,   347.73
  600.68,   476.78,   472.66
  726.99,   231.72,   218.30
  729.15,   230.93,   342.95
  731.32,   229.89,   467.76
  724.49,   356.78,   218.98
  726.29,   355.50,   344.17
  728.25,   354.34,   469.46
  721.89,   481.90,   219.91
  723.48,   480.36,   345.27
  725.41,   479.16,   470.55
  474.90,   224.04,   351.45
  476.21,   222.02,   476.38
  477.80,   220.00,   601.33
  474.44,   348.86,   353.25
  475.75,   346.91,   478.10
  477.14,   344.93,   603.10
  473.91,   473.77,   355.01
  475.27,   471.99,   479.81
  476.53,   470.12,   604.93
  600.16,   224.79,   349.85
  601.35,   222.79,   474.79
  602.91,   220.72,   599.85
  599.51,   349.50,   351.90
  600.62,   347.45,   476.89
  602.11,   345.53,   601.96
  598.87,   474.35,   353.92
  599.98,   472.37,   478.86
  601.43,   470.63,   604.01
  725.71,   225.60,   348.24
  726.74,   223.50,   473.05
  728.11,   221.32,   598.34
  724.81,   350.17,   350.50
  725.64,   347.96,   475.78
  727.07,   346.07,   600.90
  723.95,   475.01,   352.64
  724.76,   472.78,   477.92
  726.26,   471.18,   603.04
  475.56,   225.22,   475.88
  474.02,   228.48,   600.79
  472.64,   231.81,   725.69
  478.83,   350.05,   472.35
  477.10,   353.36,   597.30
  475.43,   356.72,   722.37
  482.08,   475.04,   468.82
  480.24,   478.49,   593.86
  478.32,   481.88,   719.15
  600.65,   222.28,   477.49
  599.09,   225.49,   602.52
  597.72,   228.73,   727.56
  603.66,   346.87,   474.33
  602.02,   350.25,   599.37
  600.72,   353.77,   724.46
  606.75,   471.71,   471.07
  605.06,   475.27,   596.16
  603.65,   478.94,   721.37
  726.01,   219.29,   478.92
  724.24,   222.38,   604.21
  722.58,   225.56,   729.40
  728.66,   343.69,   476.40
  726.94,   347.08,   601.51
  725.66,   350.86,   726.38
  731.49,   468.43,   473.32
  729.85,   472.11,   598.40
  728.66,   476.14,   723.20
  475.56,   225.03,   600.85
  473.50,   224.01,   725.79
  471.07,   223.16,   850.71
  478.40,   349.95,   601.74
  476.05,   348.94,   726.83
  473.62,   348.03,   851.80
  481.28,   475.12,   602.68
  478.67,   474.14,   727.99
  476.27,   473.05,   853.03
  600.63,   222.22,   603.18
  598.55,   221.10,   728.24
  596.09,   220.31,   853.31
  603.33,   347.02,   604.40
  601.34,   346.18,   729.50
  598.94,   345.39,   854.50
  606.13,   472.09,   605.57
  604.04,   471.40,   730.81
  601.70,   470.50,   855.80
  725.79,   219.29,   605.45
  723.40,   218.09,   730.67
  720.92,   217.46,   855.81
  728.25,   344.03,   607.12
  726.27,   343.45,   732.00
  723.91,   342.76,   856.73
  730.92,   469.14,   608.39
  729.05,   468.81,   733.20
  726.65,   467.92,   857.80
  473.40,   349.13,   102.07
  473.44,   351.27,   227.00
  473.51,   353.39,   351.78
  472.54,   474.01,   100.27
  472.60,   476.05,   224.94
  472.83,   478.29,   349.53
  471.63,   599.08,    97.92
  471.69,   600.96,   222.73
  471.86,   603.33,   347.44
  598.82,   350.02,   101.71
  598.87,   352.23,   226.75
  598.58,   354.13,   351.64
  598.15,   475.10,    99.81
  598.11,   477.14,   224.79
  597.82,   479.00,   349.64
  597.29,   600.16,    97.49
  597.12,   602.08,   222.58
  596.97,   604.12,   347.49
  724.27,   350.97,   101.06
  724.48,   353.23,   226.26
  723.87,   354.90,   351.47
  723.80,   476.28,    98.97
  723.72,   478.37,   224.19
  722.91,   479.77,   349.56
  723.16,   601.30,    96.85
  722.73,   603.42,   222.12
  722.22,   605.08,   347.37
  475.38,   349.03,   226.61
  472.46,   346.69,   351.37
  469.57,   344.29,   476.18
  473.37,   473.79,   228.97
  470.62,   471.57,   353.52
  467.80,   469.34,   478.28
  471.27,   598.69,   231.17
  468.49,   596.60,   355.84
  465.77,   594.49,   480.63
  600.76,   351.11,   229.38
  597.48,   348.56,   354.24
  594.40,   346.06,   479.19
  598.81,   475.99,   231.84
  595.54,   473.39,   356.65
  592.47,   470.98,   481.54
  596.63,   600.91,   234.07
  593.51,   598.49,   358.93
  590.58,   596.23,   483.79
  726.31,   353.23,   231.92
  722.72,   350.44,   357.09
  719.37,   347.80,   482.32
  724.33,   478.31,   234.30
  720.54,   475.25,   359.64
  717.19,   472.61,   484.86
  722.14,   603.35,   236.67
  718.65,   600.52,   361.87
  715.39,   597.92,   486.93
  475.51,   350.87,   348.91
  475.86,   350.05,   473.77
  476.28,   349.19,   598.78
  478.20,   475.75,   349.55
  478.61,   475.10,   474.35
  478.91,   474.37,   599.47
  480.61,   600.78,   350.33
  481.11,   600.25,   475.18
  481.61,   599.60,   600.26
  600.57,   348.26,   348.49
  600.70,   347.33,   473.49
  601.23,   346.53,   598.58
  603.17,   473.10,   349.38
  603.30,   472.23,   474.34
  603.78,   471.61,   599.49
  605.70,   598.21,   350.11
  605.96,   597.48,   475.03
  606.46,   596.90,   600.12
  725.87,   345.69,   348.01
  725.73,   344.60,   473.30
  726.18,   343.81,   598.45
  728.25,   470.51,   349.01
  728.06,   469.39,   474.33
  728.59,   468.90,   599.47
  730.90,   595.78,   349.73
  730.79,   594.68,   474.90
  731.18,   594.14,   599.88
  474.31,   349.69,   476.56
  472.05,   348.09,   601.55
  469.87,   346.54,   726.62
  471.94,   474.75,   477.83
  469.55,   473.26,   602.91
  467.07,   471.72,   728.20
  469.32,   599.90,   479.34
  467.11,   598.48,   604.40
  464.77,   596.89,   729.69
  599.13,   352.06,   479.02
  596.99,   350.54,   604.08
  595.17,   349.15,   729.19
  596.61,   476.99,   480.53
  594.42,   475.64,   605.67
  592.46,   474.37,   730.93
  594.14,   602.26,   481.92
  591.99,   600.94,   606.99
  589.86,   599.56,   732.29
  724.09,   354.40,   481.61
  721.91,   352.93,   606.70
  720.13,   351.82,   731.59
  721.33,   479.24,   483.27
  719.23,   478.05,   608.37
  717.53,   477.15,   733.22
  718.97,   604.57,   484.48
  716.70,   603.30,   609.44
  714.71,   602.13,   734.41
  475.27,   349.02,   600.95
  472.96,   345.73,   726.00
  470.57,   342.53,   850.93
  472.27,   474.15,   604.05
  469.66,   470.87,   729.31
  467.29,   467.49,   854.29
  469.35,   599.33,   607.26
  466.85,   596.00,   732.52
  464.37,   592.53,   857.65
  600.19,   351.93,   603.68
  598.24,   348.81,   728.75
  595.87,   345.72,   853.71
  597.13,   476.99,   607.00
  595.04,   473.98,   732.22
  592.73,   470.77,   857.18
  594.20,   602.25,   610.04
  591.94,   599.13,   735.31
  589.64,   595.74,   860.49
  725.09,   354.78,   606.51
  723.17,   351.94,   731.34
  720.85,   348.95,   856.02
  721.93,   479.87,   609.88
  720.08,   477.23,   734.69
  717.70,   474.04,   859.30
  718.90,   605.07,   612.67
  716.77,   602.16,   737.61
  714.46,   598.79,   862.60
  474.52,   476.61,    99.24
  475.76,   480.17,   223.88
  477.16,   483.93,   348.43
  473.33,   601.66,    95.36
  474.57,   605.05,   220.14
  475.91,   608.94,   344.83
  471.98,   726.91,    91.25
  473.48,   730.19,   216.14
  474.64,   734.12,   341.27
  600.12,   477.93,    97.57
  601.27,   481.51,   222.52
  602.15,   484.88,   347.34
  599.00,   602.96,    93.73
  600.01,   606.41,   218.79
  601.03,   609.98,   343.66
  597.61,   728.02,    89.56
  598.68,   731.44,   214.78
  599.87,   735.26,   339.83
  725.75,   479.33,    95.55
  726.89,   482.99,   220.70
  727.25,   485.92,   346.05
  724.87,   604.31,    91.89
  725.61,   608.00,   217.12
  726.30,   611.22,   342.33
  723.70,   728.95,    88.13
  723.93,   732.82,   213.46
  725.49,   736.66,   338.30
  475.59,   475.23,   223.93
  472.07,   477.44,   348.46
  468.49,   479.68,   473.19
  472.90,   600.11,   221.66
  469.33,   602.45,   346.32
  465.84,   604.81,   471.09
  470.31,   725.26,   219.14
  466.56,   727.64,   344.25
  462.95,   729.86,   469.33
  601.02,   478.15,   227.47
  596.97,   479.98,   352.28
  593.13,   482.01,   477.14
  598.25,   603.06,   225.22
  594.36,   605.08,   350.07
  590.65,   607.27,   474.90
  595.43,   728.11,   222.69
  591.69,   730.37,   347.74
  588.15,   732.61,   472.62
  726.52,   481.18,   230.60
  721.95,   482.56,   355.93
  717.82,   484.35,   481.13
  723.75,   606.22,   228.48
  719.51,   607.86,   353.67
  715.48,   609.69,   478.70
  720.62,   731.11,   226.27
  717.26,   733.34,   351.09
  713.68,   735.23,   475.90
  475.54,   474.98,   350.21
  475.79,   478.37,   474.97
  475.93,   481.69,   600.05
  472.24,   599.95,   346.97
  472.58,   603.47,   471.78
  472.92,   606.85,   596.81
  468.89,   725.09,   343.81
  469.13,   728.50,   468.91
  469.78,   731.76,   593.81
  600.49,   478.02,   350.14
  600.47,   481.20,   475.05
  600.79,   484.64,   600.17
  597.31,   603.08,   346.85
  597.43,   606.43,   471.71
  597.78,   609.89,   596.73
  594.07,   728.33,   343.41
  594.38,   731.75,   468.31
  594.86,   735.02,   593.21
  725.54,   481.13,   349.89
  725.21,   484.06,   475.15
  725.58,   487.64,   600.23
  722.52,   606.39,   346.55
  722.31,   609.36,   471.63
  722.49,   612.81,   596.55
  719.65,   731.82,   342.90
  719.97,   734.89,   467.72
  719.80,   737.85,   592.73
  476.94,   474.09,   476.21
  476.55,   475.96,   601.31
  476.08,   477.77,   726.64
  478.99,   599.23,   474.44
  478.79,   601.18,   599.51
  478.48,   602.97,   724.83
  480.83,   724.33,   472.98
  480.95,   726.17,   597.90
  481.17,   727.98,   722.88
  601.64,   471.67,   476.94
  601.43,   473.66,   602.09
  601.48,   475.76,   727.35
  603.85,   596.92,   475.05
  603.66,   598.95,   600.12
  603.54,   600.94,   725.40
  606.11,   722.31,   473.03
  606.01,   724.15,   597.98
  605.76,   725.87,   723.14
  726.41,   469.28,   477.69
  726.25,   471.41,   602.81
  726.52,   473.87,   727.66
  728.69,   594.57,   475.65
  728.39,   596.64,   600.62
  728.39,   598.88,   725.53
  731.61,   720.13,   473.21
  730.85,   721.69,   598.24
  730.04,   723.42,   723.37
  476.49,   474.59,   598.08
  473.32,   477.81,   723.33
  470.35,   480.92,   848.35
  478.98,   599.78,   594.92
  475.98,   602.98,   720.16
  472.92,   606.01,   845.35
  481.38,   724.75,   591.97
  478.91,   727.96,   716.88
  475.62,   731.16,   842.22
  601.33,   472.11,   601.59
  598.67,   475.61,   726.79
  595.81,   478.92,   851.77
  603.81,   597.37,   598.26
  601.00,   600.77,   723.48
  598.12,   603.91,   848.67
  606.41,   722.54,   594.77
  603.48,   725.67,   719.87
  600.08,   728.76,   845.23
  726.12,   469.69,   605.04
  723.70,   473.56,   729.82
  720.79,   476.91,   854.42
  728.50,   594.89,   601.50
  725.81,   598.53,   726.35
  722.94,   601.68,   851.29
  731.21,   719.90,   597.77
  727.73,   723.05,   722.83
  724.46,   726.15,   848.00
  472.81,   599.11,    99.54
  476.09,   596.97,   224.31
  479.48,   595.28,   348.99
  471.18,   724.33,   100.99
  474.63,   722.14,   225.93
  477.83,   720.50,   351.04
  469.96,   849.46,   102.97
  473.31,   847.46,   227.42
  476.32,   845.77,   352.93
  598.44,   600.88,    95.93
  601.50,   598.78,   220.99
  604.54,   596.76,   345.87
  596.67,   725.94,    97.38
  599.80,   723.84,   222.60
  603.03,   722.08,   347.64
  595.09,   851.04,    99.59
  598.24,   848.97,   224.12
  601.58,   847.23,   349.26
  724.27,   602.68,    92.12
  727.07,   600.81,   217.34
  729.74,   598.42,   342.57
  722.67,   727.38,    93.93
  725.04,   725.69,   219.28
  728.60,   723.91,   344.15
  720.54,   852.09,    96.23
  722.97,   850.36,   221.10
  727.22,   848.89,   345.60
  475.72,   598.87,   225.62
  477.38,   602.83,   350.29
  479.11,   606.80,   475.09
  478.89,   723.96,   221.52
  480.37,   727.97,   346.63
  482.01,   731.83,   471.70
  482.21,   849.19,   217.26
  483.52,   853.17,   342.72
  485.04,   856.63,   468.15
  601.13,   595.96,   224.09
  602.45,   599.58,   348.95
  603.95,   603.37,   473.81
  604.07,   720.96,   219.99
  605.58,   724.83,   345.01
  607.29,   728.69,   469.85
  607.11,   845.99,   215.82
  608.77,   849.89,   340.87
  610.59,   853.62,   466.04
  726.70,   593.26,   222.23
  727.63,   596.49,   347.45
  728.77,   599.89,   472.54
  729.35,   718.10,   218.45
  731.16,   721.94,   343.32
  732.80,   725.41,   468.15
  731.87,   842.68,   214.59
  734.38,   846.87,   339.07
  736.87,   850.59,   463.69
  476.24,   598.69,   349.03
  479.35,   597.54,   473.84
  482.44,   596.27,   598.88
  477.41,   723.91,   350.49
  480.46,   722.66,   475.55
  483.90,   721.30,   600.43
  478.74,   849.18,   351.76
  481.66,   847.54,   477.18
  485.11,   845.88,   602.01
  601.31,   597.32,   346.22
  604.17,   595.98,   471.10
  607.27,   594.77,   596.14
  602.63,   722.65,   347.39
  605.71,   721.39,   472.26
  608.90,   720.01,   597.18
  604.01,   847.81,   348.39
  607.21,   846.43,   473.57
  610.42,   844.83,   598.66
  726.52,   596.12,   343.22
  729.01,   594.39,   468.35
  731.96,   593.21,   593.31
  728.20,   721.63,   344.21
  731.19,   719.98,   469.09
  733.73,   718.30,   594.10
  729.66,   846.65,   345.04
  733.47,   845.26,   469.74
  736.08,   843.33,   595.02
  474.27,   600.30,   474.75
  476.42,   600.88,   599.81
  478.46,   601.30,   725.13
  470.41,   725.37,   474.73
  472.90,   725.84,   599.64
  475.48,   726.28,   724.62
  466.65,   850.19,   474.61
  469.12,   850.34,   599.46
  471.73,   850.92,   724.12
  599.08,   603.68,   472.94
  601.25,   604.33,   598.00
  603.48,   604.94,   723.29
  595.63,   729.04,   472.38
  597.92,   729.50,   597.32
  600.06,   729.84,   722.46
  592.09,   853.98,   472.02
  594.37,   854.22,   597.14
  596.40,   854.49,   722.13
  723.93,   607.02,   471.11
  725.93,   607.67,   596.08
  728.23,   608.51,   721.00
  721.17,   732.59,   470.06
  722.79,   732.74,   595.11
  724.27,   733.04,   720.29
  718.29,   857.69,   469.12
  720.10,   857.71,   594.43
  720.96,   857.64,   720.04
  473.69,   599.27,   601.36
  470.30,   601.43,   726.61
  466.88,   603.44,   851.78
  476.46,   724.24,   599.43
  473.62,   726.43,   724.37
  469.90,   728.61,   849.74
  478.97,   848.78,   597.51
  476.14,   851.08,   722.13
  472.42,   853.58,   847.45
  598.52,   596.50,   605.05
  595.34,   598.87,   730.30
  592.10,   600.97,   855.49
  601.46,   721.66,   602.60
  598.19,   723.79,   727.72
  594.40,   725.87,   853.12
  604.27,   846.44,   600.59
  600.81,   848.44,   725.59
  596.64,   850.66,   850.94
  723.20,   593.65,   608.63
  720.16,   596.26,   733.52
  716.91,   598.38,   858.49
  726.21,   718.67,   605.93
  722.39,   720.81,   731.03
  718.82,   722.89,   856.20
  729.82,   843.62,   603.41
  725.19,   845.33,   729.01
  720.96,   847.49,   854.41
  599.11,   100.90,   100.09
  598.83,   103.05,   225.35
  598.33,   105.32,   350.23
  600.24,   225.85,    98.05
  599.99,   228.12,   223.22
  599.28,   230.23,   348.17
  601.56,   350.80,    96.25
  601.15,   353.04,   221.30
  600.37,   354.95,   346.20
  724.20,    99.62,   100.51
  723.89,   102.13,   225.89
  723.65,   104.42,   350.44
  725.53,   224.57,    98.23
  725.56,   227.16,   223.66
  724.83,   229.31,   348.29
  726.97,   349.88,    96.12
  726.76,   352.20,   221.32
  725.68,   353.89,   346.52
  849.44,    98.61,   100.95
  848.87,   100.82,   226.25
  848.74,   103.11,   351.19
  850.58,   223.57,    98.64
  850.27,   226.10,   224.29
  849.85,   228.28,   348.91
  851.66,   348.86,    96.54
  851.73,   351.15,   221.71
  850.73,   352.81,   347.04
  601.64,    99.54,   223.27
  603.79,    96.46,   348.10
  606.00,    93.38,   472.93
  599.46,   224.58,   226.51
  601.37,   221.37,   351.41
  603.47,   218.06,   476.31
  597.25,   349.45,   229.98
  599.10,   346.03,   354.82
  601.11,   342.66,   479.77
  726.66,   102.01,   221.23
  729.03,    98.94,   345.79
  731.21,    95.64,   470.45
  725.00,   227.00,   224.38
  726.89,   223.83,   348.95
  728.84,   220.41,   473.70
  722.83,   351.99,   227.44
  724.37,   348.34,   352.58
  726.12,   344.82,   477.81
  851.59,   104.08,   219.03
  854.06,   101.00,   343.98
  856.32,    97.77,   468.69
  849.69,   229.33,   222.43
  851.87,   226.18,   347.03
  854.09,   222.78,   471.85
  847.82,   354.35,   225.22
  849.40,   350.66,   350.53
  851.23,   347.15,   475.72
  600.26,    98.64,   350.97
  598.54,    95.76,   475.83
  596.78,    92.72,   600.91
  599.33,   223.56,   354.01
  597.50,   220.46,   478.94
  596.06,   217.29,   603.97
  598.56,   348.24,   357.14
  596.66,   345.10,   482.10
  595.16,   342.09,   607.14
  725.53,    99.52,   352.49
  723.77,    96.44,   477.21
  721.84,    93.27,   602.47
  724.86,   224.42,   355.40
  722.88,   221.22,   480.22
  721.25,   217.94,   605.49
  723.83,   348.95,   358.80
  721.67,   345.66,   484.03
  720.12,   342.69,   609.10
  850.62,   100.00,   354.56
  848.93,    96.98,   479.25
  847.06,    93.91,   604.17
  849.90,   225.18,   357.34
  848.19,   221.99,   482.17
  846.46,   218.70,   607.17
  848.88,   349.66,   360.63
  846.81,   346.40,   485.82
  845.17,   343.45,   610.75
  598.34,   102.29,   476.30
  600.61,   103.23,   601.39
  602.89,   104.05,   726.52
  597.01,   227.01,   475.43
  599.54,   227.87,   600.48
  602.26,   228.75,   725.55
  595.88,   351.69,   474.59
  598.32,   352.71,   599.66
  601.11,   353.87,   724.79
  723.61,   103.32,   473.61
  725.71,   104.14,   598.88
  727.86,   104.84,   724.18
  722.37,   228.10,   472.73
  724.70,   228.85,   598.01
  727.14,   229.68,   723.21
  720.87,   352.58,   472.51
  723.24,   353.62,   597.65
  726.05,   355.04,   722.55
  848.78,   104.22,   471.67
  850.93,   105.14,   596.62
  853.07,   105.83,   721.83
  847.66,   229.21,   470.65
  849.92,   229.96,   595.71
  852.00,   230.73,   720.55
  845.99,   353.64,   470.30
  848.26,   354.71,   595.31
  850.73,   356.06,   719.97
  598.27,   100.28,   600.87
  598.87,    98.89,   726.02
  599.66,    97.80,   851.21
  599.31,   224.91,   602.17
  600.38,   223.54,   727.25
  601.06,   222.50,   852.35
  600.19,   349.74,   603.57
  601.35,   348.66,   728.70
  602.10,   347.62,   853.72
  723.36,    99.12,   600.03
  723.87,    97.62,   725.32
  724.84,    96.53,   850.80
  724.50,   223.82,   601.32
  725.28,   222.38,   726.55
  725.94,   221.48,   851.69
  725.15,   348.59,   603.17
  726.32,   347.76,   728.08
  727.13,   346.84,   852.82
  848.58,    98.03,   599.39
  849.11,    96.54,   724.65
  849.93,    95.23,   850.23
  849.74,   222.86,   600.65
  850.15,   221.36,   725.53
  850.42,   220.55,   850.56
  850.21,   347.61,   602.44
  851.03,   346.69,   727.10
  851.78,   345.98,   851.62
  599.31,   226.97,   101.26
  598.97,   225.45,   226.42
  598.20,   223.79,   351.38
  595.93,   351.89,   103.24
  595.41,   350.31,   228.27
  594.57,   348.46,   353.16
  592.40,   476.91,   105.11
  591.79,   475.16,   230.07
  590.98,   473.26,   354.91
  724.57,   230.38,   101.54
  724.51,   229.17,   226.95
  723.69,   227.54,   351.58
  721.36,   355.69,   103.20
  720.97,   354.14,   228.40
  719.82,   352.05,   353.60
  718.05,   480.95,   104.87
  717.33,   479.20,   230.12
  715.99,   476.85,   355.47
  849.55,   234.05,   102.05
  849.20,   232.80,   227.66
  848.68,   231.17,   352.29
  846.07,   359.37,   103.64
  845.96,   357.79,   228.84
  844.84,   355.65,   354.21
  842.82,   484.70,   105.23
  842.46,   482.92,   230.27
  841.04,   480.48,   355.90
  601.23,   223.43,   225.79
  604.66,   219.82,   350.64
  608.26,   216.10,   475.47
  601.85,   348.31,   229.59
  605.20,   344.48,   354.40
  608.72,   340.70,   479.32
  602.43,   473.18,   233.35
  605.76,   469.28,   358.13
  609.27,   465.56,   483.02
  726.74,   223.07,   222.09
  730.17,   219.52,   346.60
  733.63,   215.70,   471.26
  727.42,   348.08,   225.47
  730.48,   344.04,   350.56
  733.73,   340.11,   475.74
  727.98,   473.16,   229.12
  730.80,   468.81,   354.42
  734.01,   464.86,   479.64
  851.38,   222.62,   218.56
  855.09,   219.09,   343.12
  858.86,   215.31,   467.88
  852.33,   347.65,   221.71
  855.47,   343.59,   346.94
  858.85,   339.69,   472.05
  853.05,   472.76,   225.07
  855.88,   468.40,   350.58
  858.86,   464.46,   475.92
  600.79,   223.83,   350.87
  599.70,   220.11,   475.79
  599.01,   216.31,   600.81
  601.64,   348.50,   354.65
  600.48,   344.72,   479.61
  599.73,   341.08,   604.64
  602.50,   473.30,   358.40
  601.35,   469.60,   483.31
  600.55,   466.14,   608.43
  726.33,   223.09,   351.48
  725.11,   219.27,   476.25
  724.22,   215.36,   601.51
  726.93,   347.61,   355.49
  725.52,   343.69,   480.72
  724.71,   340.07,   605.79
  727.55,   472.38,   359.37
  726.13,   468.46,   484.62
  725.41,   465.15,   609.69
  851.36,   222.24,   352.62
  850.42,   218.44,   477.42
  849.45,   214.53,   602.41
  851.97,   346.71,   356.53
  850.68,   342.82,   481.70
  849.78,   339.23,   606.61
  852.64,   471.52,   360.22
  850.99,   467.61,   485.61
  850.04,   464.41,   610.61
  598.27,   223.10,   474.36
  600.00,   225.22,   599.42
  601.93,   227.36,   724.48
  594.50,   347.72,   472.28
  596.15,   349.99,   597.35
  598.14,   352.41,   722.47
  590.84,   472.59,   470.07
  592.43,   475.03,   595.20
  594.28,   477.57,   720.47
  723.60,   226.80,   472.39
  725.13,   228.82,   597.68
  726.78,   230.91,   722.88
  719.47,   351.22,   470.93
  721.04,   353.51,   596.07
  723.06,   356.20,   720.98
  715.57,   476.00,   468.89
  717.20,   478.55,   594.01
  719.28,   481.46,   718.89
  848.83,   230.51,   471.08
  850.30,   232.54,   596.12
  851.60,   234.58,   720.96
  844.53,   354.88,   469.47
  846.00,   357.22,   594.49
  847.70,   359.86,   719.16
  840.37,   479.67,   467.42
  841.77,   482.35,   592.51
  843.67,   485.37,   717.11
  598.22,   223.50,   599.86
  595.48,   223.04,   724.92
  592.37,   222.89,   849.97
  595.93,   348.32,   600.30
  593.26,   348.13,   725.40
  590.21,   347.98,   850.40
  593.75,   473.43,   600.67
  590.94,   473.36,   725.92
  587.95,   473.10,   850.94
  723.37,   225.57,   602.86
  720.35,   225.05,   728.05
  717.22,   225.06,   853.16
  720.84,   350.34,   603.75
  718.21,   350.42,   728.63
  715.20,   350.39,   853.37
  718.55,   475.45,   604.21
  715.99,   475.75,   729.06
  712.97,   475.57,   853.73
  848.54,   227.75,   606.02
  845.15,   227.18,   730.88
  841.66,   227.34,   855.88
  845.82,   352.52,   606.87
  842.88,   352.56,   731.52
  839.85,   352.71,   855.99
  843.13,   477.76,   607.41
  840.42,   478.16,   731.97
  837.57,   477.83,   856.29
  600.38,   348.40,   101.88
  604.00,   348.49,   226.87
  607.25,   348.26,   351.74
  602.40,   473.49,   102.03
  605.92,   473.42,   226.98
  609.14,   473.12,   351.83
  604.22,   598.56,   101.80
  607.61,   598.37,   226.86
  610.98,   598.25,   351.75
  725.72,   346.64,    97.69
  729.55,   346.82,   222.85
  732.52,   346.39,   348.00
  727.95,   471.98,    97.66
  731.47,   471.98,   222.82
  734.19,   471.24,   348.19
  730.01,   597.04,    97.61
  733.17,   597.05,   222.84
  736.15,   596.53,   348.09
  850.32,   344.77,    94.05
  854.42,   344.96,   219.22
  857.49,   344.52,   344.49
  852.46,   470.18,    94.08
  856.49,   470.12,   218.90
  859.26,   469.40,   344.45
  854.83,   595.22,    93.82
  858.33,   595.29,   218.95
  861.23,   594.71,   344.24
  601.26,   348.13,   224.71
  598.42,   349.19,   349.60
  595.77,   350.30,   474.58
  598.30,   473.01,   223.55
  595.48,   474.02,   348.39
  592.83,   475.21,   473.29
  595.12,   597.92,   222.15
  592.43,   599.10,   347.04
  589.92,   600.46,   471.91
  726.80,   351.34,   226.74
  723.66,   352.17,   351.93
  720.72,   353.12,   477.21
  723.84,   476.44,   225.46
  720.50,   477.00,   350.83
  717.55,   477.94,   476.09
  720.65,   601.47,   224.20
  717.60,   602.27,   349.44
  714.76,   603.26,   474.52
  851.72,   354.35,   229.13
  848.65,   355.14,   354.46
  845.79,   356.11,   479.71
  848.91,   479.50,   227.56
  845.53,   480.02,   353.16
  842.33,   480.95,   478.60
  845.87,   604.66,   226.34
  842.70,   605.36,   351.69
  839.58,   606.19,   477.07
  599.00,   350.98,   350.58
  598.67,   348.11,   475.56
  598.73,   345.38,   600.62
  595.57,   475.77,   353.40
  595.26,   472.99,   478.32
  595.27,   470.42,   603.46
  592.06,   600.84,   356.08
  591.90,   598.21,   480.96
  591.94,   595.68,   606.04
  724.25,   354.40,   350.69
  723.65,   351.38,   475.96
  723.65,   348.68,   601.07
  720.60,   479.19,   353.64
  719.99,   476.16,   478.89
  720.07,   473.74,   604.00
  717.23,   604.42,   356.28
  716.73,   601.43,   481.37
  716.66,   598.95,   606.34
  849.27,   357.82,   350.99
  848.73,   354.81,   476.23
  848.64,   352.16,   601.21
  845.66,   482.66,   353.73
  844.79,   479.61,   479.17
  844.65,   477.32,   604.22
  842.34,   607.95,   356.32
  841.55,   604.80,   481.70
  841.36,   602.42,   606.57
  597.93,   349.40,   474.79
  594.51,   352.43,   599.79
  591.41,   355.58,   724.86
  600.73,   474.27,   471.90
  597.26,   477.48,   596.96
  594.03,   480.76,   722.16
  603.58,   599.49,   468.88
  600.15,   602.73,   593.85
  596.78,   605.93,   719.06
  722.88,   346.55,   478.64
  719.41,   349.60,   603.70
  716.36,   353.02,   728.56
  725.43,   471.32,   475.93
  722.03,   474.65,   600.97
  719.05,   478.30,   725.77
  728.37,   596.58,   472.76
  724.82,   599.85,   597.65
  721.56,   603.27,   722.51
  847.97,   343.87,   482.36
  844.39,   346.94,   607.29
  841.01,   350.32,   731.91
  850.22,   468.65,   479.66
  846.60,   472.10,   604.65
  843.44,   475.84,   729.16
  853.14,   593.84,   476.53
  849.48,   597.21,   601.38
  846.17,   600.89,   725.84
  601.55,   350.25,   599.81
  601.08,   349.37,   724.94
  600.23,   348.54,   849.97
  600.62,   475.36,   600.94
  600.02,   474.61,   726.21
  599.23,   473.68,   851.25
  599.82,   600.69,   601.79
  599.06,   599.83,   727.10
  598.24,   598.71,   852.35
  726.51,   351.01,   601.07
  726.05,   350.40,   725.98
  725.26,   349.68,   850.72
  725.45,   476.15,   602.28
  725.08,   475.76,   727.14
  724.26,   474.89,   851.80
  724.57,   601.41,   602.90
  723.92,   600.79,   727.85
  723.11,   599.70,   852.86
  851.55,   351.96,   601.98
  850.76,   351.26,   726.65
  849.91,   350.74,   851.16
  850.07,   477.19,   603.29
  849.50,   476.86,   727.89
  848.88,   475.91,   852.24
  849.32,   602.36,   603.94
  848.59,   601.99,   728.50
  847.72,   600.87,   853.19
  601.41,   474.39,    99.73
  601.82,   476.64,   224.71
  601.96,   478.67,   349.58
  600.82,   599.45,    97.23
  601.10,   601.57,   222.32
  601.39,   603.80,   347.23
  599.98,   724.52,    94.39
  600.31,   726.64,   219.65
  600.78,   729.12,   344.73
  727.05,   475.29,    98.44
  727.43,   477.58,   223.65
  727.06,   479.18,   349.04
  726.69,   600.32,    96.13
  726.71,   602.64,   221.40
  726.64,   604.49,   346.66
  726.02,   724.99,    93.68
  725.60,   727.53,   219.07
  726.41,   730.00,   343.96
  851.69,   475.89,    97.90
  852.54,   478.14,   222.80
  852.17,   479.72,   348.39
  851.63,   600.90,    95.40
  851.97,   603.31,   220.59
  851.79,   605.07,   345.92
  851.02,   725.41,    93.31
  851.17,   728.32,   218.37
  851.79,   730.69,   343.46
  599.64,   476.67,   225.24
  602.58,   480.00,   350.02
  605.68,   483.50,   474.89
  603.08,   601.54,   221.45
  606.16,   605.05,   346.29
  609.39,   608.70,   471.12
  606.43,   726.53,   217.40
  609.71,   730.29,   342.39
  613.17,   734.03,   467.20
  725.17,   473.40,   221.50
  727.60,   476.28,   346.81
  730.37,   479.52,   472.03
  728.62,   598.39,   217.85
  731.32,   601.51,   343.04
  734.20,   604.77,   468.11
  731.66,   723.19,   214.13
  735.24,   726.95,   338.97
  738.70,   730.30,   463.75
  850.21,   469.74,   217.95
  852.64,   472.61,   343.47
  855.18,   475.84,   468.85
  853.78,   594.82,   214.36
  856.39,   597.86,   339.61
  858.99,   601.02,   464.96
  857.16,   719.73,   210.74
  860.43,   723.34,   335.82
  863.68,   726.55,   460.58
  601.18,   476.29,   351.75
  604.30,   476.67,   476.68
  607.76,   477.29,   601.81
  603.51,   601.42,   351.19
  606.76,   601.94,   476.07
  610.24,   602.60,   601.11
  605.81,   726.75,   350.46
  609.28,   727.35,   475.33
  612.84,   727.80,   600.24
  726.23,   473.90,   348.44
  729.02,   474.02,   473.72
  732.51,   474.78,   598.82
  728.68,   599.19,   347.85
  731.56,   599.33,   472.97
  734.90,   600.02,   597.91
  731.38,   724.72,   346.93
  734.76,   724.91,   471.80
  737.65,   725.06,   596.81
  851.30,   471.56,   345.01
  853.85,   471.66,   470.44
  857.06,   472.50,   595.50
  853.77,   596.87,   344.33
  856.38,   596.91,   469.73
  859.59,   597.67,   594.67
  856.62,   722.45,   343.66
  859.82,   722.49,   468.52
  862.73,   722.63,   593.49
  598.98,   476.42,   474.69
  600.78,   474.06,   599.82
  602.87,   471.81,   725.07
  602.66,   601.64,   477.09
  604.50,   599.32,   602.15
  606.40,   596.96,   727.42
  606.40,   726.99,   479.35
  608.32,   724.46,   604.28
  610.06,   721.84,   729.45
  723.71,   472.59,   473.31
  725.55,   470.35,   598.42
  727.85,   468.47,   723.26
  727.47,   597.84,   475.56
  729.17,   595.56,   600.52
  731.22,   593.48,   725.42
  731.86,   723.35,   477.39
  733.09,   720.55,   602.42
  734.32,   717.97,   727.54
  848.53,   469.03,   471.62
  850.14,   466.89,   596.69
  852.20,   465.04,   721.28
  852.26,   594.22,   473.92
  853.83,   592.04,   598.85
  855.79,   590.20,   723.38
  856.92,   719.72,   475.69
  858.14,   716.90,   600.68
  859.23,   714.45,   725.63
  598.95,   476.80,   599.90
  601.28,   475.65,   725.17
  603.43,   474.34,   850.20
  598.48,   602.13,   601.17
  600.63,   600.87,   726.46
  602.75,   599.36,   851.70
  598.10,   727.33,   602.29
  600.15,   725.82,   727.45
  601.70,   724.26,   852.88
  723.76,   477.27,   598.32
  726.31,   476.50,   723.17
  728.45,   475.27,   847.80
  723.20,   602.54,   599.34
  725.47,   601.53,   724.28
  727.59,   600.08,   849.25
  722.96,   727.63,   600.20
  724.42,   726.11,   725.36
  726.16,   724.58,   850.58
  848.37,   478.01,   596.41
  850.70,   477.29,   721.01
  853.02,   476.02,   845.35
  847.94,   603.17,   597.48
  850.13,   602.42,   722.03
  852.20,   600.98,   846.68
  848.07,   728.08,   598.26
  849.30,   726.66,   723.29
  851.16,   725.51,   848.45
  601.61,   600.09,   101.86
  603.74,   602.30,   226.92
  605.87,   604.60,   351.81
  604.44,   725.10,    98.89
  606.61,   727.34,   224.13
  608.94,   729.90,   349.16
  607.42,   850.16,    96.70
  609.58,   852.40,   221.27
  612.07,   854.96,   346.33
  727.41,   597.28,    98.99
  729.29,   599.67,   224.23
  731.05,   601.58,   349.47
  730.41,   721.92,    96.41
  731.86,   724.55,   221.76
  734.53,   727.08,   346.63
  732.89,   846.52,    94.28
  734.30,   849.15,   219.20
  737.70,   852.00,   343.68
  852.27,   594.18,    96.50
  854.48,   596.63,   221.65
  856.13,   598.45,   346.96
  855.35,   718.68,    94.23
  857.39,   721.62,   219.28
  859.75,   723.99,   344.38
  857.59,   843.08,    92.09
  859.73,   846.37,   217.13
  863.09,   849.40,   341.95
  600.86,   599.85,   223.31
  599.89,   603.32,   348.18
  599.11,   606.96,   473.04
  601.10,   724.89,   219.40
  600.31,   728.61,   344.45
  599.72,   732.31,   469.32
  601.47,   849.98,   215.43
  600.80,   853.71,   340.53
  600.28,   857.25,   465.78
  726.46,   599.91,   223.66
  725.13,   602.99,   348.89
  724.01,   606.25,   473.97
  726.40,   724.79,   220.08
  725.95,   728.48,   344.95
  725.33,   731.81,   469.77
  726.23,   849.41,   216.41
  726.43,   853.39,   340.91
  726.59,   856.95,   465.62
  851.71,   599.58,   224.12
  850.27,   602.56,   349.44
  848.88,   605.70,   474.81
  851.96,   724.58,   220.66
  851.32,   728.16,   345.71
  850.56,   731.28,   470.52
  851.62,   849.29,   217.39
  851.99,   853.48,   342.08
  852.13,   857.11,   466.22
  599.88,   599.40,   349.54
  598.14,   598.56,   474.44
  596.63,   597.85,   599.51
  601.87,   724.73,   350.29
  600.32,   723.96,   475.20
  598.92,   723.05,   600.16
  603.92,   849.87,   350.87
  602.46,   848.97,   476.12
  601.04,   847.84,   601.25
  725.07,   597.46,   351.18
  722.98,   596.25,   476.31
  721.36,   595.59,   601.30
  727.48,   723.00,   351.72
  725.80,   721.82,   476.63
  723.74,   720.66,   601.67
  729.65,   848.02,   352.11
  728.74,   847.07,   476.89
  726.67,   845.64,   602.26
  850.17,   595.43,   352.66
  847.79,   594.11,   478.09
  846.06,   593.55,   603.01
  852.78,   721.04,   353.41
  850.94,   719.66,   478.33
  848.79,   718.42,   603.34
  855.18,   846.52,   354.20
  854.18,   845.57,   478.43
  851.66,   843.80,   603.58
  598.21,   601.33,   475.91
  598.55,   602.55,   600.99
  598.95,   603.72,   726.29
  599.76,   726.73,   474.71
  600.21,   727.75,   599.67
  600.51,   728.67,   724.84
  601.27,   851.73,   473.68
  601.69,   852.53,   598.84
  601.83,   853.34,   723.87
  723.08,   599.66,   475.96
  723.29,   600.92,   600.94
  723.80,   602.32,   725.89
  725.30,   725.25,   474.31
  725.08,   725.99,   599.36
  724.78,   726.89,   724.53
  727.56,   850.48,   472.63
  727.42,   851.00,   597.98
  726.38,   851.49,   723.64
  847.93,   598.16,   475.91
  848.03,   599.50,   600.84
  848.47,   601.18,   725.39
  850.48,   723.74,   474.18
  850.17,   724.40,   599.20
  849.67,   725.40,   724.22
  853.06,   849.65,   472.35
  852.47,   849.87,   597.44
  850.96,   849.86,   723.41
  599.30,   598.95,   601.01
  596.37,   596.81,   726.27
  593.40,   594.42,   851.47
  598.89,   724.14,   602.99
  595.87,   721.77,   728.12
  592.37,   719.34,   853.53
  598.31,   848.91,   605.43
  595.15,   846.45,   730.39
  591.22,   844.18,   855.78
  724.02,   599.34,   604.28
  721.22,   597.44,   729.20
  718.26,   595.08,   854.17
  723.70,   724.40,   606.00
  720.11,   722.02,   731.13
  716.83,   719.61,   856.32
  723.90,   849.35,   607.98
  719.52,   846.58,   733.56
  715.58,   844.25,   858.91
  848.73,   599.97,   607.49
  845.85,   598.33,   731.99
  842.82,   595.88,   856.64
  848.74,   724.80,   609.16
  844.91,   722.54,   734.14
  841.78,   720.49,   859.23
  848.88,   850.15,   610.76
  844.04,   846.91,   736.71
  840.65,   844.93,   862.42
