27, 125, pa2-debug-e-output1.txt
194.19,  207.33,  205.77
407.64,  399.13,  206.78
100.96, 101.81, 99.44
102.13, 98.86, 224.39
103.30, 95.90, 349.35
101.44, 226.78, 102.39
102.62, 223.82, 227.35
103.79, 220.87, 352.30
101.93, 351.74, 105.34
103.11, 348.78, 230.30
104.28, 345.83, 355.26
225.95, 101.35, 98.25
227.12, 98.39, 223.21
228.30, 95.44, 348.17
226.44, 226.31, 101.20
227.61, 223.36, 226.16
228.79, 220.40, 351.12
226.93, 351.28, 104.15
228.10, 348.32, 229.11
229.28, 345.37, 354.07
350.94, 100.89, 97.06
352.12, 97.93, 222.02
353.29, 94.98, 346.98
351.43, 225.85, 100.01
352.61, 222.90, 224.97
353.78, 219.94, 349.93
351.92, 350.82, 102.97
353.10, 347.86, 227.92
354.27, 344.91, 352.88
99.38, 100.68, 225.39
101.02, 101.75, 350.37
102.66, 102.83, 475.36
102.05, 225.64, 224.28
103.68, 226.72, 349.26
105.32, 227.80, 474.24
104.71, 350.61, 223.16
106.35, 351.69, 348.15
107.99, 352.76, 473.13
224.34, 98.00, 223.77
225.98, 99.08, 348.76
227.62, 100.15, 473.74
227.01, 222.96, 222.66
228.65, 224.04, 347.65
230.28, 225.12, 472.63
229.67, 347.93, 221.55
231.31, 349.01, 346.53
232.95, 350.09, 471.52
349.30, 95.32, 222.16
350.94, 96.40, 347.14
352.58, 97.47, 472.13
351.97, 220.28, 221.05
353.61, 221.36, 346.03
355.24, 222.44, 471.02
354.63, 345.25, 219.93
356.27, 346.33, 344.92
357.91, 347.41, 469.90
100.64, 101.52, 349.00
101.51, 101.80, 474.00
102.37, 102.08, 599.00
97.96, 226.49, 348.74
98.82, 226.77, 473.74
99.68, 227.05, 598.74
95.27, 351.46, 348.49
96.14, 351.74, 473.48
97.00, 352.02, 598.48
225.61, 104.20, 348.13
226.47, 104.48, 473.13
227.34, 104.76, 598.13
222.93, 229.17, 347.88
223.79, 229.45, 472.87
224.65, 229.73, 597.87
220.24, 354.15, 347.62
221.10, 354.42, 472.61
221.97, 354.70, 597.61
350.58, 106.89, 347.26
351.44, 107.16, 472.26
352.31, 107.44, 597.26
347.89, 231.86, 347.01
348.76, 232.14, 472.00
349.62, 232.41, 597.00
345.21, 356.83, 346.75
346.07, 357.11, 471.74
346.94, 357.38, 596.74
99.79, 101.18, 475.55
98.46, 100.74, 600.54
97.14, 100.30, 725.54
99.90, 226.18, 475.99
98.58, 225.74, 600.98
97.25, 225.30, 725.98
100.01, 351.18, 476.43
98.69, 350.74, 601.42
97.36, 350.30, 726.42
224.78, 101.06, 476.88
223.46, 100.62, 601.87
222.13, 100.18, 726.86
224.89, 226.06, 477.32
223.57, 225.62, 602.31
222.24, 225.18, 727.30
225.01, 351.06, 477.76
223.68, 350.62, 602.75
222.35, 350.18, 727.74
349.78, 100.94, 478.20
348.45, 100.50, 603.20
347.12, 100.07, 728.19
349.89, 225.94, 478.64
348.56, 225.50, 603.64
347.24, 225.07, 728.63
350.00, 350.94, 479.08
348.67, 350.50, 604.08
347.35, 350.06, 729.07
99.63, 100.33, 600.67
96.80, 103.40, 725.60
93.97, 106.47, 850.53
99.37, 225.29, 597.59
96.54, 228.36, 722.52
93.71, 231.43, 847.45
99.11, 350.25, 594.51
96.28, 353.32, 719.44
93.45, 356.40, 844.37
224.60, 100.66, 603.49
221.77, 103.73, 728.42
218.94, 106.80, 853.35
224.34, 225.62, 600.41
221.51, 228.69, 725.34
218.68, 231.76, 850.27
224.08, 350.58, 597.34
221.25, 353.65, 722.27
218.42, 356.72, 847.20
349.57, 100.99, 606.32
346.74, 104.06, 731.25
343.91, 107.13, 856.18
349.31, 225.95, 603.24
346.48, 229.02, 728.17
343.65, 232.09, 853.10
349.05, 350.91, 600.16
346.22, 353.98, 725.09
343.39, 357.05, 850.02
98.29, 224.44, 100.50
100.98, 221.05, 225.42
103.68, 217.66, 350.35
95.93, 349.37, 103.94
98.63, 345.98, 228.86
101.33, 342.59, 353.79
93.58, 474.30, 107.38
96.28, 470.91, 232.30
98.98, 467.52, 357.23
223.23, 226.86, 97.86
225.93, 223.47, 222.79
228.63, 220.08, 347.71
220.88, 351.79, 101.30
223.58, 348.40, 226.23
226.28, 345.01, 351.15
218.53, 476.72, 104.74
221.23, 473.33, 229.67
223.93, 469.94, 354.59
348.18, 229.29, 95.23
350.88, 225.90, 220.15
353.58, 222.51, 345.08
345.83, 354.22, 98.67
348.53, 350.83, 223.59
351.23, 347.44, 348.52
343.48, 479.15, 102.11
346.18, 475.76, 227.03
348.87, 472.37, 351.96
99.52, 224.16, 226.18
103.01, 223.99, 351.13
106.51, 223.83, 476.08
101.87, 349.14, 226.28
105.36, 348.97, 351.23
108.86, 348.81, 476.18
104.22, 474.11, 226.38
107.71, 473.95, 351.33
111.21, 473.78, 476.28
224.45, 221.81, 222.69
227.94, 221.65, 347.64
231.44, 221.48, 472.59
226.80, 346.79, 222.79
230.29, 346.62, 347.74
233.79, 346.46, 472.69
229.15, 471.77, 222.88
232.64, 471.60, 347.84
236.14, 471.44, 472.79
349.38, 219.46, 219.19
352.87, 219.30, 344.14
356.37, 219.13, 469.09
351.73, 344.44, 219.29
355.22, 344.28, 344.24
358.72, 344.11, 469.19
354.08, 469.42, 219.39
357.57, 469.26, 344.34
361.07, 469.09, 469.29
98.98, 225.14, 349.08
99.60, 226.03, 474.08
100.22, 226.92, 599.07
97.83, 350.13, 348.20
98.45, 351.02, 473.19
99.07, 351.91, 598.19
96.68, 475.12, 347.31
97.30, 476.01, 472.31
97.92, 476.90, 597.30
223.98, 226.28, 348.46
224.60, 227.17, 473.45
225.22, 228.07, 598.45
222.83, 351.28, 347.57
223.45, 352.17, 472.57
224.07, 353.06, 597.56
221.68, 476.27, 346.69
222.30, 477.16, 471.68
222.91, 478.05, 596.68
348.97, 227.43, 347.83
349.59, 228.32, 472.82
350.21, 229.21, 597.82
347.82, 352.42, 346.94
348.44, 353.31, 471.94
349.06, 354.20, 596.93
346.67, 477.41, 346.06
347.29, 478.30, 471.05
347.91, 479.19, 596.05
101.26, 223.31, 475.50
98.11, 219.69, 600.41
94.96, 216.07, 725.32
100.71, 348.25, 479.11
97.56, 344.63, 604.02
94.41, 341.01, 728.92
100.16, 473.20, 482.72
97.01, 469.58, 607.62
93.86, 465.96, 732.53
226.22, 223.77, 478.66
223.07, 220.14, 603.57
219.92, 216.52, 728.48
225.67, 348.71, 482.27
222.52, 345.09, 607.18
219.37, 341.47, 732.09
225.12, 473.66, 485.88
221.97, 470.04, 610.79
218.82, 466.42, 735.69
351.17, 224.22, 481.82
348.03, 220.60, 606.73
344.88, 216.98, 731.64
350.62, 349.17, 485.43
347.48, 345.55, 610.34
344.33, 341.93, 735.25
350.08, 474.12, 489.04
346.93, 470.50, 613.95
343.78, 466.88, 738.86
98.79, 225.89, 598.52
100.51, 223.99, 723.50
102.23, 222.09, 848.47
97.33, 350.87, 600.44
99.05, 348.97, 725.42
100.77, 347.07, 850.39
95.88, 475.84, 602.36
97.60, 473.94, 727.33
99.31, 472.04, 852.31
223.77, 227.37, 596.83
225.49, 225.47, 721.80
227.21, 223.57, 846.77
222.31, 352.35, 598.75
224.03, 350.45, 723.72
225.75, 348.55, 848.69
220.86, 477.33, 600.67
222.58, 475.43, 725.64
224.29, 473.53, 850.61
348.75, 228.85, 595.13
350.47, 226.95, 720.10
352.19, 225.05, 845.08
347.29, 353.83, 597.05
349.01, 351.93, 722.02
350.73, 350.03, 847.00
345.84, 478.81, 598.97
347.56, 476.91, 723.94
349.27, 475.01, 848.92
98.68, 349.81, 101.71
101.93, 347.47, 226.64
105.18, 345.14, 351.58
99.12, 474.79, 104.03
102.37, 472.45, 228.97
105.62, 470.11, 353.91
99.56, 599.76, 106.36
102.81, 597.43, 231.30
106.06, 595.09, 356.23
223.64, 349.43, 98.45
226.89, 347.09, 223.39
230.14, 344.76, 348.32
224.08, 474.41, 100.78
227.33, 472.07, 225.71
230.58, 469.73, 350.65
224.52, 599.39, 103.10
227.77, 597.05, 228.04
231.02, 594.71, 352.98
348.60, 349.05, 95.19
351.85, 346.71, 220.13
355.10, 344.38, 345.07
349.04, 474.03, 97.52
352.29, 471.69, 222.46
355.53, 469.36, 347.39
349.48, 599.01, 99.85
352.72, 596.67, 224.78
355.97, 594.33, 349.72
100.82, 348.08, 225.07
103.00, 350.35, 350.03
105.18, 352.62, 474.99
99.82, 473.06, 222.82
102.00, 475.32, 347.78
104.18, 477.59, 472.74
98.82, 598.03, 220.57
101.00, 600.30, 345.53
103.18, 602.57, 470.49
225.80, 349.04, 222.87
227.98, 351.31, 347.83
230.16, 353.58, 472.79
224.80, 474.01, 220.62
226.98, 476.28, 345.58
229.16, 478.55, 470.54
223.80, 598.99, 218.37
225.98, 601.26, 343.33
228.16, 603.53, 468.29
350.78, 350.00, 220.67
352.96, 352.27, 345.64
355.14, 354.54, 470.60
349.78, 474.97, 218.42
351.96, 477.24, 343.38
354.14, 479.51, 468.34
348.78, 599.95, 216.17
350.96, 602.22, 341.13
353.14, 604.49, 466.09
99.48, 350.78, 351.55
101.72, 350.68, 476.53
103.95, 350.57, 601.51
98.20, 475.78, 351.67
100.43, 475.67, 476.65
102.66, 475.57, 601.63
96.92, 600.77, 351.80
99.15, 600.66, 476.78
101.38, 600.56, 601.76
224.46, 352.07, 349.32
226.69, 351.96, 474.30
228.92, 351.86, 599.28
223.17, 477.06, 349.44
225.40, 476.96, 474.42
227.64, 476.85, 599.40
221.89, 602.06, 349.57
224.12, 601.95, 474.55
226.35, 601.85, 599.53
349.43, 353.36, 347.09
351.66, 353.25, 472.07
353.89, 353.15, 597.05
348.15, 478.35, 347.21
350.38, 478.24, 472.19
352.61, 478.14, 597.17
346.86, 603.34, 347.34
349.09, 603.24, 472.32
351.32, 603.13, 597.30
100.49, 350.07, 476.41
98.68, 349.26, 601.40
96.86, 348.45, 726.38
97.68, 475.03, 477.18
95.87, 474.22, 602.17
94.05, 473.41, 727.15
94.87, 600.00, 477.95
93.05, 599.19, 602.94
91.24, 598.38, 727.92
225.45, 352.87, 478.25
223.63, 352.06, 603.23
221.82, 351.25, 728.22
222.64, 477.83, 479.02
220.82, 477.02, 604.00
219.00, 476.21, 728.98
219.82, 602.80, 479.79
218.01, 601.99, 604.77
216.19, 601.18, 729.75
350.40, 355.67, 480.08
348.59, 354.86, 605.06
346.77, 354.05, 730.05
347.59, 480.64, 480.85
345.78, 479.83, 605.83
343.96, 479.01, 730.82
344.78, 605.60, 481.62
342.96, 604.79, 606.60
341.15, 603.98, 731.59
99.89, 350.13, 599.57
99.11, 348.13, 724.55
98.34, 346.13, 849.53
96.37, 475.06, 601.55
95.59, 473.06, 726.53
94.82, 471.06, 851.51
92.85, 600.00, 603.53
92.07, 598.00, 728.51
91.30, 596.00, 853.49
224.83, 353.64, 600.40
224.06, 351.64, 725.38
223.29, 349.63, 850.36
221.31, 478.57, 602.38
220.54, 476.57, 727.36
219.77, 474.57, 852.34
217.79, 603.51, 604.36
217.02, 601.50, 729.34
216.25, 599.50, 854.32
349.78, 357.14, 601.23
349.01, 355.14, 726.21
348.24, 353.14, 851.19
346.26, 482.08, 603.21
345.49, 480.08, 728.19
344.72, 478.07, 853.17
342.74, 607.01, 605.19
341.97, 605.01, 730.17
341.20, 603.01, 855.15
98.56, 477.00, 101.23
98.86, 480.42, 226.19
99.16, 483.83, 351.14
100.86, 601.93, 97.81
101.16, 605.35, 222.76
101.46, 608.77, 347.72
103.16, 726.86, 94.39
103.46, 730.28, 219.34
103.75, 733.70, 344.29
223.54, 474.69, 101.00
223.84, 478.11, 225.95
224.14, 481.53, 350.91
225.84, 599.63, 97.58
226.14, 603.04, 222.53
226.43, 606.46, 347.48
228.14, 724.56, 94.15
228.44, 727.98, 219.11
228.73, 731.39, 344.06
348.52, 472.39, 100.77
348.82, 475.81, 225.72
349.11, 479.22, 350.67
350.82, 597.32, 97.34
351.12, 600.74, 222.30
351.41, 604.16, 347.25
353.12, 722.25, 93.92
353.41, 725.67, 218.87
353.71, 729.09, 343.83
98.25, 476.18, 224.44
98.00, 474.61, 349.43
97.74, 473.03, 474.42
98.44, 601.17, 226.02
98.19, 599.60, 351.01
97.93, 598.02, 476.00
98.63, 726.16, 227.59
98.38, 724.59, 352.58
98.12, 723.01, 477.57
223.25, 475.99, 224.69
223.00, 474.41, 349.68
222.74, 472.84, 474.67
223.44, 600.98, 226.27
223.19, 599.40, 351.26
222.93, 597.83, 476.25
223.63, 725.97, 227.85
223.37, 724.39, 352.84
223.12, 722.82, 477.83
348.25, 475.80, 224.94
348.00, 474.22, 349.93
347.74, 472.64, 474.92
348.44, 600.79, 226.52
348.18, 599.21, 351.51
347.93, 597.63, 476.50
348.63, 725.78, 228.10
348.37, 724.20, 353.09
348.12, 722.62, 478.08
99.67, 476.22, 351.55
96.30, 479.44, 476.47
92.93, 482.66, 601.38
99.05, 601.18, 348.32
95.68, 604.40, 473.23
92.32, 607.62, 598.14
98.43, 726.13, 345.08
95.07, 729.35, 469.99
91.70, 732.57, 594.91
224.62, 476.92, 354.90
221.25, 480.14, 479.81
217.89, 483.36, 604.73
224.00, 601.88, 351.66
220.64, 605.10, 476.58
217.27, 608.32, 601.49
223.39, 726.84, 348.43
220.02, 730.06, 473.34
216.66, 733.28, 598.25
349.57, 477.63, 358.25
346.21, 480.85, 483.16
342.84, 484.07, 608.08
348.96, 602.58, 355.01
345.59, 605.80, 479.93
342.23, 609.02, 604.84
348.34, 727.54, 351.78
344.97, 730.76, 476.69
341.61, 733.98, 601.60
101.67, 476.75, 476.22
103.27, 479.57, 601.18
104.88, 482.39, 726.14
103.63, 601.70, 473.38
105.24, 604.52, 598.33
106.85, 607.34, 723.29
105.60, 726.65, 470.53
107.21, 729.47, 595.49
108.82, 732.29, 720.44
226.64, 474.74, 474.66
228.25, 477.56, 599.61
229.86, 480.38, 724.57
228.61, 599.70, 471.81
230.22, 602.52, 596.77
231.82, 605.34, 721.73
230.57, 724.65, 468.96
232.18, 727.47, 593.92
233.79, 730.29, 718.88
351.61, 472.74, 473.09
353.22, 475.56, 598.05
354.83, 478.38, 723.01
353.58, 597.69, 470.25
355.19, 600.51, 595.20
356.80, 603.33, 720.16
355.55, 722.64, 467.40
357.16, 725.47, 592.36
358.77, 728.29, 717.32
99.55, 473.88, 598.65
100.60, 477.39, 723.59
101.65, 480.89, 848.54
96.85, 598.81, 595.16
97.90, 602.31, 720.11
98.95, 605.82, 845.06
94.15, 723.73, 591.68
95.20, 727.23, 716.63
96.26, 730.74, 841.58
224.52, 476.55, 597.52
225.57, 480.06, 722.47
226.62, 483.56, 847.41
221.82, 601.47, 594.04
222.87, 604.98, 718.98
223.92, 608.48, 843.93
219.12, 726.40, 590.56
220.17, 729.90, 715.50
221.22, 733.41, 840.45
349.48, 479.22, 596.39
350.53, 482.72, 721.34
351.59, 486.23, 846.29
346.78, 604.14, 592.91
347.84, 607.65, 717.86
348.89, 611.15, 842.80
344.08, 729.06, 589.43
345.14, 732.57, 714.38
346.19, 736.07, 839.32
98.43, 600.61, 101.52
100.25, 600.73, 226.51
102.08, 600.85, 351.49
94.93, 725.56, 101.45
96.76, 725.68, 226.43
98.58, 725.81, 351.42
91.44, 850.51, 101.37
93.26, 850.63, 226.36
95.08, 850.76, 351.35
223.37, 604.10, 99.70
225.19, 604.23, 224.68
227.01, 604.35, 349.67
219.87, 729.05, 99.62
221.69, 729.18, 224.61
223.52, 729.30, 349.60
216.37, 854.00, 99.55
218.20, 854.13, 224.54
220.02, 854.25, 349.52
348.31, 607.60, 97.87
350.13, 607.72, 222.86
351.95, 607.85, 347.84
344.81, 732.55, 97.80
346.63, 732.67, 222.78
348.45, 732.80, 347.77
341.31, 857.50, 97.72
343.13, 857.62, 222.71
344.96, 857.75, 347.70
100.98, 598.20, 223.19
100.85, 600.12, 348.17
100.73, 602.04, 473.16
102.40, 723.17, 221.27
102.28, 725.09, 346.25
102.16, 727.01, 471.24
103.83, 848.15, 219.35
103.71, 850.07, 344.33
103.59, 851.99, 469.32
225.97, 596.77, 223.33
225.84, 598.69, 348.32
225.72, 600.61, 473.30
227.40, 721.74, 221.41
227.27, 723.67, 346.40
227.15, 725.59, 471.38
228.83, 846.72, 219.49
228.70, 848.64, 344.48
228.58, 850.56, 469.46
350.96, 595.34, 223.47
350.84, 597.26, 348.46
350.71, 599.18, 473.45
352.39, 720.32, 221.56
352.27, 722.24, 346.54
352.14, 724.16, 471.53
353.82, 845.29, 219.64
353.70, 847.21, 344.62
353.57, 849.14, 469.61
100.19, 601.81, 350.99
97.08, 600.44, 475.94
93.97, 599.06, 600.90
98.89, 726.80, 352.33
95.78, 725.42, 477.29
92.67, 724.05, 602.24
97.59, 851.79, 353.68
94.48, 850.41, 478.63
91.37, 849.03, 603.59
225.14, 603.08, 354.11
222.03, 601.70, 479.07
218.92, 600.32, 604.02
223.85, 728.06, 355.46
220.74, 726.69, 480.41
217.62, 725.31, 605.37
222.55, 853.05, 356.80
219.44, 851.67, 481.76
216.33, 850.30, 606.71
350.10, 604.34, 357.24
346.99, 602.96, 482.19
343.88, 601.59, 607.15
348.80, 729.33, 358.58
345.69, 727.95, 483.54
342.58, 726.57, 608.49
347.50, 854.31, 359.93
344.39, 852.94, 484.88
341.28, 851.56, 609.84
98.78, 598.22, 474.72
97.41, 601.19, 599.68
96.03, 604.15, 724.63
102.04, 723.15, 471.79
100.67, 726.11, 596.75
99.30, 729.07, 721.71
105.31, 848.07, 468.87
103.94, 851.03, 593.82
102.56, 854.00, 718.78
223.73, 594.99, 476.17
222.36, 597.96, 601.12
220.98, 600.92, 726.08
226.99, 719.92, 473.24
225.62, 722.88, 598.20
224.25, 725.84, 723.16
230.26, 844.84, 470.32
228.89, 847.80, 595.27
227.51, 850.76, 720.23
348.68, 591.76, 477.62
347.31, 594.72, 602.57
345.93, 597.69, 727.53
351.94, 716.68, 474.69
350.57, 719.65, 599.65
349.20, 722.61, 724.61
355.21, 841.61, 471.77
353.84, 844.57, 596.72
352.46, 847.53, 721.68
101.87, 600.19, 599.98
103.86, 597.32, 724.93
105.86, 594.45, 849.88
103.90, 725.14, 602.81
105.89, 722.27, 727.76
107.89, 719.40, 852.71
105.93, 850.09, 605.65
107.92, 847.22, 730.60
109.92, 844.35, 855.55
226.84, 598.20, 597.94
228.83, 595.33, 722.89
230.82, 592.47, 847.84
228.87, 723.15, 600.77
230.86, 720.29, 725.73
232.85, 717.42, 850.68
230.90, 848.10, 603.61
232.89, 845.24, 728.56
234.88, 842.37, 853.51
351.81, 596.22, 595.90
353.80, 593.35, 720.85
355.79, 590.48, 845.80
353.84, 721.17, 598.74
355.83, 718.30, 723.69
357.82, 715.43, 848.64
355.87, 846.12, 601.57
357.86, 843.25, 726.52
359.85, 840.39, 851.47
225.54, 100.15, 101.14
226.51, 101.67, 226.13
227.47, 103.19, 351.11
226.36, 225.14, 99.62
227.32, 226.66, 224.60
228.28, 228.18, 349.59
227.17, 350.13, 98.09
228.13, 351.65, 223.08
229.09, 353.16, 348.07
350.54, 99.33, 100.19
351.50, 100.85, 225.18
352.46, 102.37, 350.16
351.35, 224.32, 98.66
352.31, 225.84, 223.65
353.27, 227.35, 348.64
352.16, 349.31, 97.14
353.12, 350.82, 222.13
354.08, 352.34, 347.11
475.53, 98.51, 99.24
476.49, 100.02, 224.22
477.45, 101.54, 349.21
476.34, 223.50, 97.71
477.30, 225.01, 222.70
478.27, 226.53, 347.69
477.15, 348.48, 96.19
478.12, 350.00, 221.18
479.08, 351.52, 346.16
225.07, 98.21, 223.32
224.21, 101.23, 348.28
223.35, 104.25, 473.24
224.75, 223.17, 220.29
223.89, 226.19, 345.25
223.03, 229.21, 470.22
224.43, 348.13, 217.27
223.57, 351.15, 342.23
222.71, 354.17, 467.19
350.07, 98.55, 224.17
349.21, 101.57, 349.13
348.35, 104.59, 474.09
349.75, 223.51, 221.15
348.89, 226.53, 346.11
348.03, 229.55, 471.07
349.43, 348.47, 218.13
348.57, 351.49, 343.09
347.71, 354.51, 468.05
475.07, 98.89, 225.02
474.21, 101.91, 349.98
473.34, 104.93, 474.94
474.75, 223.85, 222.00
473.89, 226.87, 346.96
473.02, 229.89, 471.92
474.43, 348.82, 218.98
473.57, 351.84, 343.94
472.70, 354.85, 468.90
223.30, 99.41, 348.78
220.79, 101.30, 473.74
218.29, 103.19, 598.71
219.64, 224.34, 346.82
217.13, 226.23, 471.78
214.62, 228.12, 596.74
215.97, 349.27, 344.85
213.46, 351.16, 469.81
210.95, 353.06, 594.77
348.23, 103.11, 351.24
345.72, 105.00, 476.20
343.21, 106.90, 601.16
344.56, 228.04, 349.27
342.05, 229.93, 474.23
339.54, 231.83, 599.19
340.89, 352.97, 347.30
338.38, 354.87, 472.26
335.88, 356.76, 597.22
473.15, 106.81, 353.69
470.64, 108.71, 478.65
468.13, 110.60, 603.61
469.48, 231.74, 351.72
466.97, 233.64, 476.68
464.46, 235.53, 601.64
465.81, 356.67, 349.75
463.31, 358.57, 474.71
460.80, 360.46, 599.67
226.45, 101.72, 474.73
223.33, 102.03, 599.69
220.21, 102.34, 724.65
225.69, 226.72, 474.41
222.57, 227.03, 599.37
219.45, 227.33, 724.33
224.92, 351.72, 474.08
221.80, 352.02, 599.04
218.68, 352.33, 724.00
351.41, 102.50, 477.85
348.29, 102.80, 602.81
345.17, 103.11, 727.77
350.65, 227.50, 477.52
347.53, 227.80, 602.48
344.41, 228.11, 727.45
349.88, 352.49, 477.20
346.76, 352.80, 602.16
343.64, 353.10, 727.12
476.37, 103.27, 480.97
473.25, 103.58, 605.93
470.13, 103.88, 730.89
475.60, 228.27, 480.64
472.49, 228.58, 605.60
469.37, 228.88, 730.56
474.84, 353.27, 480.32
471.72, 353.57, 605.28
468.60, 353.88, 730.24
225.43, 99.64, 599.15
221.76, 103.37, 724.04
218.09, 107.11, 848.94
227.76, 224.57, 595.49
224.09, 228.30, 720.38
220.42, 232.03, 845.27
230.10, 349.49, 591.83
226.43, 353.22, 716.72
222.76, 356.95, 841.61
350.35, 97.42, 602.89
346.68, 101.15, 727.78
343.01, 104.88, 852.67
352.69, 222.34, 599.23
349.02, 226.07, 724.12
345.35, 229.81, 849.01
355.02, 347.27, 595.57
351.35, 351.00, 720.46
347.68, 354.73, 845.35
475.28, 95.19, 606.63
471.61, 98.93, 731.52
467.94, 102.66, 856.41
477.61, 220.12, 602.96
473.94, 223.85, 727.86
470.27, 227.58, 852.75
479.95, 345.04, 599.30
476.28, 348.77, 724.19
472.61, 352.50, 849.08
225.82, 225.18, 101.97
222.73, 226.01, 226.93
219.64, 226.84, 351.89
222.39, 350.13, 101.06
219.31, 350.96, 226.02
216.22, 351.79, 350.98
218.97, 475.08, 100.15
215.89, 475.91, 225.10
212.80, 476.74, 350.06
350.73, 228.62, 105.04
347.64, 229.45, 229.99
344.56, 230.28, 354.95
347.31, 353.57, 104.12
344.22, 354.40, 229.08
341.14, 355.23, 354.04
343.89, 478.52, 103.21
340.80, 479.35, 228.17
337.72, 480.18, 353.13
475.65, 232.06, 108.10
472.56, 232.89, 233.06
469.47, 233.72, 358.02
472.22, 357.01, 107.18
469.14, 357.84, 232.14
466.05, 358.67, 357.10
468.80, 481.96, 106.27
465.72, 482.79, 231.23
462.63, 483.62, 356.19
226.68, 224.15, 224.58
225.67, 221.04, 349.54
224.66, 217.94, 474.50
226.74, 349.11, 227.69
225.73, 346.00, 352.65
224.73, 342.90, 477.60
226.81, 474.07, 230.79
225.80, 470.96, 355.75
224.79, 467.86, 480.71
351.67, 224.05, 225.59
350.66, 220.95, 350.55
349.66, 217.84, 475.50
351.74, 349.02, 228.70
350.73, 345.91, 353.65
349.72, 342.81, 478.61
351.81, 473.98, 231.80
350.80, 470.87, 356.76
349.79, 467.77, 481.72
476.67, 223.96, 226.60
475.66, 220.86, 351.55
474.65, 217.75, 476.51
476.74, 348.93, 229.70
475.73, 345.82, 354.66
474.72, 342.72, 479.62
476.80, 473.89, 232.81
475.79, 470.78, 357.77
474.78, 467.68, 482.72
225.41, 226.95, 350.75
222.16, 227.73, 475.71
218.92, 228.52, 600.66
225.17, 351.94, 349.96
221.92, 352.73, 474.91
218.68, 353.52, 599.87
224.93, 476.94, 349.17
221.69, 477.73, 474.12
218.44, 478.52, 599.08
350.36, 227.21, 354.00
347.12, 227.99, 478.95
343.87, 228.78, 603.91
350.13, 352.20, 353.20
346.88, 352.99, 478.16
343.64, 353.78, 603.11
349.89, 477.20, 352.41
346.64, 477.99, 477.36
343.40, 478.77, 602.32
475.32, 227.46, 357.24
472.08, 228.25, 482.19
468.83, 229.04, 607.15
475.08, 352.46, 356.44
471.84, 353.25, 481.40
468.59, 354.03, 606.36
474.84, 477.46, 355.65
471.60, 478.25, 480.61
468.36, 479.03, 605.56
225.19, 225.50, 474.72
222.59, 227.02, 599.69
219.99, 228.55, 724.65
224.82, 350.49, 473.19
222.22, 352.01, 598.16
219.62, 353.54, 723.12
224.44, 475.48, 471.66
221.84, 477.00, 596.62
219.24, 478.53, 721.59
350.16, 225.90, 477.32
347.56, 227.43, 602.28
344.96, 228.95, 727.25
349.79, 350.89, 475.79
347.19, 352.42, 600.75
344.59, 353.94, 725.71
349.42, 475.88, 474.25
346.82, 477.41, 599.22
344.22, 478.93, 724.18
475.13, 226.31, 479.91
472.53, 227.83, 604.88
469.94, 229.36, 729.84
474.76, 351.30, 478.38
472.16, 352.82, 603.34
469.56, 354.35, 728.31
474.39, 476.29, 476.85
471.79, 477.81, 601.81
469.19, 479.34, 726.78
224.24, 226.93, 600.21
225.29, 225.68, 725.20
226.34, 224.43, 850.19
224.74, 351.92, 601.46
225.79, 350.67, 726.45
226.84, 349.42, 851.44
225.23, 476.91, 602.70
226.28, 475.66, 727.69
227.34, 474.41, 852.68
349.24, 226.44, 599.16
350.29, 225.19, 724.15
351.34, 223.94, 849.13
349.73, 351.43, 600.40
350.78, 350.19, 725.39
351.83, 348.94, 850.38
350.23, 476.43, 601.65
351.28, 475.18, 726.64
352.33, 473.93, 851.63
474.23, 225.96, 598.10
475.28, 224.71, 723.09
476.33, 223.46, 848.08
474.73, 350.95, 599.35
475.78, 349.70, 724.34
476.83, 348.45, 849.33
475.22, 475.94, 600.59
476.27, 474.69, 725.58
477.32, 473.44, 850.57
225.23, 349.16, 101.63
224.77, 346.13, 226.59
224.31, 343.09, 351.55
221.98, 474.08, 104.65
221.52, 471.05, 229.61
221.06, 468.02, 354.57
218.72, 599.00, 107.67
218.27, 595.97, 232.63
217.81, 592.94, 357.59
350.18, 352.40, 102.16
349.73, 349.37, 227.13
349.27, 346.33, 352.09
346.93, 477.32, 105.18
346.48, 474.29, 230.15
346.02, 471.26, 355.11
343.68, 602.24, 108.20
343.22, 599.21, 233.16
342.77, 596.18, 358.13
475.14, 355.64, 102.70
474.68, 352.61, 227.66
474.23, 349.57, 352.62
471.89, 480.56, 105.72
471.43, 477.53, 230.68
470.98, 474.49, 355.64
468.64, 605.48, 108.74
468.18, 602.45, 233.70
467.72, 599.42, 358.66
223.53, 349.98, 223.88
223.92, 349.28, 348.88
224.31, 348.59, 473.87
222.92, 474.98, 224.58
223.31, 474.28, 349.58
223.70, 473.58, 474.57
222.31, 599.97, 225.28
222.70, 599.28, 350.28
223.09, 598.58, 475.27
348.53, 350.59, 223.49
348.92, 349.89, 348.49
349.31, 349.20, 473.49
347.92, 475.59, 224.19
348.31, 474.89, 349.19
348.70, 474.19, 474.19
347.31, 600.58, 224.89
347.70, 599.89, 349.89
348.09, 599.19, 474.89
473.53, 351.20, 223.11
473.92, 350.51, 348.11
474.30, 349.81, 473.10
472.92, 476.20, 223.81
473.31, 475.50, 348.81
473.69, 474.81, 473.80
472.31, 601.20, 224.51
472.70, 600.50, 349.50
473.08, 599.80, 474.50
225.44, 351.94, 349.38
227.82, 355.58, 474.30
230.20, 359.21, 599.23
225.01, 476.89, 345.75
227.40, 480.52, 470.68
229.78, 484.15, 595.60
224.59, 601.84, 342.13
226.97, 605.47, 467.05
229.35, 609.10, 591.98
350.42, 352.30, 346.98
352.80, 355.93, 471.91
355.18, 359.56, 596.83
349.99, 477.25, 343.36
352.37, 480.88, 468.28
354.75, 484.51, 593.21
349.57, 602.19, 339.74
351.95, 605.82, 464.66
354.33, 609.46, 589.59
475.39, 352.66, 344.59
477.77, 356.29, 469.52
480.16, 359.92, 594.44
474.97, 477.60, 340.97
477.35, 481.23, 465.89
479.73, 484.87, 590.82
474.54, 602.55, 337.34
476.92, 606.18, 462.27
479.30, 609.81, 587.19
224.13, 348.20, 473.28
221.99, 351.44, 598.22
219.85, 354.67, 723.16
220.51, 473.10, 469.99
218.37, 476.34, 594.93
216.23, 479.58, 719.87
216.88, 598.01, 466.69
214.74, 601.24, 591.63
212.60, 604.48, 716.57
349.06, 351.88, 475.33
346.92, 355.12, 600.27
344.78, 358.35, 725.21
345.44, 476.78, 472.03
343.29, 480.02, 596.97
341.15, 483.26, 721.91
341.81, 601.69, 468.73
339.67, 604.92, 593.67
337.53, 608.16, 718.61
473.99, 355.56, 477.37
471.85, 358.80, 602.31
469.71, 362.03, 727.25
470.36, 480.46, 474.08
468.22, 483.70, 599.02
466.08, 486.94, 723.96
466.74, 605.37, 470.78
464.60, 608.61, 595.72
462.46, 611.84, 720.66
224.01, 351.58, 600.78
221.23, 354.26, 725.72
218.45, 356.93, 850.66
223.56, 476.55, 598.09
220.78, 479.23, 723.03
218.00, 481.90, 847.97
223.11, 601.52, 595.40
220.33, 604.20, 720.34
217.55, 606.87, 845.28
348.98, 352.09, 603.55
346.20, 354.77, 728.49
343.42, 357.45, 853.43
348.53, 477.06, 600.86
345.75, 479.74, 725.80
342.97, 482.42, 850.74
348.08, 602.03, 598.17
345.30, 604.71, 723.11
342.52, 607.39, 848.05
473.95, 352.60, 606.32
471.17, 355.28, 731.26
468.39, 357.96, 856.20
473.50, 477.57, 603.63
470.72, 480.25, 728.57
467.94, 482.93, 853.51
473.04, 602.54, 600.94
470.26, 605.22, 725.88
467.48, 607.90, 850.82
223.90, 474.54, 99.57
226.61, 474.71, 224.54
229.32, 474.88, 349.52
220.39, 599.49, 99.48
223.10, 599.66, 224.45
225.81, 599.84, 349.42
216.88, 724.44, 99.38
219.59, 724.62, 224.36
222.30, 724.79, 349.33
348.82, 478.05, 96.86
351.53, 478.22, 221.83
354.24, 478.39, 346.80
345.31, 603.00, 96.76
348.02, 603.17, 221.74
350.73, 603.34, 346.71
341.80, 727.95, 96.67
344.51, 728.12, 221.64
347.22, 728.29, 346.61
473.74, 481.55, 94.14
476.45, 481.72, 219.12
479.16, 481.89, 344.09
470.23, 606.50, 94.05
472.94, 606.67, 219.02
475.65, 606.85, 343.99
466.72, 731.45, 93.95
469.43, 731.62, 218.93
472.15, 731.80, 343.90
223.17, 473.45, 223.11
219.60, 471.54, 348.04
216.03, 469.64, 472.98
221.68, 598.42, 224.97
218.11, 596.52, 349.90
214.54, 594.62, 474.84
220.19, 723.40, 226.83
216.62, 721.50, 351.76
213.06, 719.60, 476.70
348.11, 474.88, 226.70
344.54, 472.98, 351.63
340.97, 471.08, 476.57
346.62, 599.86, 228.56
343.05, 597.96, 353.49
339.48, 596.06, 478.43
345.13, 724.83, 230.42
341.56, 722.93, 355.35
338.00, 721.03, 480.28
473.05, 476.31, 230.29
469.48, 474.41, 355.22
465.91, 472.51, 480.16
471.56, 601.29, 232.15
467.99, 599.39, 357.08
464.42, 597.49, 482.01
470.07, 726.27, 234.00
466.50, 724.37, 358.94
462.94, 722.47, 483.87
225.82, 473.16, 350.76
225.32, 470.66, 475.73
224.82, 468.16, 600.70
224.35, 598.12, 353.25
223.85, 595.63, 478.22
223.35, 593.13, 603.19
222.87, 723.09, 355.74
222.37, 720.59, 480.71
221.87, 718.10, 605.69
350.81, 474.62, 351.28
350.31, 472.13, 476.26
349.82, 469.63, 601.23
349.34, 599.59, 353.77
348.84, 597.09, 478.75
348.34, 594.59, 603.72
347.86, 724.56, 356.27
347.36, 722.06, 481.24
346.86, 719.56, 606.21
475.80, 476.09, 351.81
475.30, 473.59, 476.79
474.81, 471.09, 601.76
474.33, 601.05, 354.30
473.83, 598.56, 479.28
473.33, 596.06, 604.25
472.85, 726.02, 356.79
472.35, 723.52, 481.77
471.86, 721.03, 606.74
224.71, 476.34, 473.84
222.98, 475.72, 598.83
221.25, 475.10, 723.82
221.56, 601.30, 474.42
219.83, 600.68, 599.40
218.11, 600.06, 724.39
218.41, 726.26, 474.99
216.68, 725.64, 599.98
214.96, 725.02, 724.96
349.65, 479.48, 475.59
347.93, 478.86, 600.57
346.20, 478.24, 725.56
346.51, 604.44, 476.16
344.78, 603.82, 601.15
343.05, 603.20, 726.13
343.36, 729.40, 476.73
341.63, 728.78, 601.72
339.91, 728.16, 726.71
474.60, 482.62, 477.33
472.88, 482.00, 602.31
471.15, 481.38, 727.30
471.45, 607.58, 477.90
469.73, 606.96, 602.89
468.00, 606.34, 727.87
468.31, 732.54, 478.47
466.58, 731.92, 603.46
464.85, 731.30, 728.45
223.83, 473.73, 601.88
223.09, 471.99, 726.87
222.35, 470.25, 851.86
223.09, 598.71, 603.62
222.35, 596.97, 728.60
221.60, 595.24, 853.59
222.34, 723.70, 605.35
221.60, 721.96, 730.34
220.86, 720.22, 855.32
348.83, 474.46, 602.64
348.09, 472.73, 727.62
347.35, 470.99, 852.61
348.08, 599.45, 604.37
347.34, 597.71, 729.36
346.60, 595.97, 854.34
347.34, 724.44, 606.10
346.59, 722.70, 731.09
345.85, 720.96, 856.08
473.83, 475.20, 603.39
473.08, 473.46, 728.37
472.34, 471.72, 853.36
473.08, 600.19, 605.12
472.34, 598.45, 730.11
471.60, 596.71, 855.09
472.33, 725.17, 606.86
471.59, 723.43, 731.84
470.85, 721.69, 856.83
224.24, 598.94, 98.45
225.25, 595.69, 223.41
226.25, 592.43, 348.36
225.78, 723.89, 101.69
226.78, 720.63, 226.65
227.79, 717.38, 351.60
227.32, 848.84, 104.94
228.32, 845.58, 229.89
229.32, 842.33, 354.84
349.23, 597.43, 97.41
350.23, 594.18, 222.36
351.23, 590.92, 347.32
350.77, 722.38, 100.65
351.77, 719.12, 225.61
352.77, 715.87, 350.56
352.31, 847.33, 103.89
353.31, 844.07, 228.85
354.31, 840.82, 353.80
474.22, 595.92, 96.37
475.22, 592.66, 221.32
476.22, 589.41, 346.28
475.76, 720.87, 99.61
476.76, 717.61, 224.56
477.76, 714.36, 349.52
477.29, 845.82, 102.85
478.29, 842.56, 227.81
479.30, 839.31, 352.76
226.11, 601.03, 223.75
228.34, 598.38, 348.71
230.57, 595.73, 473.66
226.50, 726.00, 226.40
228.73, 723.35, 351.35
230.96, 720.70, 476.30
226.90, 850.97, 229.04
229.13, 848.32, 353.99
231.36, 845.68, 478.94
351.09, 600.68, 221.51
353.32, 598.03, 346.47
355.55, 595.39, 471.42
351.48, 725.65, 224.16
353.71, 723.01, 349.11
355.94, 720.36, 474.06
351.87, 850.63, 226.80
354.11, 847.98, 351.75
356.34, 845.33, 476.70
476.06, 600.34, 219.28
478.30, 597.69, 344.23
480.53, 595.04, 469.18
476.46, 725.31, 221.92
478.69, 722.66, 346.87
480.92, 720.01, 471.82
476.85, 850.28, 224.56
479.09, 847.63, 349.51
481.32, 844.98, 474.46
224.75, 598.91, 348.93
227.20, 601.60, 473.88
229.65, 604.28, 598.82
226.41, 723.87, 346.21
228.86, 726.56, 471.16
231.32, 729.24, 596.10
228.07, 848.83, 343.49
230.52, 851.52, 468.44
232.98, 854.20, 593.38
349.71, 597.20, 346.51
352.17, 599.88, 471.46
354.62, 602.57, 596.41
351.37, 722.15, 343.79
353.83, 724.84, 468.74
356.28, 727.53, 593.69
353.03, 847.11, 341.07
355.49, 849.80, 466.02
357.94, 852.49, 590.96
474.68, 595.48, 344.09
477.13, 598.17, 469.04
479.58, 600.86, 593.99
476.34, 720.44, 341.37
478.79, 723.13, 466.32
481.25, 725.82, 591.27
478.00, 845.40, 338.65
480.45, 848.09, 463.60
482.91, 850.78, 588.55
226.73, 600.03, 474.27
224.68, 596.42, 599.20
222.63, 592.81, 724.13
227.29, 724.97, 477.89
225.24, 721.37, 602.82
223.19, 717.76, 727.75
227.86, 849.92, 481.50
225.80, 846.31, 606.43
223.75, 842.71, 731.37
351.71, 599.41, 476.30
349.66, 595.80, 601.24
347.61, 592.19, 726.17
352.28, 724.35, 479.92
350.22, 720.75, 604.85
348.17, 717.14, 729.78
352.84, 849.30, 483.54
350.78, 845.69, 608.47
348.73, 842.08, 733.40
476.70, 598.79, 478.34
474.64, 595.18, 603.27
472.59, 591.57, 728.20
477.26, 723.73, 481.96
475.20, 720.13, 606.89
473.15, 716.52, 731.82
477.82, 848.68, 485.58
475.77, 845.07, 610.51
473.71, 841.46, 735.44
223.77, 598.29, 599.28
224.25, 595.30, 724.25
224.73, 592.30, 849.21
221.62, 723.23, 602.28
222.10, 720.24, 727.25
222.59, 717.25, 852.21
219.48, 848.18, 605.28
219.96, 845.19, 730.25
220.44, 842.19, 855.21
348.75, 600.45, 598.85
349.23, 597.45, 723.82
349.71, 594.46, 848.78
346.60, 725.39, 601.85
347.08, 722.40, 726.82
347.57, 719.41, 851.78
344.46, 850.34, 604.85
344.94, 847.34, 729.82
345.42, 844.35, 854.78
473.73, 602.60, 598.42
474.21, 599.61, 723.39
474.69, 596.62, 848.35
471.58, 727.55, 601.42
472.07, 724.56, 726.39
472.55, 721.56, 851.35
469.44, 852.49, 604.42
469.92, 849.50, 729.39
470.40, 846.51, 854.35
349.02, 100.26, 100.51
349.54, 98.32, 225.50
350.06, 96.38, 350.48
348.42, 225.24, 102.46
348.94, 223.30, 227.44
349.46, 221.36, 352.42
347.82, 350.23, 104.40
348.34, 348.28, 229.38
348.86, 346.34, 354.37
474.02, 100.87, 100.00
474.54, 98.93, 224.99
475.06, 96.99, 349.97
473.42, 225.85, 101.95
473.94, 223.91, 226.93
474.46, 221.97, 351.91
472.81, 350.84, 103.89
473.33, 348.90, 228.87
473.85, 346.96, 353.86
599.02, 101.48, 99.49
599.54, 99.54, 224.47
600.06, 97.60, 349.46
598.41, 226.46, 101.43
598.93, 224.52, 226.42
599.46, 222.58, 351.40
597.81, 351.45, 103.38
598.33, 349.51, 228.36
598.85, 347.57, 353.34
350.49, 98.74, 226.08
351.65, 101.60, 351.04
352.80, 104.45, 476.00
350.84, 223.71, 223.22
352.00, 226.56, 348.18
353.15, 229.42, 473.14
351.19, 348.68, 220.36
352.34, 351.53, 345.32
353.50, 354.38, 470.29
475.48, 98.37, 224.93
476.64, 101.22, 349.89
477.80, 104.08, 474.85
475.83, 223.34, 222.07
476.99, 226.19, 347.03
478.15, 229.04, 471.99
476.18, 348.30, 219.21
477.34, 351.16, 344.18
478.49, 354.01, 469.14
600.48, 98.00, 223.78
601.64, 100.85, 348.74
602.79, 103.70, 473.70
600.83, 222.96, 220.92
601.98, 225.82, 345.88
603.14, 228.67, 470.84
601.17, 347.93, 218.06
602.33, 350.78, 343.03
603.49, 353.64, 467.99
351.70, 99.37, 351.34
351.91, 99.98, 476.34
352.13, 100.59, 601.34
353.00, 224.36, 350.73
353.22, 224.97, 475.73
353.44, 225.58, 600.73
354.31, 349.35, 350.12
354.52, 349.96, 475.12
354.74, 350.57, 600.12
476.69, 98.06, 351.13
476.91, 98.67, 476.13
477.12, 99.28, 601.13
478.00, 223.06, 350.52
478.21, 223.67, 475.52
478.43, 224.28, 600.52
479.30, 348.05, 349.91
479.52, 348.66, 474.91
479.73, 349.27, 599.90
601.68, 96.76, 350.92
601.90, 97.37, 475.92
602.12, 97.98, 600.92
602.99, 221.75, 350.31
603.21, 222.36, 475.31
603.42, 222.97, 600.31
604.29, 346.74, 349.70
604.51, 347.35, 474.70
604.73, 347.96, 599.69
348.41, 99.79, 473.31
345.80, 101.11, 598.27
343.18, 102.43, 723.24
351.94, 224.74, 472.06
349.32, 226.06, 597.03
346.70, 227.37, 722.00
355.47, 349.68, 470.82
352.85, 351.00, 595.79
350.23, 352.32, 720.75
473.34, 96.29, 475.96
470.72, 97.61, 600.93
468.10, 98.93, 725.89
476.86, 221.24, 474.72
474.25, 222.56, 599.68
471.63, 223.87, 724.65
480.39, 346.18, 473.47
477.77, 347.50, 598.44
475.15, 348.82, 723.40
598.26, 92.80, 478.62
595.64, 94.11, 603.58
593.02, 95.43, 728.55
601.79, 217.74, 477.37
599.17, 219.06, 602.34
596.55, 220.38, 727.30
605.31, 342.68, 476.13
602.69, 344.00, 601.09
600.08, 345.32, 726.06
348.88, 100.32, 598.07
346.39, 101.66, 723.04
343.90, 102.99, 848.01
346.70, 225.30, 596.69
344.20, 226.63, 721.66
341.71, 227.97, 846.63
344.51, 350.27, 595.31
342.02, 351.61, 720.28
339.52, 352.94, 845.25
473.84, 102.54, 600.54
471.35, 103.87, 725.51
468.85, 105.21, 850.48
471.65, 227.51, 599.16
469.16, 228.85, 724.13
466.67, 230.18, 849.10
469.47, 352.48, 597.78
466.97, 353.82, 722.75
464.48, 355.15, 847.72
598.80, 104.75, 603.01
596.30, 106.09, 727.98
593.81, 107.42, 852.95
596.61, 229.72, 601.63
594.12, 231.06, 726.60
591.62, 232.40, 851.57
594.42, 354.70, 600.25
591.93, 356.03, 725.22
589.43, 357.37, 850.19
349.49, 223.22, 100.85
348.09, 225.70, 225.82
346.70, 228.17, 350.79
348.46, 348.19, 98.37
347.07, 350.67, 223.33
345.68, 353.15, 348.30
347.44, 473.17, 95.88
346.05, 475.64, 220.85
344.65, 478.12, 345.81
474.47, 224.28, 102.22
473.08, 226.75, 227.19
471.69, 229.23, 352.16
473.45, 349.25, 99.74
472.06, 351.72, 224.70
470.67, 354.20, 349.67
472.42, 474.22, 97.25
471.03, 476.69, 222.22
469.64, 479.17, 347.19
599.46, 225.33, 103.59
598.07, 227.80, 228.56
596.68, 230.28, 353.53
598.44, 350.30, 101.11
597.05, 352.77, 226.08
595.65, 355.25, 351.04
597.41, 475.27, 98.62
596.02, 477.74, 223.59
594.63, 480.22, 348.56
348.12, 225.33, 224.52
347.17, 225.37, 349.52
346.23, 225.40, 474.51
351.63, 350.28, 224.51
350.69, 350.32, 349.51
349.74, 350.35, 474.51
355.15, 475.23, 224.51
354.20, 475.27, 349.50
353.26, 475.30, 474.50
473.06, 221.82, 225.47
472.12, 221.85, 350.46
471.17, 221.89, 475.46
476.58, 346.77, 225.46
475.63, 346.80, 350.46
474.69, 346.84, 475.45
480.09, 471.72, 225.45
479.15, 471.75, 350.45
478.20, 471.79, 475.44
598.01, 218.30, 226.41
597.07, 218.34, 351.41
596.12, 218.37, 476.41
601.53, 343.25, 226.41
600.58, 343.29, 351.40
599.63, 343.32, 476.40
605.04, 468.20, 226.40
604.10, 468.24, 351.39
603.15, 468.27, 476.39
349.57, 224.47, 348.06
353.08, 226.81, 472.99
356.59, 229.15, 597.92
346.27, 349.40, 345.81
349.78, 351.75, 470.74
353.30, 354.09, 595.67
342.97, 474.34, 343.56
346.49, 476.68, 468.49
350.00, 479.02, 593.42
474.48, 227.70, 344.49
477.99, 230.04, 469.42
481.50, 232.38, 594.35
471.18, 352.64, 342.24
474.69, 354.98, 467.17
478.20, 357.32, 592.10
467.88, 477.57, 339.99
471.39, 479.91, 464.92
474.91, 482.25, 589.85
599.38, 230.93, 340.92
602.90, 233.27, 465.84
606.41, 235.61, 590.77
596.09, 355.87, 338.67
599.60, 358.21, 463.60
603.11, 360.55, 588.53
592.79, 480.81, 336.42
596.30, 483.15, 461.35
599.81, 485.49, 586.28
351.16, 226.89, 473.70
351.24, 223.29, 598.64
351.32, 219.68, 723.59
352.03, 351.84, 477.30
352.11, 348.23, 602.25
352.19, 344.63, 727.20
352.90, 476.78, 480.90
352.98, 473.18, 605.85
353.06, 469.57, 730.80
476.15, 226.02, 473.59
476.23, 222.42, 598.54
476.31, 218.81, 723.49
477.02, 350.97, 477.19
477.10, 347.36, 602.14
477.19, 343.76, 727.09
477.89, 475.91, 480.80
477.98, 472.31, 605.74
478.06, 468.70, 730.69
601.15, 225.15, 473.48
601.23, 221.55, 598.43
601.31, 217.95, 723.38
602.02, 350.10, 477.09
602.10, 346.50, 602.04
602.18, 342.89, 726.98
602.89, 475.04, 480.69
602.97, 471.44, 605.64
603.05, 467.84, 730.59
350.03, 226.99, 599.60
350.84, 224.44, 724.57
351.66, 221.89, 849.54
347.61, 351.94, 602.16
348.42, 349.39, 727.14
349.23, 346.84, 852.11
345.18, 476.89, 604.73
346.00, 474.34, 729.70
346.81, 471.79, 854.67
475.01, 229.43, 598.84
475.82, 226.88, 723.81
476.63, 224.33, 848.78
472.58, 354.38, 601.40
473.39, 351.83, 726.37
474.21, 349.28, 851.34
470.16, 479.33, 603.97
470.97, 476.78, 728.94
471.78, 474.23, 853.91
599.98, 231.87, 598.07
600.79, 229.32, 723.04
601.60, 226.77, 848.02
597.56, 356.82, 600.64
598.37, 354.27, 725.61
599.18, 351.72, 850.58
595.13, 481.77, 603.21
595.94, 479.22, 728.18
596.76, 476.67, 853.15
348.85, 349.92, 101.03
347.57, 352.47, 225.99
346.28, 355.01, 350.96
347.36, 474.89, 98.47
346.07, 477.43, 223.43
344.79, 479.98, 348.40
345.87, 599.85, 95.91
344.58, 602.40, 220.88
343.30, 604.94, 345.84
473.84, 351.44, 102.28
472.55, 353.99, 227.25
471.26, 356.53, 352.22
472.35, 476.41, 99.72
471.06, 478.95, 224.69
469.77, 481.49, 349.66
470.85, 601.37, 97.16
469.57, 603.91, 222.13
468.28, 606.46, 347.10
598.82, 352.96, 103.54
597.53, 355.50, 228.51
596.25, 358.05, 353.47
597.33, 477.92, 100.98
596.04, 480.47, 225.95
594.76, 483.01, 350.91
595.84, 602.89, 98.42
594.55, 605.43, 223.39
593.27, 607.98, 348.35
349.75, 351.11, 223.72
352.97, 354.08, 348.65
356.18, 357.06, 473.57
348.10, 476.07, 220.80
351.32, 479.04, 345.72
354.53, 482.01, 470.64
346.45, 601.02, 217.87
349.66, 603.99, 342.79
352.88, 606.97, 467.71
474.70, 352.69, 220.47
477.92, 355.66, 345.39
481.13, 358.63, 470.32
473.05, 477.64, 217.54
476.26, 480.62, 342.46
479.48, 483.59, 467.39
471.39, 602.60, 214.61
474.61, 605.57, 339.54
477.83, 608.54, 464.46
599.65, 354.27, 217.22
602.86, 357.24, 342.14
606.08, 360.21, 467.06
598.00, 479.22, 214.29
601.21, 482.19, 339.21
604.43, 485.16, 464.13
596.34, 604.18, 211.36
599.56, 607.15, 336.28
602.77, 610.12, 461.21
349.47, 350.95, 351.07
347.41, 352.31, 476.05
345.35, 353.68, 601.02
349.09, 475.94, 349.70
347.03, 477.30, 474.68
344.97, 478.67, 599.65
348.71, 600.93, 348.33
346.65, 602.30, 473.30
344.59, 603.66, 598.28
474.45, 351.35, 353.13
472.39, 352.71, 478.11
470.33, 354.08, 603.08
474.07, 476.34, 351.76
472.01, 477.70, 476.73
469.95, 479.07, 601.71
473.69, 601.33, 350.39
471.63, 602.70, 475.36
469.57, 604.06, 600.34
599.43, 351.75, 355.19
597.37, 353.11, 480.16
595.31, 354.48, 605.14
599.05, 476.74, 353.81
596.99, 478.11, 478.79
594.93, 479.47, 603.77
598.68, 601.73, 352.44
596.62, 603.10, 477.42
594.55, 604.46, 602.39
349.00, 348.48, 474.71
347.65, 349.65, 599.70
346.30, 350.82, 724.69
345.42, 473.42, 473.51
344.07, 474.59, 598.49
342.72, 475.76, 723.48
341.84, 598.36, 472.30
340.49, 599.53, 597.28
339.14, 600.70, 722.27
473.94, 352.07, 476.03
472.59, 353.24, 601.02
471.24, 354.41, 726.01
470.36, 477.01, 474.82
469.01, 478.18, 599.81
467.66, 479.35, 724.80
466.78, 601.96, 473.61
465.43, 603.13, 598.60
464.08, 604.30, 723.59
598.89, 355.66, 477.35
597.53, 356.83, 602.34
596.18, 358.01, 727.32
595.30, 480.61, 476.14
593.95, 481.78, 601.13
592.60, 482.95, 726.12
591.72, 605.55, 474.93
590.37, 606.72, 599.92
589.02, 607.89, 724.91
349.28, 350.96, 600.40
349.90, 349.27, 725.39
350.52, 347.58, 850.37
350.74, 475.94, 602.08
351.36, 474.25, 727.07
351.97, 472.56, 852.06
352.19, 600.92, 603.76
352.81, 599.23, 728.75
353.43, 597.54, 853.74
474.27, 349.51, 599.76
474.89, 347.82, 724.75
475.51, 346.13, 849.74
475.73, 474.49, 601.44
476.35, 472.80, 726.43
476.96, 471.11, 851.42
477.18, 599.47, 603.13
477.80, 597.78, 728.11
478.42, 596.09, 853.10
599.26, 348.06, 599.12
599.88, 346.38, 724.11
600.50, 344.69, 849.10
600.72, 473.04, 600.81
601.34, 471.36, 725.79
601.95, 469.67, 850.78
602.17, 598.02, 602.49
602.79, 596.34, 727.47
603.41, 594.65, 852.46
350.70, 475.41, 100.59
347.27, 476.77, 225.54
343.84, 478.14, 350.48
352.01, 600.40, 99.26
348.58, 601.76, 224.21
345.15, 603.12, 349.15
353.31, 725.38, 97.93
349.88, 726.75, 222.88
346.45, 728.11, 347.82
475.64, 474.14, 104.03
472.21, 475.50, 228.98
468.78, 476.87, 353.93
476.95, 599.12, 102.71
473.52, 600.49, 227.65
470.09, 601.85, 352.60
478.26, 724.11, 101.38
474.83, 725.47, 226.32
471.40, 726.84, 351.27
600.59, 472.87, 107.48
597.16, 474.23, 232.42
593.73, 475.60, 357.37
601.90, 597.85, 106.15
598.47, 599.22, 231.09
595.04, 600.58, 356.04
603.21, 722.84, 104.82
599.78, 724.20, 229.77
596.35, 725.57, 354.71
349.47, 475.14, 223.43
352.63, 471.57, 348.34
355.79, 468.00, 473.25
352.76, 600.05, 226.91
355.92, 596.48, 351.82
359.08, 592.91, 476.73
356.05, 724.95, 230.40
359.21, 721.39, 355.31
362.36, 717.82, 480.22
474.39, 471.94, 220.18
477.55, 468.37, 345.09
480.71, 464.81, 470.00
477.67, 596.85, 223.66
480.83, 593.28, 348.57
483.99, 589.72, 473.48
480.96, 721.76, 227.15
484.12, 718.19, 352.05
487.28, 714.62, 476.96
599.30, 468.74, 216.93
602.46, 465.18, 341.84
605.62, 461.61, 466.75
602.59, 593.65, 220.41
605.75, 590.08, 345.32
608.91, 586.52, 470.23
605.88, 718.56, 223.89
609.04, 714.99, 348.80
612.20, 711.43, 473.71
349.22, 476.52, 348.95
349.32, 475.34, 473.95
349.42, 474.15, 598.94
350.58, 601.51, 350.14
350.68, 600.33, 475.13
350.78, 599.14, 600.13
351.94, 726.50, 351.32
352.04, 725.31, 476.32
352.14, 724.13, 601.31
474.22, 475.17, 348.84
474.32, 473.98, 473.84
474.42, 472.80, 598.83
475.57, 600.16, 350.03
475.67, 598.97, 475.02
475.77, 597.78, 600.01
476.93, 725.14, 351.21
477.03, 723.96, 476.20
477.13, 722.77, 601.20
599.21, 473.81, 348.73
599.31, 472.63, 473.72
599.41, 471.44, 598.72
600.57, 598.80, 349.91
600.67, 597.61, 474.91
600.77, 596.43, 599.90
601.92, 723.79, 351.10
602.02, 722.60, 476.09
602.12, 721.42, 601.09
348.02, 473.97, 473.99
346.04, 475.68, 598.96
344.06, 477.39, 723.93
347.45, 598.96, 472.27
345.47, 600.67, 597.24
343.49, 602.38, 722.21
346.87, 723.94, 470.55
344.89, 725.65, 595.52
342.91, 727.36, 720.49
473.01, 474.57, 475.96
471.03, 476.28, 600.93
469.05, 477.99, 725.90
472.43, 599.56, 474.24
470.45, 601.27, 599.21
468.47, 602.98, 724.18
471.86, 724.54, 472.52
469.88, 726.25, 597.49
467.90, 727.96, 722.46
597.99, 475.17, 477.93
596.01, 476.88, 602.90
594.03, 478.59, 727.88
597.42, 600.16, 476.21
595.44, 601.87, 601.18
593.46, 603.58, 726.16
596.84, 725.15, 474.49
594.86, 726.86, 599.46
592.88, 728.57, 724.44
348.70, 476.25, 601.22
346.95, 477.16, 726.21
345.20, 478.07, 851.19
348.01, 601.24, 600.30
346.26, 602.15, 725.29
344.52, 603.06, 850.27
347.32, 726.24, 599.38
345.58, 727.15, 724.37
343.83, 728.06, 849.35
473.68, 476.95, 602.97
471.94, 477.86, 727.95
470.19, 478.77, 852.93
473.00, 601.94, 602.05
471.25, 602.85, 727.03
469.50, 603.76, 852.01
472.31, 726.94, 601.13
470.56, 727.85, 726.11
468.82, 728.76, 851.09
598.67, 477.65, 604.71
596.92, 478.56, 729.69
595.18, 479.47, 854.68
597.98, 602.64, 603.79
596.24, 603.55, 728.77
594.49, 604.46, 853.76
597.30, 727.64, 602.87
595.55, 728.55, 727.85
593.80, 729.46, 852.84
350.00, 600.22, 98.12
351.59, 602.68, 223.09
353.19, 605.13, 348.05
351.68, 725.19, 95.65
353.28, 727.64, 220.62
354.87, 730.09, 345.58
353.36, 850.15, 93.18
354.96, 852.60, 218.14
356.55, 855.06, 343.11
474.98, 598.51, 96.56
476.57, 600.96, 221.53
478.17, 603.41, 346.49
476.66, 723.47, 94.09
478.25, 725.93, 219.06
479.85, 728.38, 344.02
478.34, 848.44, 91.62
479.94, 850.89, 216.58
481.53, 853.34, 341.55
599.95, 596.80, 95.00
601.55, 599.25, 219.97
603.14, 601.70, 344.93
601.64, 721.76, 92.53
603.23, 724.21, 217.49
604.83, 726.66, 342.46
603.32, 846.72, 90.06
604.92, 849.17, 215.02
606.51, 851.63, 339.99
348.38, 598.11, 225.28
351.42, 599.02, 350.24
354.46, 599.92, 475.20
350.11, 723.10, 224.33
353.15, 724.00, 349.29
356.19, 724.91, 474.25
351.84, 848.08, 223.38
354.88, 848.99, 348.34
357.92, 849.89, 473.30
473.33, 596.36, 222.25
476.37, 597.27, 347.21
479.41, 598.17, 472.17
475.06, 721.34, 221.30
478.10, 722.25, 346.26
481.14, 723.15, 471.22
476.79, 846.33, 220.36
479.83, 847.23, 345.32
482.87, 848.14, 470.28
598.28, 594.61, 219.22
601.32, 595.51, 344.18
604.37, 596.42, 469.14
600.01, 719.59, 218.28
603.05, 720.50, 343.24
606.09, 721.40, 468.20
601.74, 844.58, 217.33
604.78, 845.48, 342.29
607.82, 846.39, 467.25
348.82, 600.34, 348.40
347.36, 600.88, 473.39
345.90, 601.41, 598.38
350.83, 725.32, 347.89
349.37, 725.86, 472.88
347.91, 726.39, 597.87
352.84, 850.31, 347.37
351.38, 850.84, 472.37
349.92, 851.38, 597.36
473.79, 598.34, 349.86
472.34, 598.87, 474.85
470.88, 599.41, 599.84
475.80, 723.32, 349.35
474.35, 723.86, 474.34
472.89, 724.39, 599.33
477.81, 848.30, 348.84
476.36, 848.84, 473.83
474.90, 849.37, 598.82
598.77, 596.33, 351.33
597.31, 596.87, 476.32
595.85, 597.40, 601.31
600.78, 721.32, 350.81
599.32, 721.85, 475.81
597.87, 722.39, 600.80
602.79, 846.30, 350.30
601.33, 846.83, 475.29
599.88, 847.37, 600.28
351.65, 601.12, 474.20
354.49, 598.49, 599.14
357.32, 595.85, 724.08
347.99, 726.04, 476.92
350.83, 723.40, 601.86
353.66, 720.77, 726.80
344.33, 850.96, 479.64
347.16, 848.32, 604.58
350.00, 845.68, 729.52
476.57, 604.84, 471.45
479.40, 602.21, 596.39
482.23, 599.57, 721.33
472.91, 729.76, 474.17
475.74, 727.12, 599.11
478.57, 724.49, 724.05
469.25, 854.68, 476.88
472.08, 852.04, 601.82
474.91, 849.41, 726.76
601.48, 608.56, 468.69
604.32, 605.93, 593.63
607.15, 603.29, 718.57
597.82, 733.48, 471.41
600.65, 730.85, 596.35
603.49, 728.21, 721.29
594.16, 858.40, 474.13
596.99, 855.76, 599.07
599.83, 853.13, 724.01
349.53, 600.25, 598.07
352.20, 598.85, 723.03
354.87, 597.44, 848.00
349.76, 725.25, 599.47
352.43, 723.84, 724.43
355.09, 722.43, 849.40
349.99, 850.24, 600.87
352.65, 848.83, 725.83
355.32, 847.43, 850.80
474.51, 600.06, 595.40
477.17, 598.65, 720.36
479.84, 597.25, 845.33
474.73, 725.05, 596.80
477.40, 723.65, 721.76
480.06, 722.24, 846.73
474.96, 850.04, 598.20
477.62, 848.64, 723.17
480.29, 847.23, 848.13
599.48, 599.86, 592.73
602.14, 598.46, 717.69
604.81, 597.05, 842.66
599.70, 724.86, 594.13
602.37, 723.45, 719.10
605.04, 722.04, 844.06
599.93, 849.85, 595.53
602.59, 848.44, 720.50
605.26, 847.04, 845.46
474.92, 99.84, 100.32
478.25, 98.02, 225.26
481.59, 96.21, 350.20
476.81, 224.81, 102.08
480.15, 223.00, 227.02
483.48, 221.18, 351.97
478.71, 349.79, 103.85
482.04, 347.97, 228.79
485.38, 346.16, 353.73
599.86, 97.99, 96.95
603.19, 96.18, 221.90
606.53, 94.36, 346.84
601.75, 222.97, 98.72
605.09, 221.15, 223.66
608.42, 219.34, 348.60
603.65, 347.94, 100.48
606.98, 346.12, 225.43
610.32, 344.31, 350.37
724.80, 96.15, 93.59
728.14, 94.33, 218.53
731.47, 92.52, 343.48
726.70, 221.12, 95.36
730.03, 219.30, 220.30
733.37, 217.49, 345.24
728.59, 346.09, 97.12
731.92, 344.28, 222.06
735.26, 342.46, 347.01
473.01, 101.00, 226.57
474.91, 102.45, 351.55
476.81, 103.90, 476.52
474.21, 225.99, 225.10
476.11, 227.44, 350.08
478.01, 228.89, 475.06
475.41, 350.97, 223.64
477.31, 352.42, 348.61
479.21, 353.87, 473.59
597.99, 99.78, 224.68
599.89, 101.23, 349.66
601.79, 102.68, 474.64
599.19, 224.77, 223.22
601.09, 226.21, 348.19
602.99, 227.66, 473.17
600.39, 349.75, 221.75
602.29, 351.20, 346.73
604.19, 352.65, 471.70
722.97, 98.56, 222.80
724.87, 100.01, 347.77
726.77, 101.45, 472.75
724.17, 223.54, 221.33
726.07, 224.99, 346.31
727.97, 226.44, 471.28
725.37, 348.53, 219.86
727.27, 349.98, 344.84
729.17, 351.43, 469.82
475.36, 99.79, 349.68
472.80, 99.08, 474.66
470.23, 98.37, 599.63
473.89, 224.78, 350.36
471.32, 224.07, 475.33
468.75, 223.36, 600.31
472.41, 349.77, 351.04
469.85, 349.06, 476.01
467.28, 348.35, 600.98
600.33, 101.25, 352.26
597.76, 100.54, 477.23
595.19, 99.83, 602.20
598.85, 226.24, 352.94
596.29, 225.53, 477.91
593.72, 224.82, 602.88
597.38, 351.23, 353.62
594.81, 350.52, 478.59
592.24, 349.81, 603.56
725.29, 102.71, 354.83
722.73, 102.00, 479.81
720.16, 101.29, 604.78
723.82, 227.70, 355.51
721.25, 226.99, 480.48
718.68, 226.28, 605.46
722.34, 352.69, 356.19
719.78, 351.98, 481.16
717.21, 351.27, 606.13
474.76, 101.28, 476.90
475.08, 101.27, 601.90
475.40, 101.25, 726.90
473.88, 226.28, 476.91
474.20, 226.26, 601.91
474.52, 226.25, 726.91
473.00, 351.27, 476.93
473.32, 351.26, 601.93
473.63, 351.25, 726.93
599.76, 102.16, 476.58
600.07, 102.15, 601.58
600.39, 102.13, 726.58
598.87, 227.16, 476.59
599.19, 227.14, 601.59
599.51, 227.13, 726.59
597.99, 352.15, 476.61
598.31, 352.14, 601.61
598.63, 352.13, 726.61
724.75, 103.04, 476.26
725.07, 103.03, 601.26
725.39, 103.02, 726.26
723.87, 228.04, 476.28
724.19, 228.03, 601.28
724.51, 228.01, 726.28
722.99, 353.04, 476.29
723.31, 353.02, 601.29
723.63, 353.01, 726.29
474.58, 100.87, 600.36
474.48, 98.13, 725.33
474.39, 95.39, 850.30
472.83, 225.83, 603.10
472.74, 223.09, 728.07
472.64, 220.35, 853.04
471.08, 350.79, 605.83
470.99, 348.05, 730.80
470.89, 345.31, 855.77
599.56, 102.62, 600.49
599.47, 99.88, 725.46
599.38, 97.14, 850.43
597.82, 227.58, 603.23
597.72, 224.84, 728.20
597.63, 222.10, 853.17
596.07, 352.53, 605.97
595.98, 349.79, 730.94
595.88, 347.05, 855.91
724.55, 104.36, 600.62
724.46, 101.62, 725.59
724.37, 98.88, 850.56
722.80, 229.32, 603.36
722.71, 226.58, 728.33
722.62, 223.84, 853.30
721.06, 354.28, 606.10
720.96, 351.54, 731.07
720.87, 348.80, 856.04
474.46, 224.20, 98.33
478.09, 222.49, 223.26
481.71, 220.78, 348.20
475.41, 349.18, 100.01
479.03, 347.47, 224.94
482.66, 345.76, 349.88
476.35, 474.17, 101.69
479.98, 472.46, 226.63
483.60, 470.75, 351.56
599.41, 223.30, 94.69
603.03, 221.60, 219.62
606.66, 219.89, 344.56
600.35, 348.29, 96.37
603.98, 346.58, 221.31
607.60, 344.87, 346.24
601.29, 473.28, 98.05
604.92, 471.57, 222.99
608.54, 469.86, 347.93
724.35, 222.41, 91.05
727.98, 220.70, 215.99
731.60, 218.99, 340.92
725.30, 347.40, 92.73
728.92, 345.69, 217.67
732.54, 343.98, 342.61
726.24, 472.38, 94.42
729.86, 470.67, 219.35
733.49, 468.96, 344.29
474.82, 224.34, 226.51
471.32, 223.81, 351.46
467.82, 223.28, 476.41
477.47, 349.32, 227.11
473.97, 348.78, 352.06
470.47, 348.25, 477.01
480.12, 474.29, 227.72
476.62, 473.75, 352.67
473.12, 473.22, 477.62
599.74, 221.68, 229.99
596.24, 221.15, 354.94
592.74, 220.62, 479.89
602.39, 346.65, 230.60
598.89, 346.12, 355.55
595.39, 345.59, 480.50
605.04, 471.62, 231.21
601.54, 471.09, 356.16
598.04, 470.56, 481.10
724.66, 219.01, 233.48
721.16, 218.48, 358.43
717.66, 217.95, 483.38
727.31, 343.98, 234.09
723.81, 343.45, 359.04
720.31, 342.92, 483.99
729.96, 468.96, 234.69
726.46, 468.42, 359.64
722.96, 467.89, 484.59
476.57, 226.42, 351.06
478.34, 224.68, 476.03
480.10, 222.94, 601.01
479.33, 351.38, 352.76
481.09, 349.64, 477.73
482.86, 347.90, 602.71
482.08, 476.34, 354.46
483.85, 474.60, 479.44
485.61, 472.86, 604.41
601.53, 223.69, 349.25
603.29, 221.95, 474.23
605.06, 220.21, 599.20
604.28, 348.65, 350.96
606.05, 346.91, 475.93
607.81, 345.17, 600.91
607.04, 473.61, 352.66
608.80, 471.87, 477.63
610.57, 470.13, 602.61
726.49, 220.96, 347.45
728.25, 219.22, 472.43
730.02, 217.48, 597.40
729.24, 345.92, 349.15
731.00, 344.18, 474.13
732.77, 342.44, 599.10
731.99, 470.88, 350.86
733.76, 469.14, 475.83
735.52, 467.40, 600.81
476.45, 225.82, 473.78
478.94, 222.25, 598.70
481.43, 218.68, 723.63
473.67, 350.73, 477.40
476.16, 347.17, 602.32
478.65, 343.60, 727.25
470.90, 475.65, 481.02
473.38, 472.08, 605.94
475.87, 468.52, 730.87
601.40, 228.66, 471.37
603.88, 225.10, 596.30
606.37, 221.53, 721.22
598.62, 353.58, 474.99
601.11, 350.01, 599.92
603.59, 346.45, 724.84
595.84, 478.50, 478.61
598.33, 474.93, 603.54
600.82, 471.37, 728.46
726.34, 231.51, 468.96
728.83, 227.95, 593.89
731.32, 224.38, 718.81
723.56, 356.43, 472.59
726.05, 352.86, 597.51
728.54, 349.30, 722.43
720.79, 481.34, 476.21
723.27, 477.78, 601.13
725.76, 474.21, 726.06
473.52, 225.23, 598.19
471.77, 225.52, 723.18
470.02, 225.81, 848.16
470.90, 350.20, 597.86
469.15, 350.49, 722.85
467.39, 350.78, 847.84
468.28, 475.18, 597.53
466.52, 475.47, 722.52
464.77, 475.76, 847.51
598.48, 227.86, 599.93
596.73, 228.15, 724.92
594.98, 228.44, 849.91
595.86, 352.83, 599.61
594.11, 353.12, 724.59
592.35, 353.41, 849.58
593.24, 477.80, 599.28
591.48, 478.09, 724.27
589.73, 478.38, 849.25
723.44, 230.48, 601.68
721.69, 230.78, 726.67
719.94, 231.07, 851.65
720.82, 355.46, 601.35
719.07, 355.75, 726.34
717.31, 356.04, 851.33
718.20, 480.43, 601.03
716.44, 480.72, 726.01
714.69, 481.01, 851.00
474.37, 349.23, 98.22
471.23, 352.42, 223.14
468.08, 355.60, 348.06
470.79, 474.14, 94.95
467.64, 477.32, 219.87
464.49, 480.51, 344.79
467.20, 599.05, 91.67
464.05, 602.23, 216.59
460.90, 605.42, 341.51
599.28, 352.90, 101.28
596.13, 356.09, 226.20
592.99, 359.27, 351.12
595.70, 477.81, 98.00
592.55, 480.99, 222.92
589.40, 484.18, 347.84
592.11, 602.71, 94.73
588.96, 605.90, 219.65
585.81, 609.08, 344.57
724.19, 356.57, 104.33
721.04, 359.75, 229.25
717.90, 362.94, 354.17
720.60, 481.47, 101.06
717.46, 484.66, 225.98
714.31, 487.84, 350.90
717.02, 606.38, 97.78
713.87, 609.56, 222.70
710.72, 612.75, 347.62
473.33, 350.58, 226.39
475.37, 350.38, 351.38
477.40, 350.19, 476.36
475.50, 475.56, 226.55
477.54, 475.37, 351.53
479.57, 475.17, 476.52
477.67, 600.54, 226.71
479.71, 600.35, 351.69
481.74, 600.15, 476.67
598.30, 348.41, 224.36
600.33, 348.22, 349.34
602.37, 348.03, 474.32
600.47, 473.39, 224.51
602.50, 473.20, 349.50
604.54, 473.01, 474.48
602.64, 598.37, 224.67
604.67, 598.18, 349.65
606.71, 597.99, 474.64
723.26, 346.24, 222.32
725.30, 346.05, 347.30
727.33, 345.86, 472.29
725.43, 471.22, 222.48
727.47, 471.03, 347.46
729.50, 470.84, 472.44
727.60, 596.20, 222.63
729.64, 596.01, 347.62
731.67, 595.82, 472.60
475.29, 348.12, 349.58
478.41, 346.50, 474.53
481.54, 344.88, 599.48
472.14, 473.07, 351.28
475.26, 471.45, 476.23
478.39, 469.82, 601.18
468.99, 598.02, 352.99
472.11, 596.40, 477.94
475.24, 594.77, 602.89
600.21, 351.31, 346.50
603.33, 349.69, 471.45
606.46, 348.07, 596.40
597.06, 476.26, 348.20
600.18, 474.64, 473.15
603.31, 473.01, 598.10
593.91, 601.21, 349.90
597.03, 599.59, 474.85
600.16, 597.96, 599.80
725.13, 354.50, 343.41
728.25, 352.88, 468.36
731.38, 351.26, 593.32
721.98, 479.45, 345.12
725.10, 477.83, 470.07
728.23, 476.20, 595.02
718.83, 604.40, 346.82
721.96, 602.78, 471.77
725.08, 601.15, 596.72
475.28, 349.97, 473.42
474.22, 346.42, 598.36
473.16, 342.87, 723.31
474.15, 474.91, 476.95
473.09, 471.36, 601.90
472.03, 467.82, 726.84
473.02, 599.86, 480.49
471.96, 596.31, 605.44
470.90, 592.76, 730.38
600.27, 351.06, 474.51
599.21, 347.52, 599.45
598.15, 343.97, 724.40
599.14, 476.01, 478.05
598.08, 472.46, 602.99
597.02, 468.91, 727.94
598.01, 600.95, 481.59
596.95, 597.41, 606.53
595.89, 593.86, 731.48
725.26, 352.16, 475.60
724.20, 348.61, 600.55
723.14, 345.07, 725.49
724.13, 477.11, 479.14
723.07, 473.56, 604.09
722.01, 470.01, 729.03
723.01, 602.05, 482.68
721.94, 598.50, 607.63
720.88, 594.95, 732.57
476.88, 348.79, 599.11
477.59, 348.51, 724.11
478.29, 348.22, 849.11
480.04, 473.75, 599.38
480.75, 473.46, 724.38
481.45, 473.18, 849.37
483.20, 598.71, 599.65
483.90, 598.42, 724.64
484.61, 598.14, 849.64
601.84, 345.63, 598.40
602.54, 345.35, 723.40
603.25, 345.06, 848.39
605.00, 470.59, 598.67
605.70, 470.31, 723.66
606.41, 470.02, 848.66
608.16, 595.55, 598.93
608.86, 595.27, 723.93
609.57, 594.98, 848.93
726.80, 342.48, 597.69
727.50, 342.19, 722.68
728.21, 341.91, 847.68
729.96, 467.44, 597.95
730.66, 467.15, 722.95
731.37, 466.87, 847.95
733.11, 592.39, 598.22
733.82, 592.11, 723.22
734.53, 591.83, 848.22
476.80, 474.12, 98.65
478.78, 472.20, 223.62
480.77, 470.28, 348.59
476.26, 599.10, 100.58
478.24, 597.18, 225.55
480.23, 595.26, 350.52
475.71, 724.09, 102.51
477.70, 722.17, 227.48
479.68, 720.24, 352.45
601.78, 474.69, 96.67
603.77, 472.77, 221.64
605.75, 470.85, 346.61
601.24, 599.68, 98.60
603.22, 597.75, 223.57
605.21, 595.83, 348.54
600.70, 724.66, 100.53
602.68, 722.74, 225.50
604.67, 720.82, 350.47
726.76, 475.26, 94.69
728.75, 473.34, 219.66
730.73, 471.42, 344.63
726.22, 600.25, 96.63
728.21, 598.33, 221.59
730.19, 596.40, 346.56
725.68, 725.23, 98.56
727.67, 723.31, 223.53
729.65, 721.39, 348.49
476.57, 473.89, 225.19
473.77, 472.42, 350.15
470.96, 470.94, 475.11
472.94, 598.83, 226.59
470.13, 597.36, 351.54
467.33, 595.88, 476.50
469.30, 723.77, 227.98
466.50, 722.29, 352.94
463.69, 720.82, 477.90
601.49, 477.50, 228.03
598.68, 476.02, 352.99
595.88, 474.54, 477.95
597.85, 602.44, 229.43
595.05, 600.96, 354.39
592.24, 599.48, 479.35
594.21, 727.38, 230.83
591.41, 725.90, 355.79
588.61, 724.42, 480.75
726.40, 481.10, 230.88
723.60, 479.62, 355.84
720.80, 478.15, 480.80
722.77, 606.04, 232.28
719.96, 604.56, 357.24
717.16, 603.08, 482.20
719.13, 730.98, 233.67
716.33, 729.50, 358.63
713.52, 728.02, 483.59
473.50, 474.30, 350.68
475.60, 472.45, 475.64
477.70, 470.61, 600.61
477.07, 599.23, 352.46
479.18, 597.39, 477.43
481.28, 595.54, 602.40
480.65, 724.17, 354.24
482.76, 722.32, 479.21
484.86, 720.48, 604.18
598.43, 470.75, 348.52
600.53, 468.90, 473.49
602.64, 467.06, 598.46
602.01, 595.69, 350.30
604.11, 593.84, 475.27
606.21, 592.00, 600.24
605.58, 720.62, 352.09
607.69, 718.78, 477.06
609.79, 716.93, 602.03
723.36, 467.20, 346.37
725.46, 465.36, 471.33
727.57, 463.51, 596.30
726.94, 592.14, 348.15
729.04, 590.29, 473.12
731.14, 588.45, 598.09
730.51, 717.07, 349.93
732.62, 715.23, 474.90
734.72, 713.38, 599.87
476.13, 473.04, 474.37
478.10, 471.35, 599.35
480.06, 469.66, 724.32
473.52, 598.00, 476.11
475.49, 596.31, 601.08
477.46, 594.62, 726.05
470.92, 722.96, 477.84
472.88, 721.27, 602.81
474.85, 719.58, 727.79
601.09, 475.67, 472.44
603.05, 473.98, 597.42
605.02, 472.29, 722.39
598.48, 600.64, 474.18
600.45, 598.94, 599.15
602.42, 597.25, 724.12
595.87, 725.60, 475.91
597.84, 723.90, 600.88
599.81, 722.21, 725.85
726.04, 478.31, 470.51
728.01, 476.61, 595.48
729.98, 474.92, 720.46
723.44, 603.27, 472.24
725.40, 601.58, 597.22
727.37, 599.88, 722.19
720.83, 728.23, 473.98
722.80, 726.54, 598.95
724.77, 724.84, 723.92
473.76, 473.03, 600.50
471.53, 473.96, 725.48
469.30, 474.90, 850.45
475.90, 598.01, 599.60
473.67, 598.94, 724.58
471.44, 599.87, 849.56
478.04, 722.98, 598.71
475.81, 723.92, 723.68
473.58, 724.85, 848.66
598.72, 470.90, 602.74
596.49, 471.84, 727.72
594.26, 472.77, 852.70
600.86, 595.88, 601.85
598.63, 596.82, 726.82
596.40, 597.75, 851.80
603.00, 720.86, 600.95
600.77, 721.79, 725.93
598.54, 722.73, 850.91
723.68, 468.78, 604.99
721.45, 469.71, 729.97
719.22, 470.65, 854.94
725.82, 593.76, 604.09
723.59, 594.69, 729.07
721.37, 595.63, 854.05
727.96, 718.74, 603.20
725.73, 719.67, 728.17
723.51, 720.60, 853.15
476.00, 599.77, 98.98
479.15, 596.08, 223.88
482.31, 592.38, 348.79
472.55, 724.67, 102.76
475.70, 720.97, 227.66
478.85, 717.28, 352.57
469.09, 849.56, 106.54
472.24, 845.87, 231.45
475.40, 842.17, 356.35
600.91, 603.32, 95.93
604.07, 599.62, 220.83
607.22, 595.93, 345.74
597.46, 728.21, 99.71
600.61, 724.52, 224.62
603.76, 720.82, 349.52
594.00, 853.11, 103.49
597.16, 849.41, 228.40
600.31, 845.72, 353.30
725.83, 606.87, 92.88
728.98, 603.17, 217.79
732.13, 599.48, 342.69
722.37, 731.76, 96.66
725.52, 728.07, 221.57
728.68, 724.37, 346.47
718.92, 856.66, 100.44
722.07, 852.96, 225.35
725.22, 849.27, 350.26
476.58, 600.95, 226.29
474.73, 604.37, 351.22
472.87, 607.78, 476.16
473.69, 725.87, 222.82
471.84, 729.29, 347.76
469.99, 732.70, 472.70
470.80, 850.79, 219.36
468.95, 854.20, 344.30
467.10, 857.62, 469.24
601.53, 603.89, 228.06
599.68, 607.30, 353.00
597.83, 610.72, 477.94
598.65, 728.80, 224.60
596.79, 732.22, 349.54
594.94, 735.64, 474.48
595.76, 853.72, 221.14
593.90, 857.14, 346.08
592.05, 860.56, 471.02
726.49, 606.82, 229.83
724.63, 610.24, 354.77
722.78, 613.66, 479.71
723.60, 731.74, 226.37
721.74, 735.16, 351.31
719.89, 738.58, 476.25
720.71, 856.66, 222.91
718.86, 860.08, 347.85
717.00, 863.50, 472.79
475.35, 601.91, 350.38
475.09, 602.47, 475.38
474.82, 603.03, 600.37
478.82, 726.86, 349.82
478.55, 727.42, 474.82
478.29, 727.98, 599.82
482.28, 851.81, 349.26
482.02, 852.37, 474.26
481.75, 852.93, 599.26
600.30, 598.44, 350.66
600.04, 599.01, 475.66
599.77, 599.57, 600.65
603.77, 723.39, 350.10
603.50, 723.96, 475.10
603.24, 724.52, 600.10
607.23, 848.34, 349.54
606.97, 848.91, 474.54
606.70, 849.47, 599.54
725.26, 594.98, 350.94
724.99, 595.54, 475.94
724.73, 596.11, 600.93
728.72, 719.93, 350.38
728.45, 720.49, 475.38
728.19, 721.06, 600.38
732.18, 844.88, 349.82
731.92, 845.45, 474.82
731.65, 846.01, 599.82
475.62, 598.65, 473.13
479.35, 602.02, 598.03
483.09, 605.39, 722.93
475.48, 723.61, 469.76
479.22, 726.98, 594.66
482.96, 730.34, 719.56
475.35, 848.56, 466.40
479.09, 851.93, 591.30
482.83, 855.30, 716.19
600.56, 598.69, 469.39
604.30, 602.05, 594.29
608.04, 605.42, 719.19
600.43, 723.64, 466.02
604.16, 727.01, 590.92
607.90, 730.38, 715.82
600.29, 848.60, 462.66
604.03, 851.96, 587.56
607.77, 855.33, 712.45
725.50, 598.72, 465.65
729.24, 602.09, 590.55
732.98, 605.46, 715.45
725.37, 723.67, 462.28
729.11, 727.04, 587.18
732.85, 730.41, 712.08
725.24, 848.63, 458.92
728.98, 852.00, 583.82
732.71, 855.36, 708.72
475.26, 600.64, 599.18
475.03, 599.91, 724.17
474.80, 599.19, 849.17
473.82, 725.63, 599.90
473.60, 724.90, 724.90
473.37, 724.18, 849.89
472.39, 850.62, 600.62
472.16, 849.89, 725.62
471.93, 849.17, 850.62
600.25, 602.07, 599.41
600.02, 601.34, 724.41
599.79, 600.62, 849.41
598.81, 727.06, 600.13
598.59, 726.33, 725.13
598.36, 725.61, 850.13
597.38, 852.05, 600.86
597.15, 851.32, 725.85
596.93, 850.60, 850.85
725.24, 603.50, 599.65
725.01, 602.78, 724.64
724.79, 602.05, 849.64
723.81, 728.49, 600.37
723.58, 727.77, 725.37
723.35, 727.04, 850.36
722.37, 853.48, 601.09
722.14, 852.76, 726.09
721.92, 852.03, 851.09
601.15, 98.78, 101.72
598.32, 98.87, 226.69
595.49, 98.97, 351.66
597.92, 223.73, 101.55
595.09, 223.83, 226.52
592.26, 223.93, 351.49
594.70, 348.69, 101.38
591.87, 348.79, 226.35
589.03, 348.89, 351.32
726.08, 102.01, 104.55
723.25, 102.10, 229.52
720.41, 102.20, 354.49
722.85, 226.96, 104.38
720.02, 227.06, 229.35
717.19, 227.16, 354.32
719.62, 351.92, 104.21
716.79, 352.02, 229.18
713.96, 352.12, 354.15
851.00, 105.24, 107.38
848.17, 105.33, 232.35
845.34, 105.43, 357.31
847.78, 230.19, 107.21
844.95, 230.29, 232.18
842.11, 230.39, 357.14
844.55, 355.15, 107.04
841.72, 355.25, 232.01
838.89, 355.35, 356.97
601.48, 101.02, 223.33
600.93, 99.65, 348.32
600.39, 98.28, 473.31
598.66, 225.98, 224.69
598.12, 224.61, 349.68
597.57, 223.24, 474.67
595.84, 350.94, 226.05
595.30, 349.57, 351.04
594.76, 348.20, 476.03
726.44, 103.83, 223.91
725.90, 102.46, 348.90
725.35, 101.09, 473.89
723.63, 228.79, 225.26
723.08, 227.42, 350.26
722.54, 226.05, 475.25
720.81, 353.75, 226.62
720.27, 352.38, 351.61
719.72, 351.01, 476.60
851.41, 106.64, 224.48
850.87, 105.27, 349.47
850.32, 103.90, 474.46
848.59, 231.60, 225.84
848.05, 230.23, 350.83
847.51, 228.86, 475.82
845.78, 356.56, 227.20
845.23, 355.19, 352.19
844.69, 353.82, 477.18
600.09, 98.97, 349.73
601.08, 98.76, 474.73
602.07, 98.55, 599.72
598.80, 223.97, 349.95
599.79, 223.76, 474.95
600.78, 223.54, 599.94
597.51, 348.96, 350.17
598.50, 348.75, 475.17
599.49, 348.54, 600.17
725.08, 100.27, 348.74
726.07, 100.06, 473.74
727.06, 99.84, 598.73
723.79, 225.26, 348.96
724.78, 225.05, 473.96
725.77, 224.84, 598.96
722.50, 350.25, 349.19
723.49, 350.04, 474.18
724.48, 349.83, 599.18
850.07, 101.56, 347.75
851.06, 101.35, 472.75
852.05, 101.14, 597.75
848.78, 226.55, 347.98
849.77, 226.34, 472.97
850.76, 226.13, 597.97
847.49, 351.55, 348.20
848.48, 351.34, 473.19
849.47, 351.12, 598.19
598.39, 99.75, 474.68
601.93, 101.77, 599.62
605.47, 103.80, 724.55
601.08, 224.70, 472.58
604.62, 226.73, 597.51
608.16, 228.75, 722.45
603.77, 349.65, 470.47
607.31, 351.68, 595.41
610.85, 353.71, 720.34
723.31, 97.00, 471.19
726.85, 99.02, 596.12
730.39, 101.05, 721.05
726.00, 221.95, 469.08
729.54, 223.98, 594.02
733.08, 226.00, 718.95
728.69, 346.90, 466.98
732.23, 348.93, 591.91
735.77, 350.96, 716.84
848.23, 94.25, 467.69
851.77, 96.27, 592.62
855.31, 98.30, 717.56
850.92, 219.20, 465.59
854.46, 221.23, 590.52
858.00, 223.25, 715.45
853.61, 344.15, 463.48
857.15, 346.18, 588.41
860.69, 348.21, 713.35
601.03, 98.22, 599.58
598.74, 97.46, 724.56
596.44, 96.71, 849.54
604.11, 223.18, 600.40
601.81, 222.42, 725.37
599.51, 221.67, 850.35
607.18, 348.14, 601.21
604.88, 347.38, 726.19
602.58, 346.63, 851.16
725.98, 95.13, 601.86
723.68, 94.38, 726.84
721.38, 93.62, 851.82
729.05, 220.09, 602.68
726.75, 219.34, 727.65
724.45, 218.58, 852.63
732.12, 345.05, 603.49
729.82, 344.29, 728.47
727.53, 343.54, 853.44
850.92, 92.04, 604.14
848.62, 91.29, 729.12
846.32, 90.53, 854.09
853.99, 217.00, 604.96
851.69, 216.25, 729.93
849.39, 215.49, 854.91
857.07, 341.96, 605.77
854.77, 341.21, 730.75
852.47, 340.45, 855.72
598.40, 225.49, 100.42
597.07, 221.90, 225.36
595.74, 218.31, 350.30
595.62, 350.41, 103.98
594.29, 346.82, 228.92
592.96, 343.23, 353.86
592.83, 475.33, 107.54
591.50, 471.74, 232.48
590.17, 468.15, 357.42
723.36, 228.23, 101.83
722.03, 224.64, 226.77
720.70, 221.05, 351.71
720.58, 353.15, 105.39
719.25, 349.56, 230.33
717.92, 345.97, 355.27
717.80, 478.07, 108.95
716.47, 474.48, 233.89
715.14, 470.89, 358.83
848.32, 230.98, 103.24
847.00, 227.39, 228.18
845.67, 223.80, 353.12
845.54, 355.90, 106.80
844.21, 352.31, 231.74
842.88, 348.72, 356.68
842.76, 480.82, 110.36
841.43, 477.23, 235.30
840.10, 473.64, 360.24
601.23, 223.34, 225.94
598.72, 226.37, 350.88
596.21, 229.40, 475.82
598.20, 348.27, 222.85
595.69, 351.30, 347.79
593.18, 354.33, 472.73
595.17, 473.19, 219.76
592.66, 476.22, 344.70
590.15, 479.25, 469.64
726.17, 226.43, 228.38
723.66, 229.46, 353.32
721.15, 232.49, 478.26
723.14, 351.36, 225.29
720.63, 354.39, 350.23
718.12, 357.42, 475.16
720.10, 476.28, 222.20
717.60, 479.31, 347.13
715.09, 482.34, 472.07
851.10, 229.52, 230.81
848.59, 232.55, 355.75
846.08, 235.59, 480.69
848.07, 354.45, 227.72
845.56, 357.48, 352.66
843.05, 360.51, 477.60
845.04, 479.37, 224.63
842.53, 482.40, 349.57
840.02, 485.44, 474.51
601.26, 223.76, 348.37
600.65, 221.22, 473.34
600.04, 218.67, 598.32
597.59, 348.68, 350.90
596.98, 346.14, 475.87
596.37, 343.59, 600.84
593.92, 473.60, 353.42
593.31, 471.06, 478.39
592.70, 468.52, 603.37
726.20, 227.42, 349.05
725.59, 224.88, 474.03
724.98, 222.33, 599.00
722.53, 352.34, 351.58
721.92, 349.80, 476.55
721.31, 347.25, 601.53
718.86, 477.26, 354.11
718.25, 474.72, 479.08
717.64, 472.17, 604.05
851.15, 231.08, 349.74
850.54, 228.53, 474.71
849.93, 225.99, 599.68
847.48, 356.00, 352.26
846.87, 353.45, 477.24
846.26, 350.91, 602.21
843.80, 480.92, 354.79
843.20, 478.37, 479.76
842.59, 475.83, 604.73
599.62, 226.57, 474.91
599.43, 229.96, 599.87
599.25, 233.36, 724.82
597.27, 351.50, 471.52
597.09, 354.90, 596.47
596.91, 358.29, 721.42
594.93, 476.44, 468.12
594.75, 479.83, 593.08
594.56, 483.22, 718.03
724.60, 228.92, 475.03
724.41, 232.31, 599.99
724.23, 235.70, 724.94
722.25, 353.85, 471.64
722.07, 357.24, 596.59
721.88, 360.64, 721.54
719.91, 478.78, 468.24
719.73, 482.18, 593.20
719.54, 485.57, 718.15
849.57, 231.27, 475.15
849.39, 234.66, 600.11
849.21, 238.05, 725.06
847.23, 356.20, 471.76
847.05, 359.59, 596.71
846.86, 362.98, 721.66
844.89, 481.13, 468.36
844.70, 484.52, 593.32
844.52, 487.92, 718.27
599.76, 226.13, 600.98
597.81, 226.59, 725.96
595.86, 227.06, 850.95
601.99, 351.11, 600.55
600.04, 351.57, 725.53
598.09, 352.04, 850.52
604.22, 476.09, 600.12
602.27, 476.55, 725.10
600.32, 477.01, 850.09
724.72, 223.90, 602.94
722.77, 224.37, 727.92
720.82, 224.83, 852.90
726.95, 348.88, 602.51
725.01, 349.35, 727.49
723.06, 349.81, 852.47
729.19, 473.86, 602.08
727.24, 474.33, 727.06
725.29, 474.79, 852.04
849.69, 221.68, 604.89
847.74, 222.14, 729.88
845.79, 222.61, 854.86
851.92, 346.66, 604.46
849.97, 347.12, 729.45
848.02, 347.59, 854.43
854.15, 471.64, 604.03
852.20, 472.10, 729.02
850.25, 472.56, 854.00
601.86, 350.27, 98.29
603.44, 351.87, 223.27
605.02, 353.46, 348.25
601.18, 475.26, 96.70
602.77, 476.86, 221.68
604.35, 478.45, 346.66
600.51, 600.25, 95.12
602.09, 601.84, 220.10
603.67, 603.44, 345.08
726.85, 350.93, 96.70
728.43, 352.52, 221.68
730.01, 354.12, 346.66
726.17, 475.92, 95.11
727.75, 477.51, 220.09
729.34, 479.11, 345.07
725.50, 600.90, 93.53
727.08, 602.50, 218.51
728.66, 604.09, 343.49
851.83, 351.58, 95.11
853.42, 353.18, 220.09
855.00, 354.77, 345.07
851.16, 476.57, 93.52
852.74, 478.17, 218.50
854.33, 479.76, 343.48
850.49, 601.56, 91.93
852.07, 603.15, 216.91
853.65, 604.75, 341.89
599.94, 350.12, 226.32
596.84, 353.84, 351.22
593.73, 357.56, 476.13
602.08, 475.04, 222.65
598.97, 478.77, 347.55
595.86, 482.49, 472.46
604.21, 599.97, 218.98
601.10, 603.69, 343.88
597.99, 607.41, 468.79
724.89, 348.08, 229.49
721.78, 351.80, 354.39
718.67, 355.52, 479.30
727.02, 473.00, 225.82
723.91, 476.73, 350.72
720.80, 480.45, 475.63
729.15, 597.93, 222.15
726.04, 601.65, 347.06
722.94, 605.37, 471.96
849.83, 346.04, 232.66
846.72, 349.76, 357.56
843.61, 353.48, 482.47
851.96, 470.96, 228.99
848.85, 474.68, 353.90
845.75, 478.41, 478.80
854.10, 595.89, 225.32
850.99, 599.61, 350.23
847.88, 603.33, 475.13
601.26, 349.86, 348.02
603.12, 351.32, 473.00
604.98, 352.79, 597.97
598.50, 474.82, 346.60
600.35, 476.29, 471.57
602.21, 477.75, 596.55
595.73, 599.78, 345.17
597.59, 601.25, 470.15
599.45, 602.71, 595.13
726.22, 352.60, 346.13
728.08, 354.07, 471.11
729.93, 355.53, 596.08
723.45, 477.57, 344.71
725.31, 479.03, 469.68
727.17, 480.49, 594.66
720.69, 602.53, 343.28
722.54, 603.99, 468.26
724.40, 605.45, 593.24
851.17, 355.35, 344.24
853.03, 356.81, 469.22
854.89, 358.28, 594.20
848.41, 480.31, 342.82
850.27, 481.77, 467.80
852.12, 483.24, 592.77
845.64, 605.27, 341.40
847.50, 606.73, 466.37
849.36, 608.20, 591.35
599.98, 351.28, 474.21
599.30, 348.67, 599.18
598.62, 346.06, 724.15
597.99, 476.24, 476.81
597.31, 473.63, 601.78
596.63, 471.02, 726.75
596.00, 601.19, 479.40
595.32, 598.58, 604.37
594.64, 595.98, 729.35
724.97, 353.26, 474.93
724.29, 350.65, 599.90
723.61, 348.04, 724.87
722.97, 478.21, 477.53
722.29, 475.61, 602.50
721.61, 473.00, 727.47
720.98, 603.17, 480.13
720.30, 600.56, 605.10
719.62, 597.95, 730.07
849.95, 355.24, 475.65
849.27, 352.63, 600.62
848.59, 350.02, 725.60
847.96, 480.19, 478.25
847.28, 477.58, 603.22
846.60, 474.98, 728.19
845.96, 605.15, 480.85
845.28, 602.54, 605.82
844.60, 599.93, 730.79
599.93, 349.22, 599.43
602.32, 347.23, 724.39
604.71, 345.24, 849.35
601.19, 474.20, 601.39
603.57, 472.21, 726.35
605.96, 470.22, 851.32
602.44, 599.17, 603.36
604.83, 597.19, 728.32
607.22, 595.20, 853.28
724.90, 348.00, 597.02
727.29, 346.01, 721.98
729.68, 344.02, 846.94
726.16, 472.98, 598.99
728.55, 470.99, 723.95
730.93, 469.00, 848.91
727.41, 597.96, 600.95
729.80, 595.97, 725.91
732.19, 593.98, 850.87
849.87, 346.79, 594.61
852.26, 344.80, 719.57
854.65, 342.81, 844.53
851.13, 471.76, 596.58
853.52, 469.77, 721.54
855.91, 467.79, 846.50
852.38, 596.74, 598.54
854.77, 594.75, 723.50
857.16, 592.76, 848.46
600.85, 476.03, 101.51
598.16, 474.64, 226.48
595.46, 473.26, 351.44
597.19, 600.97, 102.82
594.49, 599.58, 227.78
591.80, 598.20, 352.75
593.52, 725.91, 104.13
590.83, 724.52, 229.09
588.13, 723.14, 354.06
725.77, 479.67, 104.25
723.07, 478.28, 229.21
720.38, 476.89, 354.17
722.10, 604.61, 105.55
719.41, 603.22, 230.52
716.71, 601.83, 355.48
718.44, 729.55, 106.86
715.74, 728.16, 231.83
713.05, 726.77, 356.79
850.69, 483.30, 106.98
847.99, 481.92, 231.94
845.30, 480.53, 356.91
847.02, 608.24, 108.29
844.33, 606.86, 233.25
841.63, 605.47, 358.21
843.35, 733.18, 109.60
840.66, 731.80, 234.56
837.97, 730.41, 359.52
598.60, 474.18, 225.01
602.21, 476.42, 349.94
605.81, 478.66, 474.87
601.22, 599.13, 222.70
604.83, 601.37, 347.63
608.43, 603.61, 472.55
603.84, 724.08, 220.38
607.44, 726.32, 345.31
611.05, 728.56, 470.24
723.53, 471.50, 221.46
727.13, 473.74, 346.39
730.73, 475.98, 471.31
726.14, 596.45, 219.14
729.75, 598.69, 344.07
733.35, 600.93, 469.00
728.76, 721.40, 216.82
732.36, 723.64, 341.75
735.97, 725.88, 466.68
848.45, 468.81, 217.90
852.05, 471.06, 342.83
855.65, 473.30, 467.76
851.06, 593.77, 215.59
854.67, 596.01, 340.51
858.27, 598.25, 465.44
853.68, 718.72, 213.27
857.28, 720.96, 338.20
860.89, 723.20, 463.12
599.67, 473.43, 350.75
600.27, 476.52, 475.71
600.88, 479.62, 600.67
596.55, 598.35, 347.67
597.15, 601.44, 472.63
597.75, 604.54, 597.59
593.42, 723.27, 344.59
594.02, 726.37, 469.55
594.62, 729.46, 594.51
724.63, 476.54, 350.07
725.23, 479.63, 475.03
725.84, 482.73, 599.99
721.51, 601.46, 346.99
722.11, 604.55, 471.95
722.71, 607.65, 596.91
718.38, 726.38, 343.91
718.98, 729.48, 468.87
719.58, 732.57, 593.84
849.59, 479.65, 349.39
850.19, 482.74, 474.35
850.80, 485.84, 599.31
846.46, 604.57, 346.31
847.07, 607.67, 471.27
847.67, 610.76, 596.23
843.34, 729.49, 343.24
843.94, 732.59, 468.20
844.54, 735.68, 593.16
599.88, 473.26, 476.34
600.29, 472.43, 601.34
600.70, 471.60, 726.33
600.81, 598.25, 477.17
601.22, 597.42, 602.17
601.63, 596.59, 727.16
601.74, 723.25, 478.00
602.15, 722.42, 602.99
602.56, 721.58, 727.99
724.88, 472.33, 475.93
725.29, 471.50, 600.92
725.69, 470.67, 725.92
725.81, 597.33, 476.76
726.22, 596.50, 601.75
726.62, 595.66, 726.75
726.74, 722.32, 477.58
727.14, 721.49, 602.58
727.55, 720.66, 727.58
849.87, 471.41, 475.51
850.28, 470.58, 600.51
850.69, 469.74, 725.51
850.80, 596.40, 476.34
851.21, 595.57, 601.34
851.62, 594.74, 726.33
851.73, 721.40, 477.17
852.14, 720.56, 602.17
852.55, 719.73, 727.16
599.31, 473.98, 600.36
598.00, 471.72, 725.33
596.69, 469.46, 850.30
596.75, 598.94, 602.59
595.44, 596.67, 727.56
594.12, 594.41, 852.53
594.19, 723.89, 604.82
592.87, 721.63, 729.80
591.56, 719.37, 854.77
724.28, 476.52, 601.71
722.97, 474.26, 726.69
721.66, 472.00, 851.66
721.72, 601.48, 603.95
720.40, 599.21, 728.92
719.09, 596.95, 853.89
719.15, 726.43, 606.18
717.84, 724.17, 731.15
716.53, 721.91, 856.13
849.25, 479.06, 603.07
847.93, 476.80, 728.05
846.62, 474.54, 853.02
846.68, 604.02, 605.31
845.37, 601.75, 730.28
844.06, 599.49, 855.25
844.12, 728.97, 607.54
842.81, 726.71, 732.51
841.49, 724.45, 857.49
600.36, 601.68, 101.98
597.66, 602.63, 226.95
594.97, 603.59, 351.92
602.74, 726.65, 101.08
600.05, 727.61, 226.05
597.36, 728.56, 351.02
605.13, 851.63, 100.18
602.44, 852.58, 225.15
599.75, 853.53, 350.11
725.30, 599.31, 104.69
722.61, 600.26, 229.66
719.92, 601.22, 354.63
727.69, 724.28, 103.79
725.00, 725.24, 228.76
722.31, 726.19, 353.73
730.08, 849.26, 102.89
727.39, 850.21, 227.86
724.70, 851.17, 352.82
850.25, 596.94, 107.40
847.56, 597.90, 232.37
844.87, 598.85, 357.34
852.64, 721.92, 106.50
849.95, 722.87, 231.47
847.26, 723.82, 356.44
855.03, 846.89, 105.60
852.34, 847.84, 230.57
849.65, 848.80, 355.53
599.75, 598.25, 224.97
601.69, 600.14, 349.94
603.64, 602.04, 474.91
596.43, 723.19, 223.13
598.37, 725.09, 348.10
600.31, 726.98, 473.07
593.10, 848.13, 221.28
595.05, 850.03, 346.25
596.99, 851.92, 471.23
724.69, 601.54, 222.98
726.63, 603.44, 347.95
728.58, 605.33, 472.92
721.37, 726.49, 221.13
723.31, 728.38, 346.10
725.25, 730.27, 471.07
718.04, 851.43, 219.29
719.99, 853.32, 344.26
721.93, 855.22, 469.23
849.63, 604.84, 220.98
851.57, 606.73, 345.95
853.52, 608.63, 470.92
846.31, 729.78, 219.14
848.25, 731.67, 344.11
850.19, 733.57, 469.08
842.98, 854.72, 217.30
844.93, 856.62, 342.27
846.87, 858.51, 467.24
599.77, 600.20, 348.48
601.68, 601.96, 473.45
603.59, 603.72, 598.43
602.60, 725.16, 346.68
604.51, 726.91, 471.65
606.42, 728.67, 596.63
605.42, 850.11, 344.88
607.34, 851.87, 469.85
609.25, 853.63, 594.83
724.72, 597.35, 346.61
726.63, 599.10, 471.58
728.55, 600.86, 596.56
727.55, 722.30, 344.81
729.46, 724.06, 469.78
731.37, 725.82, 594.76
730.38, 847.26, 343.01
732.29, 849.01, 467.98
734.20, 850.77, 592.96
849.68, 594.49, 344.74
851.59, 596.25, 469.71
853.50, 598.01, 594.69
852.50, 719.45, 342.94
854.41, 721.20, 467.91
856.33, 722.96, 592.89
855.33, 844.40, 341.14
857.24, 846.16, 466.11
859.15, 847.92, 591.08
598.17, 600.97, 475.89
599.68, 597.29, 600.82
601.19, 593.60, 725.76
601.49, 725.88, 479.53
603.00, 722.19, 604.47
604.51, 718.51, 729.40
604.81, 850.78, 483.18
606.32, 847.09, 608.11
607.83, 843.41, 733.05
723.12, 597.70, 474.28
724.63, 594.02, 599.22
726.14, 590.33, 724.15
726.44, 722.60, 477.92
727.95, 718.92, 602.86
729.46, 715.23, 727.80
729.75, 847.51, 481.57
731.26, 843.82, 606.51
732.77, 840.14, 731.44
848.06, 594.43, 472.67
849.57, 590.74, 597.61
851.08, 587.06, 722.55
851.38, 719.33, 476.32
852.89, 715.65, 601.25
854.40, 711.96, 726.19
854.70, 844.23, 479.96
856.21, 840.55, 604.90
857.72, 836.86, 729.84
601.07, 601.41, 598.56
599.07, 597.84, 723.50
597.07, 594.27, 848.43
597.75, 726.32, 602.08
595.75, 722.75, 727.01
593.75, 719.18, 851.95
594.43, 851.23, 605.60
592.43, 847.66, 730.53
590.43, 844.08, 855.46
726.01, 604.68, 600.66
724.01, 601.11, 725.59
722.01, 597.53, 850.52
722.69, 729.58, 604.18
720.69, 726.01, 729.11
718.69, 722.44, 854.04
719.37, 854.49, 607.69
717.37, 850.92, 732.63
715.37, 847.35, 857.56
850.95, 607.94, 602.75
848.95, 604.37, 727.69
846.95, 600.80, 852.62
847.63, 732.85, 606.27
845.63, 729.27, 731.20
843.63, 725.70, 856.14
844.31, 857.75, 609.79
842.31, 854.18, 734.72
840.31, 850.61, 859.66
