27, 125, pa2-unknown-g-output1.txt
206.24,  199.10,  191.03 398.75,  398.39,  191.6099.66, 100.56, 102.00
100.07, 100.37, 227.00
100.49, 100.17, 352.00
100.71, 225.56, 102.19
101.12, 225.36, 227.19
101.54, 225.17, 352.19
101.76, 350.56, 102.38
102.17, 350.36, 227.38
102.59, 350.16, 352.38
224.65, 99.52, 101.58
225.07, 99.32, 226.58
225.48, 99.12, 351.58
225.70, 224.51, 101.77
226.12, 224.32, 226.77
226.53, 224.12, 351.77
226.75, 349.51, 101.97
227.17, 349.31, 226.97
227.58, 349.12, 351.97
349.65, 98.47, 101.17
350.06, 98.27, 226.17
350.48, 98.08, 351.17
350.70, 223.46, 101.36
351.11, 223.27, 226.36
351.53, 223.07, 351.36
351.75, 348.46, 101.55
352.16, 348.26, 226.55
352.58, 348.07, 351.55
99.22, 101.62, 226.28
97.33, 98.89, 351.23
95.44, 96.16, 476.19
98.19, 226.58, 228.99
96.30, 223.85, 353.95
94.42, 221.12, 478.91
97.17, 351.55, 231.71
95.28, 348.82, 356.67
93.39, 346.09, 481.62
224.20, 102.60, 228.19
222.31, 99.87, 353.14
220.43, 97.14, 478.10
223.17, 227.57, 230.90
221.29, 224.84, 355.86
219.40, 222.11, 480.81
222.15, 352.53, 233.62
220.26, 349.80, 358.58
218.38, 347.07, 483.53
349.18, 103.59, 230.09
347.29, 100.85, 355.05
345.41, 98.12, 480.01
348.15, 228.55, 232.81
346.27, 225.82, 357.77
344.38, 223.09, 482.72
347.13, 353.52, 235.53
345.24, 350.79, 360.48
343.36, 348.06, 485.44
100.65, 101.44, 350.70
103.04, 100.42, 475.67
105.42, 99.39, 600.65
97.85, 226.41, 351.78
100.23, 225.38, 476.75
102.61, 224.35, 601.73
95.04, 351.37, 352.86
97.43, 350.34, 477.83
99.81, 349.32, 602.80
225.60, 104.27, 348.34
227.98, 103.24, 473.31
230.36, 102.22, 598.29
222.79, 229.23, 349.42
225.18, 228.21, 474.39
227.56, 227.18, 599.37
219.99, 354.20, 350.50
222.37, 353.17, 475.47
224.75, 352.14, 600.45
350.55, 107.09, 345.98
352.93, 106.07, 470.96
355.31, 105.04, 595.93
347.74, 232.06, 347.06
350.12, 231.03, 472.04
352.50, 230.01, 597.01
344.93, 357.02, 348.14
347.32, 356.00, 473.11
349.70, 354.97, 598.09
98.75, 98.79, 473.72
98.42, 97.21, 598.71
98.10, 95.63, 723.70
98.75, 223.78, 475.30
98.43, 222.20, 600.29
98.11, 220.62, 725.28
98.75, 348.77, 476.88
98.43, 347.19, 601.87
98.11, 345.61, 726.86
223.74, 98.79, 474.04
223.42, 97.21, 599.03
223.10, 95.63, 724.02
223.75, 223.78, 475.62
223.43, 222.20, 600.61
223.11, 220.62, 725.60
223.75, 348.77, 477.20
223.43, 347.19, 602.19
223.11, 345.61, 727.18
348.74, 98.78, 474.36
348.42, 97.20, 599.35
348.10, 95.62, 724.34
348.75, 223.77, 475.94
348.43, 222.19, 600.93
348.11, 220.61, 725.92
348.75, 348.76, 477.52
348.43, 347.18, 602.51
348.11, 345.60, 727.50
98.76, 100.65, 600.06
100.57, 100.74, 725.05
102.38, 100.83, 850.03
97.65, 225.64, 599.98
99.47, 225.74, 724.97
101.28, 225.83, 849.95
96.55, 350.64, 599.90
98.36, 350.73, 724.89
100.17, 350.82, 849.88
223.74, 101.75, 598.25
225.56, 101.85, 723.23
227.37, 101.94, 848.22
222.64, 226.75, 598.17
224.45, 226.84, 723.16
226.26, 226.94, 848.14
221.53, 351.74, 598.09
223.34, 351.84, 723.08
225.15, 351.93, 848.06
348.73, 102.86, 596.43
350.54, 102.95, 721.42
352.35, 103.05, 846.41
347.62, 227.85, 596.36
349.43, 227.95, 721.34
351.24, 228.04, 846.33
346.51, 352.85, 596.28
348.32, 352.94, 721.26
350.13, 353.04, 846.25
98.36, 224.02, 100.00
101.45, 226.88, 224.93
104.53, 229.73, 349.86
97.19, 348.99, 97.18
100.27, 351.84, 222.11
103.36, 354.69, 347.04
96.01, 473.95, 94.35
99.10, 476.80, 219.28
102.18, 479.66, 344.21
223.32, 225.13, 96.89
226.40, 227.98, 221.82
229.49, 230.84, 346.75
222.15, 350.09, 94.07
225.23, 352.94, 219.00
228.31, 355.80, 343.93
220.97, 475.05, 91.24
224.05, 477.91, 216.17
227.14, 480.76, 341.10
348.28, 226.23, 93.79
351.36, 229.09, 218.71
354.44, 231.94, 343.64
347.10, 351.20, 90.96
350.19, 354.05, 215.89
353.27, 356.90, 340.82
345.93, 476.16, 88.13
349.01, 479.01, 213.06
352.10, 481.86, 337.99
98.89, 223.04, 223.24
99.63, 220.98, 348.22
100.36, 218.92, 473.20
96.60, 348.00, 225.31
97.34, 345.94, 350.29
98.08, 343.88, 475.27
94.32, 472.96, 227.38
95.06, 470.90, 352.36
95.79, 468.84, 477.34
223.87, 225.33, 222.54
224.60, 223.27, 347.52
225.34, 221.21, 472.50
221.58, 350.30, 224.61
222.32, 348.24, 349.59
223.05, 346.18, 474.57
219.30, 475.26, 226.68
220.03, 473.20, 351.67
220.77, 471.14, 476.65
348.84, 227.63, 221.84
349.58, 225.57, 346.82
350.32, 223.51, 471.80
346.56, 352.59, 223.91
347.29, 350.53, 348.89
348.03, 348.47, 473.88
344.27, 477.55, 225.99
345.01, 475.49, 350.97
345.75, 473.44, 475.95
99.24, 224.00, 348.95
98.20, 223.42, 473.95
97.16, 222.84, 598.94
102.37, 348.96, 349.56
101.33, 348.38, 474.56
100.29, 347.80, 599.55
105.50, 473.92, 350.17
104.47, 473.34, 475.17
103.43, 472.76, 600.16
224.20, 220.87, 349.98
223.16, 220.28, 474.97
222.12, 219.70, 599.97
227.33, 345.83, 350.59
226.29, 345.24, 475.58
225.25, 344.66, 600.58
230.46, 470.79, 351.20
229.42, 470.20, 476.19
228.38, 469.62, 601.18
349.15, 217.73, 351.00
348.11, 217.15, 476.00
347.08, 216.56, 600.99
352.28, 342.69, 351.61
351.25, 342.11, 476.60
350.21, 341.52, 601.60
355.42, 467.65, 352.22
354.38, 467.07, 477.21
353.34, 466.48, 602.21
100.39, 224.09, 474.13
98.13, 224.14, 599.11
95.86, 224.20, 724.09
103.66, 349.05, 474.13
101.39, 349.10, 599.11
99.12, 349.16, 724.09
106.92, 474.00, 474.14
104.65, 474.06, 599.12
102.39, 474.11, 724.09
225.33, 220.83, 476.39
223.06, 220.88, 601.37
220.80, 220.94, 726.35
228.59, 345.79, 476.40
226.33, 345.84, 601.38
224.06, 345.89, 726.36
231.86, 470.74, 476.40
229.59, 470.80, 601.38
227.32, 470.85, 726.36
350.27, 217.57, 478.66
348.00, 217.62, 603.64
345.74, 217.67, 728.62
353.53, 342.52, 478.66
351.26, 342.58, 603.64
349.00, 342.63, 728.62
356.79, 467.48, 478.67
354.53, 467.53, 603.65
352.26, 467.59, 728.63
101.58, 226.86, 601.43
98.04, 226.42, 726.38
94.51, 225.97, 851.32
101.27, 351.86, 601.87
97.73, 351.41, 726.82
94.20, 350.97, 851.76
100.96, 476.86, 602.31
97.42, 476.41, 727.25
93.89, 475.96, 852.20
226.53, 227.16, 604.96
222.99, 226.71, 729.91
219.46, 226.26, 854.86
226.22, 352.16, 605.40
222.68, 351.71, 730.35
219.15, 351.26, 855.30
225.91, 477.16, 605.84
222.37, 476.71, 730.79
218.84, 476.26, 855.74
351.47, 227.46, 608.49
347.94, 227.01, 733.44
344.41, 226.56, 858.39
351.17, 352.46, 608.93
347.63, 352.01, 733.88
344.10, 351.56, 858.83
350.86, 477.46, 609.37
347.32, 477.01, 734.32
343.79, 476.56, 859.27
98.94, 348.50, 100.58
100.06, 351.72, 225.54
101.17, 354.94, 350.49
100.42, 473.45, 97.35
101.53, 476.67, 222.30
102.65, 479.89, 347.26
101.89, 598.40, 94.12
103.01, 601.62, 219.07
104.12, 604.84, 344.02
223.93, 347.00, 99.51
225.04, 350.22, 224.46
226.16, 353.44, 349.42
225.40, 471.95, 96.27
226.52, 475.17, 221.23
227.63, 478.39, 346.18
226.88, 596.90, 93.04
227.99, 600.12, 217.99
229.11, 603.34, 342.95
348.91, 345.49, 98.43
350.03, 348.71, 223.38
351.14, 351.93, 348.34
350.39, 470.44, 95.20
351.50, 473.66, 220.15
352.62, 476.88, 345.10
351.86, 595.39, 91.96
352.98, 598.61, 216.92
354.09, 601.83, 341.87
101.88, 350.36, 226.34
103.32, 350.06, 351.33
104.76, 349.75, 476.32
98.16, 475.31, 226.69
99.60, 475.00, 351.68
101.03, 474.69, 476.67
94.43, 600.25, 227.04
95.87, 599.94, 352.03
97.31, 599.64, 477.02
226.82, 354.09, 224.91
228.26, 353.79, 349.90
229.70, 353.48, 474.89
223.09, 479.04, 225.26
224.53, 478.73, 350.25
225.97, 478.42, 475.24
219.36, 603.98, 225.61
220.80, 603.68, 350.60
222.24, 603.37, 475.59
351.76, 357.83, 223.48
353.19, 357.52, 348.47
354.63, 357.21, 473.46
348.03, 482.77, 223.83
349.47, 482.46, 348.82
350.91, 482.16, 473.81
344.30, 607.71, 224.18
345.74, 607.41, 349.17
347.18, 607.10, 474.16
98.56, 349.80, 348.40
94.98, 348.24, 473.34
91.40, 346.67, 598.28
98.72, 474.79, 349.97
95.14, 473.23, 474.91
91.56, 471.66, 599.85
98.89, 599.78, 351.54
95.31, 598.22, 476.48
91.73, 596.65, 601.42
223.51, 349.59, 351.98
219.93, 348.03, 476.92
216.35, 346.47, 601.86
223.67, 474.58, 353.55
220.09, 473.02, 478.49
216.51, 471.46, 603.43
223.84, 599.57, 355.12
220.26, 598.01, 480.06
216.67, 596.45, 605.00
348.46, 349.38, 355.56
344.88, 347.82, 480.50
341.30, 346.26, 605.44
348.62, 474.37, 357.13
345.04, 472.81, 482.07
341.46, 471.25, 607.01
348.78, 599.36, 358.70
345.20, 597.80, 483.64
341.62, 596.24, 608.58
98.31, 350.85, 474.52
99.39, 347.91, 599.48
100.46, 344.97, 724.44
100.77, 475.79, 477.45
101.84, 472.85, 602.41
102.92, 469.91, 727.37
103.22, 600.74, 480.37
104.29, 597.79, 605.33
105.37, 594.85, 730.29
223.28, 348.43, 473.39
224.36, 345.48, 598.35
225.43, 342.54, 723.31
225.74, 473.37, 476.31
226.81, 470.42, 601.27
227.89, 467.48, 726.23
228.19, 598.31, 479.23
229.26, 595.37, 604.20
230.34, 592.42, 729.16
348.26, 346.00, 472.26
349.33, 343.06, 597.22
350.41, 340.11, 722.18
350.71, 470.94, 475.18
351.78, 468.00, 600.14
352.86, 465.05, 725.10
353.16, 595.88, 478.10
354.24, 592.94, 603.06
355.31, 590.00, 728.02
101.11, 349.80, 599.97
103.52, 349.90, 724.95
105.94, 350.00, 849.93
104.83, 474.74, 599.80
107.24, 474.85, 724.78
109.66, 474.95, 849.75
108.55, 599.69, 599.63
110.97, 599.79, 724.60
113.38, 599.89, 849.58
226.03, 346.07, 597.56
228.44, 346.17, 722.54
230.86, 346.28, 847.52
229.75, 471.02, 597.39
232.17, 471.12, 722.37
234.58, 471.22, 847.34
233.48, 595.96, 597.22
235.89, 596.06, 722.19
238.30, 596.16, 847.17
350.95, 342.35, 595.15
353.36, 342.45, 720.13
355.78, 342.55, 845.11
354.67, 467.29, 594.98
357.09, 467.39, 719.96
359.50, 467.49, 844.93
358.40, 592.24, 594.81
360.81, 592.34, 719.78
363.23, 592.44, 844.76
98.88, 476.78, 99.33
99.41, 477.82, 224.33
99.94, 478.86, 349.32
102.28, 601.73, 98.28
102.81, 602.77, 223.27
103.34, 603.81, 348.27
105.67, 726.67, 97.22
106.20, 727.71, 222.22
106.73, 728.76, 347.21
223.83, 473.38, 98.83
224.36, 474.42, 223.82
224.90, 475.46, 348.82
227.23, 598.33, 97.77
227.76, 599.37, 222.77
228.29, 600.41, 347.76
230.62, 723.28, 96.72
231.15, 724.32, 221.71
231.69, 725.36, 346.71
348.79, 469.98, 98.33
349.32, 471.02, 223.32
349.85, 472.06, 348.32
352.18, 594.93, 97.27
352.71, 595.97, 222.27
353.24, 597.01, 347.26
355.58, 719.88, 96.22
356.11, 720.92, 221.21
356.64, 721.96, 346.21
100.98, 473.64, 224.27
97.61, 473.55, 349.22
94.24, 473.45, 474.17
101.79, 598.64, 224.38
98.43, 598.54, 349.34
95.06, 598.45, 474.29
102.61, 723.64, 224.50
99.24, 723.54, 349.46
95.87, 723.44, 474.41
225.93, 472.82, 227.63
222.56, 472.73, 352.59
219.19, 472.63, 477.54
226.75, 597.82, 227.75
223.38, 597.72, 352.71
220.01, 597.63, 477.66
227.56, 722.82, 227.87
224.19, 722.72, 352.83
220.83, 722.62, 477.78
350.88, 472.01, 231.00
347.51, 471.91, 355.96
344.15, 471.81, 480.91
351.70, 597.00, 231.12
348.33, 596.91, 356.07
344.96, 596.81, 481.03
352.51, 722.00, 231.24
349.15, 721.90, 356.19
345.78, 721.81, 481.15
101.83, 475.55, 351.24
103.06, 474.97, 476.23
104.30, 474.39, 601.22
98.46, 600.50, 351.85
99.70, 599.92, 476.84
100.93, 599.34, 601.84
95.10, 725.45, 352.46
96.33, 724.87, 477.45
97.56, 724.30, 602.45
226.78, 478.92, 350.02
228.01, 478.34, 475.02
229.25, 477.76, 600.01
223.41, 603.87, 350.63
224.65, 603.29, 475.63
225.88, 602.72, 600.62
220.04, 728.83, 351.25
221.28, 728.25, 476.24
222.51, 727.67, 601.23
351.73, 482.29, 348.81
352.96, 481.72, 473.80
354.19, 481.14, 598.79
348.36, 607.25, 349.42
349.59, 606.67, 474.41
350.83, 606.09, 599.40
344.99, 732.20, 350.03
346.23, 731.62, 475.02
347.46, 731.04, 600.01
101.12, 473.91, 474.85
100.04, 475.22, 599.83
98.95, 476.53, 724.82
101.55, 598.90, 473.54
100.46, 600.21, 598.53
99.38, 601.52, 723.52
101.97, 723.89, 472.23
100.88, 725.20, 597.22
99.80, 726.51, 722.21
226.12, 473.50, 475.94
225.03, 474.81, 600.92
223.95, 476.11, 725.91
226.54, 598.49, 474.63
225.45, 599.80, 599.62
224.37, 601.11, 724.61
226.96, 723.48, 473.32
225.88, 724.79, 598.31
224.79, 726.10, 723.30
351.11, 473.08, 477.02
350.03, 474.39, 602.01
348.94, 475.70, 727.00
351.53, 598.08, 475.72
350.45, 599.39, 600.71
349.36, 600.70, 725.70
351.96, 723.07, 474.41
350.87, 724.38, 599.40
349.79, 725.69, 724.39
99.43, 474.40, 600.73
96.09, 476.38, 725.67
92.75, 478.37, 850.61
102.94, 599.34, 598.84
99.61, 601.32, 723.78
96.27, 603.30, 848.72
106.46, 724.27, 596.95
103.13, 726.26, 721.89
99.79, 728.24, 846.83
224.33, 470.93, 604.12
221.00, 472.92, 729.06
217.66, 474.90, 854.00
227.85, 595.87, 602.23
224.52, 597.85, 727.17
221.18, 599.84, 852.11
231.37, 720.81, 600.34
228.03, 722.79, 725.28
224.70, 724.77, 850.22
349.24, 467.47, 607.51
345.90, 469.45, 732.45
342.57, 471.43, 857.39
352.76, 592.40, 605.62
349.42, 594.39, 730.56
346.09, 596.37, 855.50
356.28, 717.34, 603.73
352.94, 719.32, 728.67
349.60, 721.31, 853.61
101.83, 599.03, 99.10
101.48, 602.04, 224.06
101.14, 605.04, 349.02
101.74, 724.00, 96.09
101.40, 727.00, 221.05
101.05, 730.01, 346.02
101.66, 848.96, 93.09
101.32, 851.97, 218.05
100.97, 854.97, 343.01
226.83, 599.12, 99.44
226.48, 602.13, 224.40
226.13, 605.13, 349.37
226.74, 724.09, 96.43
226.40, 727.09, 221.40
226.05, 730.10, 346.36
226.66, 849.05, 93.43
226.32, 852.06, 218.39
225.97, 855.06, 343.36
351.82, 599.22, 99.78
351.48, 602.22, 224.75
351.13, 605.22, 349.71
351.74, 724.18, 96.78
351.40, 727.18, 221.74
351.05, 730.19, 346.70
351.66, 849.14, 93.77
351.31, 852.15, 218.74
350.97, 855.15, 343.70
100.80, 601.74, 225.80
102.87, 599.97, 350.77
104.93, 598.20, 475.74
98.24, 726.70, 227.62
100.30, 724.93, 352.59
102.36, 723.16, 477.56
95.67, 851.66, 229.43
97.74, 849.89, 354.40
99.80, 848.12, 479.37
225.76, 604.34, 223.78
227.82, 602.57, 348.75
229.89, 600.79, 473.72
223.20, 729.30, 225.59
225.26, 727.53, 350.56
227.32, 725.75, 475.53
220.63, 854.26, 227.40
222.69, 852.49, 352.37
224.76, 850.72, 477.34
350.72, 606.93, 221.75
352.78, 605.16, 346.72
354.84, 603.39, 471.69
348.15, 731.89, 223.56
350.21, 730.12, 348.53
352.28, 728.35, 473.51
345.59, 856.85, 225.38
347.65, 855.08, 350.35
349.71, 853.31, 475.32
99.59, 599.44, 351.05
97.90, 600.43, 476.04
96.20, 601.43, 601.02
96.31, 724.39, 350.01
94.61, 725.39, 475.00
92.92, 726.38, 599.98
93.03, 849.34, 348.97
91.33, 850.34, 473.96
89.63, 851.34, 598.94
224.54, 602.74, 352.72
222.84, 603.73, 477.71
221.14, 604.73, 602.69
221.26, 727.69, 351.68
219.56, 728.68, 476.67
217.86, 729.68, 601.65
217.97, 852.64, 350.64
216.28, 853.64, 475.63
214.58, 854.63, 600.61
349.48, 606.03, 354.39
347.79, 607.03, 479.38
346.09, 608.02, 604.36
346.20, 730.98, 353.35
344.50, 731.98, 478.34
342.81, 732.98, 603.32
342.92, 855.94, 352.31
341.22, 856.93, 477.30
339.52, 857.93, 602.28
101.95, 598.31, 473.39
98.76, 596.57, 598.34
95.57, 594.83, 723.28
101.75, 723.30, 475.12
98.56, 721.56, 600.07
95.37, 719.82, 725.02
101.55, 848.29, 476.86
98.36, 846.55, 601.81
95.18, 844.81, 726.75
226.91, 598.46, 476.58
223.72, 596.73, 601.53
220.53, 594.99, 726.48
226.71, 723.45, 478.32
223.52, 721.71, 603.26
220.33, 719.97, 728.21
226.51, 848.44, 480.05
223.32, 846.70, 605.00
220.13, 844.96, 729.94
351.87, 598.62, 479.77
348.68, 596.88, 604.72
345.49, 595.14, 729.67
351.67, 723.61, 481.51
348.48, 721.87, 606.45
345.29, 720.13, 731.40
351.47, 848.60, 483.24
348.28, 846.86, 608.19
345.09, 845.12, 733.14
98.59, 600.67, 600.97
96.60, 598.02, 725.93
94.62, 595.36, 850.89
96.68, 725.63, 603.60
94.69, 722.98, 728.55
92.71, 720.32, 853.51
94.77, 850.59, 606.22
92.78, 847.93, 731.18
90.80, 845.28, 856.14
223.56, 602.54, 603.00
221.57, 599.89, 727.96
219.59, 597.23, 852.91
221.65, 727.50, 605.62
219.66, 724.84, 730.58
217.68, 722.19, 855.54
219.74, 852.46, 608.25
217.75, 849.80, 733.21
215.76, 847.15, 858.16
348.53, 604.41, 605.03
346.54, 601.76, 729.98
344.56, 599.10, 854.94
346.62, 729.37, 607.65
344.63, 726.71, 732.61
342.65, 724.06, 857.56
344.71, 854.33, 610.28
342.72, 851.67, 735.23
340.73, 849.02, 860.19
224.44, 101.45, 101.23
221.22, 101.14, 226.19
218.01, 100.83, 351.15
221.68, 226.42, 101.47
218.47, 226.11, 226.43
215.25, 225.80, 351.39
218.93, 351.39, 101.71
215.71, 351.08, 226.67
212.50, 350.77, 351.63
349.37, 104.19, 104.45
346.15, 103.88, 229.41
342.93, 103.57, 354.37
346.61, 229.16, 104.69
343.40, 228.85, 229.65
340.18, 228.54, 354.61
343.86, 354.13, 104.93
340.64, 353.82, 229.89
337.43, 353.51, 354.85
474.29, 106.94, 107.67
471.08, 106.63, 232.63
467.86, 106.32, 357.59
471.54, 231.91, 107.91
468.32, 231.60, 232.87
465.11, 231.29, 357.83
468.79, 356.88, 108.15
465.57, 356.57, 233.11
462.35, 356.26, 358.07
226.32, 99.53, 225.63
223.54, 98.01, 350.59
220.75, 96.48, 475.55
224.69, 224.51, 227.12
221.91, 222.99, 352.08
219.12, 221.46, 477.04
223.06, 349.49, 228.61
220.28, 347.97, 353.57
217.49, 346.44, 478.53
351.28, 101.13, 228.43
348.50, 99.60, 353.39
345.71, 98.08, 478.35
349.65, 226.11, 229.92
346.87, 224.58, 354.88
344.08, 223.06, 479.84
348.02, 351.09, 231.41
345.24, 349.56, 356.37
342.45, 348.04, 481.33
476.24, 102.73, 231.24
473.45, 101.20, 356.20
470.67, 99.67, 481.16
474.61, 227.71, 232.73
471.82, 226.18, 357.69
469.04, 224.66, 482.65
472.98, 352.69, 234.22
470.19, 351.16, 359.18
467.41, 349.64, 484.14
226.00, 101.44, 348.48
226.22, 102.06, 473.48
226.45, 102.68, 598.48
226.52, 226.44, 347.86
226.75, 227.06, 472.86
226.98, 227.68, 597.86
227.05, 351.44, 347.24
227.28, 352.06, 472.24
227.50, 352.68, 597.24
350.99, 100.92, 348.26
351.22, 101.54, 473.26
351.45, 102.16, 598.26
351.52, 225.91, 347.64
351.75, 226.53, 472.64
351.97, 227.15, 597.63
352.05, 350.91, 347.02
352.28, 351.53, 472.01
352.50, 352.15, 597.01
475.99, 100.39, 348.04
476.22, 101.01, 473.03
476.45, 101.63, 598.03
476.52, 225.38, 347.41
476.75, 226.00, 472.41
476.97, 226.63, 597.41
477.05, 350.38, 346.79
477.27, 351.00, 471.79
477.50, 351.62, 596.79
226.44, 99.99, 475.72
227.23, 99.43, 600.71
228.03, 98.88, 725.71
226.72, 224.99, 476.27
227.51, 224.43, 601.27
228.31, 223.88, 726.27
227.00, 349.99, 476.83
227.79, 349.43, 601.82
228.59, 348.87, 726.82
351.43, 99.71, 474.92
352.23, 99.16, 599.92
353.02, 98.60, 724.91
351.71, 224.71, 475.48
352.51, 224.16, 600.47
353.30, 223.60, 725.47
351.99, 349.71, 476.03
352.79, 349.15, 601.03
353.58, 348.60, 726.02
476.43, 99.44, 474.12
477.23, 98.88, 599.12
478.02, 98.32, 724.12
476.71, 224.44, 474.68
477.51, 223.88, 599.68
478.30, 223.32, 724.67
476.99, 349.43, 475.24
477.79, 348.88, 600.23
478.58, 348.32, 725.23
224.03, 99.02, 600.48
222.14, 96.71, 725.44
220.25, 94.40, 850.40
224.71, 224.00, 602.80
222.82, 221.68, 727.76
220.93, 219.37, 852.73
225.38, 348.97, 605.12
223.49, 346.66, 730.08
221.60, 344.35, 855.05
349.01, 98.31, 602.35
347.13, 96.00, 727.32
345.24, 93.69, 852.28
349.69, 223.29, 604.67
347.80, 220.97, 729.64
345.91, 218.66, 854.60
350.36, 348.26, 607.00
348.48, 345.95, 731.96
346.59, 343.64, 856.92
474.00, 97.60, 604.23
472.11, 95.29, 729.19
470.22, 92.98, 854.16
474.67, 222.58, 606.55
472.78, 220.27, 731.51
470.90, 217.95, 856.48
475.35, 347.55, 608.87
473.46, 345.24, 733.84
471.57, 342.93, 858.80
225.73, 223.56, 101.73
229.22, 221.72, 226.67
232.71, 219.88, 351.60
223.16, 348.52, 103.64
226.65, 346.68, 228.58
230.15, 344.83, 353.52
220.59, 473.47, 105.55
224.09, 471.63, 230.49
227.58, 469.79, 355.43
350.65, 226.18, 98.27
354.15, 224.34, 223.21
357.64, 222.50, 348.15
348.08, 351.13, 100.19
351.58, 349.29, 225.12
355.07, 347.45, 350.06
345.52, 476.09, 102.10
349.01, 474.25, 227.04
352.50, 472.41, 351.97
475.58, 228.80, 94.82
479.07, 226.96, 219.76
482.56, 225.11, 344.70
473.01, 353.75, 96.73
476.50, 351.91, 221.67
480.00, 350.07, 346.61
470.44, 478.71, 98.64
473.93, 476.87, 223.58
477.43, 475.03, 348.52
225.24, 223.07, 225.20
221.83, 225.73, 350.12
218.42, 228.39, 475.05
227.28, 348.03, 222.60
223.87, 350.69, 347.52
220.45, 353.34, 472.45
229.31, 472.99, 220.00
225.90, 475.64, 344.92
222.49, 478.30, 469.85
350.18, 221.11, 228.65
346.77, 223.77, 353.58
343.35, 226.42, 478.50
352.21, 346.06, 226.05
348.80, 348.72, 350.98
345.39, 351.38, 475.90
354.25, 471.02, 223.45
350.84, 473.68, 348.38
347.43, 476.33, 473.30
475.11, 219.14, 232.11
471.70, 221.80, 357.03
468.29, 224.46, 481.96
477.15, 344.10, 229.51
473.74, 346.76, 354.43
470.33, 349.41, 479.36
479.19, 469.06, 226.90
475.78, 471.71, 351.83
472.36, 474.37, 476.76
226.57, 226.57, 348.25
230.25, 229.07, 473.17
233.92, 231.57, 598.09
225.66, 351.54, 345.77
229.33, 354.04, 470.69
233.01, 356.55, 595.61
224.75, 476.51, 343.30
228.42, 479.02, 468.22
232.09, 481.52, 593.14
351.52, 227.41, 344.56
355.19, 229.91, 469.48
358.87, 232.41, 594.40
350.60, 352.38, 342.08
354.28, 354.89, 467.00
357.95, 357.39, 591.92
349.69, 477.36, 339.61
353.36, 479.86, 464.53
357.04, 482.36, 589.45
476.46, 228.25, 340.87
480.13, 230.75, 465.79
483.81, 233.26, 590.71
475.55, 353.23, 338.39
479.22, 355.73, 463.31
482.89, 358.23, 588.23
474.63, 478.20, 335.91
478.30, 480.70, 460.84
481.98, 483.20, 585.76
223.21, 224.39, 476.01
220.40, 227.70, 600.93
217.60, 231.00, 725.86
226.59, 349.30, 472.78
223.79, 352.61, 597.70
220.99, 355.92, 722.63
229.98, 474.22, 469.55
227.18, 477.52, 594.47
224.38, 480.83, 719.40
348.13, 221.08, 478.90
345.33, 224.38, 603.82
342.52, 227.69, 728.75
351.52, 345.99, 475.67
348.71, 349.30, 600.59
345.91, 352.60, 725.52
354.91, 470.90, 472.44
352.10, 474.21, 597.36
349.30, 477.51, 722.29
473.05, 217.76, 481.79
470.25, 221.07, 606.71
467.45, 224.38, 731.64
476.44, 342.68, 478.56
473.64, 345.98, 603.48
470.84, 349.29, 728.41
479.83, 467.59, 475.33
477.03, 470.89, 600.25
474.22, 474.20, 725.18
224.01, 224.87, 598.20
225.09, 227.27, 723.17
226.17, 229.67, 848.14
225.81, 349.84, 595.78
226.89, 352.23, 720.75
227.97, 354.63, 845.73
227.61, 474.80, 593.37
228.69, 477.20, 718.34
229.78, 479.60, 843.31
348.99, 223.05, 597.15
350.07, 225.45, 722.12
351.15, 227.85, 847.09
350.79, 348.01, 594.73
351.87, 350.41, 719.71
352.96, 352.81, 844.68
352.59, 472.98, 592.32
353.68, 475.38, 717.29
354.76, 477.77, 842.26
473.97, 221.23, 596.10
475.05, 223.62, 721.07
476.14, 226.02, 846.05
475.77, 346.19, 593.69
476.86, 348.59, 718.66
477.94, 350.99, 843.63
477.58, 471.15, 591.27
478.66, 473.55, 716.25
479.74, 475.95, 841.22
223.77, 349.89, 101.88
221.09, 351.31, 226.84
218.41, 352.72, 351.81
224.43, 474.88, 100.48
221.75, 476.30, 225.44
219.07, 477.71, 350.40
225.09, 599.87, 99.08
222.41, 601.29, 224.04
219.73, 602.70, 349.00
348.74, 349.26, 104.56
346.06, 350.68, 229.53
343.38, 352.09, 354.49
349.40, 474.25, 103.16
346.72, 475.67, 228.13
344.04, 477.08, 353.09
350.06, 599.24, 101.76
347.38, 600.66, 226.72
344.70, 602.07, 351.69
473.71, 348.63, 107.25
471.03, 350.05, 232.21
468.35, 351.46, 357.18
474.37, 473.62, 105.85
471.69, 475.04, 230.81
469.01, 476.46, 355.77
475.03, 598.61, 104.45
472.35, 600.03, 229.41
469.67, 601.45, 354.37
223.75, 350.19, 223.37
224.37, 348.22, 348.36
225.00, 346.26, 473.34
226.44, 475.14, 225.32
227.07, 473.18, 350.31
227.70, 471.22, 475.29
229.14, 600.10, 227.27
229.76, 598.14, 352.25
230.39, 596.17, 477.24
348.72, 347.50, 222.70
349.34, 345.54, 347.69
349.97, 343.58, 472.67
351.41, 472.46, 224.65
352.04, 470.49, 349.64
352.66, 468.53, 474.62
354.11, 597.41, 226.60
354.73, 595.45, 351.59
355.36, 593.49, 476.57
473.69, 344.82, 222.04
474.31, 342.85, 347.02
474.94, 340.89, 472.00
476.38, 469.77, 223.99
477.01, 467.81, 348.97
477.63, 465.85, 473.95
479.08, 594.73, 225.94
479.70, 592.77, 350.92
480.33, 590.80, 475.90
226.80, 351.58, 349.27
223.25, 348.35, 474.18
219.69, 345.13, 599.09
229.37, 476.51, 352.57
225.81, 473.28, 477.48
222.26, 470.06, 602.38
231.94, 601.44, 355.86
228.38, 598.21, 480.77
224.83, 594.99, 605.68
351.72, 348.92, 352.76
348.17, 345.69, 477.67
344.61, 342.47, 602.57
354.29, 473.85, 356.06
350.74, 470.62, 480.96
347.18, 467.40, 605.87
356.86, 598.78, 359.35
353.30, 595.55, 484.26
349.75, 592.33, 609.17
476.65, 346.26, 356.25
473.09, 343.03, 481.15
469.54, 339.81, 606.06
479.22, 471.19, 359.54
475.66, 467.96, 484.45
472.10, 464.74, 609.36
481.78, 596.12, 362.84
478.23, 592.89, 487.75
474.67, 589.67, 612.65
223.49, 348.82, 475.90
222.30, 348.59, 600.90
221.12, 348.36, 725.89
221.37, 473.80, 476.11
220.18, 473.57, 601.11
219.00, 473.34, 726.10
219.25, 598.78, 476.32
218.07, 598.55, 601.32
216.88, 598.32, 726.31
348.46, 350.94, 477.09
347.28, 350.71, 602.09
346.09, 350.48, 727.08
346.35, 475.92, 477.30
345.16, 475.69, 602.30
343.98, 475.46, 727.29
344.23, 600.90, 477.51
343.04, 600.67, 602.51
341.86, 600.44, 727.50
473.44, 353.05, 478.28
472.25, 352.82, 603.28
471.07, 352.59, 728.27
471.32, 478.03, 478.49
470.14, 477.80, 603.49
468.95, 477.57, 728.48
469.21, 603.02, 478.70
468.02, 602.79, 603.70
466.83, 602.56, 728.69
225.01, 349.02, 598.18
228.55, 352.20, 723.09
232.10, 355.39, 848.00
223.95, 473.98, 595.03
227.49, 477.16, 719.94
231.04, 480.34, 844.85
222.89, 598.93, 591.88
226.44, 602.12, 716.78
229.98, 605.30, 841.69
349.96, 349.99, 594.61
353.50, 353.17, 719.52
357.04, 356.36, 844.43
348.90, 474.95, 591.46
352.44, 478.13, 716.37
355.98, 481.31, 841.28
347.84, 599.90, 588.31
351.38, 603.09, 713.22
354.92, 606.27, 838.13
474.90, 350.96, 591.04
478.44, 354.14, 715.95
481.99, 357.33, 840.86
473.84, 475.92, 587.89
477.39, 479.10, 712.80
480.93, 482.28, 837.71
472.78, 600.87, 584.74
476.33, 604.05, 709.65
479.87, 607.24, 834.56
223.80, 475.71, 99.92
222.30, 473.47, 224.89
220.81, 471.24, 349.86
225.02, 600.68, 102.17
223.53, 598.45, 227.14
222.03, 596.21, 352.12
226.24, 725.66, 104.43
224.75, 723.42, 229.40
223.26, 721.18, 354.37
348.78, 474.46, 101.39
347.29, 472.22, 226.36
345.79, 469.99, 351.34
350.00, 599.43, 103.64
348.51, 597.20, 228.62
347.02, 594.96, 353.59
351.23, 724.41, 105.90
349.74, 722.17, 230.87
348.24, 719.93, 355.84
473.77, 473.21, 102.86
472.27, 470.97, 227.84
470.78, 468.74, 352.81
474.99, 598.18, 105.12
473.50, 595.95, 230.09
472.00, 593.71, 355.06
476.21, 723.16, 107.37
474.72, 720.92, 232.34
473.23, 718.68, 357.31
226.81, 476.37, 224.21
227.67, 476.15, 349.21
228.53, 475.92, 474.21
229.50, 601.34, 224.42
230.36, 601.12, 349.41
231.21, 600.89, 474.41
232.19, 726.31, 224.62
233.04, 726.09, 349.62
233.90, 725.87, 474.61
351.78, 473.68, 223.35
352.64, 473.46, 348.35
353.49, 473.24, 473.35
354.47, 598.65, 223.56
355.32, 598.43, 348.55
356.18, 598.21, 473.55
357.15, 723.62, 223.76
358.01, 723.40, 348.76
358.87, 723.18, 473.75
476.75, 471.00, 222.49
477.61, 470.78, 347.49
478.46, 470.55, 472.49
479.43, 595.97, 222.69
480.29, 595.75, 347.69
481.15, 595.52, 472.69
482.12, 720.94, 222.90
482.98, 720.72, 347.89
483.83, 720.50, 472.89
223.59, 476.83, 349.44
222.95, 478.65, 474.42
222.31, 480.47, 599.41
221.52, 601.80, 347.60
220.88, 603.62, 472.59
220.24, 605.44, 597.57
219.45, 726.77, 345.77
218.81, 728.59, 470.76
218.17, 730.41, 595.74
348.57, 478.91, 350.05
347.93, 480.73, 475.03
347.29, 482.55, 600.02
346.50, 603.88, 348.21
345.86, 605.70, 473.20
345.22, 607.52, 598.18
344.43, 728.85, 346.38
343.79, 730.67, 471.37
343.15, 732.49, 596.35
473.55, 480.99, 350.66
472.91, 482.81, 475.64
472.27, 484.63, 600.63
471.48, 605.96, 348.82
470.84, 607.78, 473.81
470.20, 609.60, 598.79
469.41, 730.93, 346.99
468.77, 732.75, 471.98
468.13, 734.57, 596.96
223.52, 475.41, 476.24
222.77, 477.62, 601.21
222.01, 479.84, 726.19
226.89, 600.34, 474.04
226.13, 602.56, 599.02
225.38, 604.78, 724.00
230.25, 725.28, 471.84
229.50, 727.50, 596.82
228.74, 729.71, 721.80
348.47, 472.05, 477.05
347.72, 474.27, 602.03
346.96, 476.49, 727.01
351.84, 596.99, 474.85
351.08, 599.21, 599.83
350.33, 601.42, 724.81
355.21, 721.93, 472.66
354.45, 724.14, 597.64
353.70, 726.36, 722.62
473.42, 468.70, 477.86
472.67, 470.92, 602.84
471.92, 473.14, 727.82
476.79, 593.64, 475.67
476.04, 595.85, 600.65
475.28, 598.07, 725.63
480.16, 718.57, 473.47
479.40, 720.79, 598.45
478.65, 723.01, 723.43
223.96, 476.81, 600.30
220.79, 475.85, 725.26
217.62, 474.90, 850.21
220.30, 601.75, 601.16
217.13, 600.80, 726.12
213.96, 599.84, 851.07
216.64, 726.70, 602.02
213.47, 725.74, 726.98
210.29, 724.79, 851.93
348.86, 480.45, 603.50
345.69, 479.49, 728.45
342.52, 478.54, 853.41
345.20, 605.39, 604.36
342.03, 604.44, 729.32
338.86, 603.48, 854.27
341.54, 730.33, 605.22
338.37, 729.38, 730.18
335.20, 728.42, 855.13
473.77, 484.08, 606.70
470.60, 483.13, 731.65
467.43, 482.18, 856.61
470.11, 609.03, 607.56
466.94, 608.07, 732.51
463.77, 607.12, 857.47
466.45, 733.97, 608.42
463.28, 733.02, 733.37
460.11, 732.06, 858.33
224.12, 601.94, 99.83
226.72, 599.69, 224.79
229.32, 597.44, 349.74
222.14, 726.91, 102.13
224.74, 724.65, 227.08
227.34, 722.40, 352.03
220.16, 851.87, 104.42
222.76, 849.62, 229.37
225.37, 847.37, 354.32
349.08, 603.97, 97.27
351.68, 601.72, 222.22
354.28, 599.47, 347.17
347.10, 728.93, 99.56
349.70, 726.68, 224.51
352.30, 724.43, 349.47
345.12, 853.89, 101.85
347.72, 851.64, 226.81
350.32, 849.39, 351.76
474.04, 605.99, 94.70
476.64, 603.74, 219.66
479.24, 601.49, 344.61
472.06, 730.96, 97.00
474.66, 728.71, 221.95
477.26, 726.45, 346.90
470.08, 855.92, 99.29
472.68, 853.67, 224.24
475.28, 851.42, 349.20
224.77, 598.19, 225.14
227.92, 594.51, 350.05
231.07, 590.82, 474.95
228.30, 723.09, 228.74
231.45, 719.40, 353.64
234.60, 715.72, 478.55
231.83, 847.99, 232.33
234.98, 844.30, 357.24
238.13, 840.62, 482.14
349.68, 594.75, 221.89
352.83, 591.07, 346.79
355.98, 587.38, 471.70
353.21, 719.65, 225.48
356.36, 715.97, 350.39
359.51, 712.28, 475.30
356.74, 844.55, 229.08
359.89, 840.86, 353.98
363.04, 837.18, 478.89
474.59, 591.31, 218.64
477.74, 587.63, 343.54
480.89, 583.94, 468.45
478.12, 716.21, 222.23
481.27, 712.53, 347.14
484.42, 708.84, 472.04
481.65, 841.11, 225.83
484.80, 837.43, 350.73
487.95, 833.74, 475.64
226.20, 601.00, 348.37
226.80, 598.35, 473.34
227.39, 595.70, 598.31
226.27, 725.97, 351.02
226.87, 723.32, 475.99
227.47, 720.67, 600.96
226.35, 850.94, 353.67
226.94, 848.29, 478.64
227.54, 845.64, 603.61
351.20, 600.94, 347.77
351.79, 598.29, 472.74
352.39, 595.64, 597.72
351.27, 725.91, 350.42
351.87, 723.26, 475.39
352.46, 720.61, 600.36
351.35, 850.88, 353.07
351.94, 848.23, 478.04
352.54, 845.58, 603.01
476.20, 600.87, 347.18
476.79, 598.23, 472.15
477.39, 595.58, 597.12
476.27, 725.85, 349.83
476.87, 723.20, 474.80
477.46, 720.55, 599.77
476.34, 850.82, 352.47
476.94, 848.17, 477.44
477.54, 845.52, 602.41
225.39, 600.37, 475.99
228.22, 602.31, 600.94
231.05, 604.26, 725.90
226.39, 725.35, 474.02
229.22, 727.29, 598.97
232.05, 729.24, 723.93
227.39, 850.33, 472.05
230.22, 852.27, 597.01
233.06, 854.22, 721.96
350.35, 599.32, 473.18
353.18, 601.26, 598.13
356.01, 603.21, 723.08
351.35, 724.30, 471.21
354.18, 726.24, 596.16
357.02, 728.19, 721.11
352.36, 849.28, 469.24
355.19, 851.22, 594.19
358.02, 853.17, 719.14
475.31, 598.27, 470.36
478.14, 600.21, 595.31
480.97, 602.16, 720.27
476.32, 723.25, 468.39
479.15, 725.19, 593.35
481.98, 727.14, 718.30
477.32, 848.23, 466.42
480.15, 850.18, 591.38
482.98, 852.12, 716.33
226.02, 600.41, 601.75
225.84, 597.90, 726.72
225.66, 595.38, 851.69
227.99, 725.37, 604.27
227.81, 722.86, 729.24
227.63, 720.34, 854.21
229.96, 850.33, 606.78
229.78, 847.81, 731.76
229.60, 845.30, 856.73
351.01, 598.44, 601.89
350.82, 595.93, 726.86
350.64, 593.41, 851.84
352.97, 723.40, 604.41
352.79, 720.88, 729.38
352.61, 718.37, 854.35
354.94, 848.36, 606.93
354.76, 845.84, 731.90
354.58, 843.33, 856.87
475.99, 596.47, 602.03
475.81, 593.95, 727.00
475.63, 591.44, 851.98
477.96, 721.43, 604.55
477.78, 718.91, 729.52
477.60, 716.40, 854.50
479.93, 846.39, 607.07
479.75, 843.87, 732.04
479.57, 841.36, 857.01
350.31, 100.20, 99.09
346.88, 97.60, 224.02
343.45, 95.01, 348.94
352.35, 225.15, 101.74
348.92, 222.56, 226.67
345.49, 219.97, 351.59
354.39, 350.11, 104.39
350.96, 347.52, 229.31
347.53, 344.92, 354.24
475.24, 98.08, 102.48
471.81, 95.49, 227.40
468.39, 92.90, 352.33
477.28, 223.04, 105.12
473.86, 220.45, 230.05
470.43, 217.86, 354.98
479.33, 347.99, 107.77
475.90, 345.40, 232.70
472.47, 342.81, 357.62
600.18, 95.97, 105.86
596.75, 93.38, 230.79
593.32, 90.79, 355.71
602.22, 220.93, 108.51
598.79, 218.33, 233.44
595.36, 215.74, 358.36
604.26, 345.88, 111.16
600.83, 343.29, 236.08
597.41, 340.70, 361.01
348.63, 99.75, 226.36
344.93, 100.30, 351.30
341.23, 100.84, 476.24
346.10, 224.73, 225.74
342.40, 225.27, 350.68
338.70, 225.81, 475.63
343.57, 349.70, 225.12
339.87, 350.24, 350.07
336.16, 350.79, 475.01
473.55, 102.30, 230.05
469.85, 102.85, 354.99
466.15, 103.39, 479.94
471.02, 227.28, 229.43
467.32, 227.82, 354.37
463.61, 228.36, 479.32
468.49, 352.25, 228.81
464.79, 352.79, 353.76
461.08, 353.34, 478.70
598.47, 104.85, 233.74
594.77, 105.40, 358.68
591.07, 105.94, 483.63
595.94, 229.83, 233.12
592.24, 230.37, 358.07
588.53, 230.91, 483.01
593.41, 354.80, 232.50
589.71, 355.34, 357.45
586.00, 355.88, 482.39
349.79, 99.32, 348.67
351.12, 98.89, 473.66
352.44, 98.46, 598.65
350.30, 224.32, 349.10
351.63, 223.89, 474.09
352.95, 223.46, 599.08
350.81, 349.32, 349.52
352.14, 348.89, 474.51
353.46, 348.45, 599.51
474.78, 98.82, 347.34
476.11, 98.39, 472.33
477.43, 97.95, 597.33
475.29, 223.82, 347.77
476.62, 223.38, 472.76
477.94, 222.95, 597.75
475.80, 348.81, 348.20
477.13, 348.38, 473.19
478.45, 347.95, 598.18
599.77, 98.31, 346.01
601.10, 97.88, 471.01
602.43, 97.45, 596.00
600.28, 223.31, 346.44
601.61, 222.88, 471.43
602.94, 222.44, 596.43
600.80, 348.31, 346.87
602.12, 347.88, 471.86
603.45, 347.44, 596.85
348.81, 101.39, 474.03
347.41, 99.58, 599.01
346.01, 97.76, 723.99
349.34, 226.38, 475.85
347.94, 224.56, 600.83
346.53, 222.75, 725.81
349.87, 351.36, 477.67
348.47, 349.55, 602.65
347.06, 347.73, 727.63
473.80, 100.84, 475.43
472.40, 99.03, 600.40
471.00, 97.21, 725.38
474.33, 225.83, 477.25
472.93, 224.01, 602.23
471.53, 222.20, 727.21
474.86, 350.81, 479.07
473.46, 349.00, 604.05
472.05, 347.18, 729.03
598.79, 100.29, 476.82
597.39, 98.48, 601.80
595.99, 96.66, 726.78
599.32, 225.28, 478.64
597.92, 223.46, 603.62
596.52, 221.65, 728.60
599.85, 350.26, 480.46
598.45, 348.45, 605.44
597.05, 346.63, 730.42
350.39, 101.70, 601.19
353.84, 104.91, 726.10
357.29, 108.12, 851.01
350.03, 226.66, 597.99
353.48, 229.87, 722.90
356.93, 233.08, 847.81
349.68, 351.62, 594.79
353.12, 354.83, 719.70
356.57, 358.04, 844.61
475.35, 101.97, 597.74
478.79, 105.18, 722.65
482.24, 108.39, 847.56
474.99, 226.93, 594.54
478.43, 230.14, 719.45
481.88, 233.35, 844.36
474.63, 351.89, 591.33
478.07, 355.10, 716.24
481.52, 358.31, 841.15
600.30, 102.24, 594.28
603.74, 105.45, 719.20
607.19, 108.66, 844.11
599.94, 227.20, 591.08
603.38, 230.41, 715.99
606.83, 233.62, 840.90
599.58, 352.16, 587.88
603.03, 355.37, 712.79
606.47, 358.58, 837.70
348.39, 225.55, 98.42
348.47, 222.33, 223.38
348.55, 219.11, 348.34
346.26, 350.49, 101.64
346.34, 347.27, 226.60
346.42, 344.05, 351.56
344.13, 475.43, 104.87
344.21, 472.21, 229.82
344.29, 468.99, 354.78
473.37, 227.68, 98.40
473.45, 224.46, 223.35
473.53, 221.24, 348.31
471.24, 352.62, 101.62
471.32, 349.40, 226.58
471.40, 346.18, 351.53
469.11, 477.56, 104.84
469.19, 474.34, 229.80
469.27, 471.12, 354.76
598.35, 229.81, 98.37
598.43, 226.59, 223.33
598.51, 223.37, 348.29
596.22, 354.75, 101.59
596.30, 351.53, 226.55
596.38, 348.31, 351.51
594.09, 479.69, 104.81
594.18, 476.47, 229.77
594.26, 473.25, 354.73
351.33, 224.63, 225.58
349.96, 222.07, 350.54
348.59, 219.51, 475.51
348.29, 349.57, 228.10
346.92, 347.01, 353.07
345.55, 344.45, 478.04
345.25, 474.51, 230.63
343.88, 471.94, 355.60
342.51, 469.38, 480.56
476.29, 227.64, 227.01
474.92, 225.08, 351.97
473.55, 222.52, 476.94
473.24, 352.58, 229.53
471.88, 350.02, 354.50
470.51, 347.46, 479.47
470.20, 477.52, 232.06
468.83, 474.96, 357.03
467.47, 472.40, 481.99
601.24, 230.66, 228.44
599.87, 228.10, 353.40
598.50, 225.53, 478.37
598.20, 355.60, 230.96
596.83, 353.03, 355.93
595.46, 350.47, 480.90
595.16, 480.53, 233.49
593.79, 477.97, 358.46
592.42, 475.41, 483.42
349.09, 223.01, 349.41
345.67, 225.98, 474.33
342.26, 228.95, 599.25
352.70, 347.93, 346.54
349.29, 350.90, 471.46
345.87, 353.87, 596.38
356.32, 472.84, 343.67
352.90, 475.81, 468.59
349.49, 478.78, 593.51
473.99, 219.48, 352.91
470.57, 222.45, 477.83
467.16, 225.42, 602.74
477.60, 344.39, 350.04
474.19, 347.36, 474.96
470.78, 350.33, 599.87
481.22, 469.31, 347.17
477.80, 472.28, 472.09
474.39, 475.25, 597.00
598.89, 215.94, 356.41
595.48, 218.91, 481.32
592.06, 221.88, 606.24
602.50, 340.86, 353.54
599.09, 343.83, 478.45
595.68, 346.80, 603.37
606.12, 465.77, 350.67
602.70, 468.74, 475.58
599.29, 471.71, 600.50
349.59, 224.11, 476.37
350.69, 224.66, 601.36
351.78, 225.21, 726.36
351.83, 349.08, 475.80
352.92, 349.64, 600.79
354.02, 350.19, 725.78
354.06, 474.06, 475.22
355.16, 474.62, 600.22
356.25, 475.17, 725.21
474.57, 221.86, 475.28
475.66, 222.42, 600.28
476.76, 222.97, 725.27
476.80, 346.84, 474.71
477.90, 347.40, 599.70
478.99, 347.95, 724.70
479.04, 471.82, 474.14
480.13, 472.37, 599.13
481.23, 472.93, 724.13
599.54, 219.62, 474.20
600.64, 220.17, 599.19
601.73, 220.73, 724.19
601.78, 344.60, 473.63
602.87, 345.15, 598.62
603.97, 345.71, 723.61
604.02, 469.58, 473.05
605.11, 470.13, 598.05
606.20, 470.69, 723.04
350.08, 226.58, 598.68
347.50, 227.23, 723.65
344.92, 227.88, 848.62
352.61, 351.56, 598.08
350.03, 352.20, 723.05
347.45, 352.85, 848.03
355.14, 476.53, 597.49
352.56, 477.18, 722.46
349.98, 477.82, 847.43
475.03, 224.07, 601.27
472.45, 224.72, 726.24
469.87, 225.36, 851.21
477.56, 349.04, 600.68
474.98, 349.69, 725.65
472.40, 350.34, 850.62
480.09, 474.01, 600.08
477.50, 474.66, 725.05
474.92, 475.31, 850.02
599.98, 221.55, 603.86
597.40, 222.20, 728.84
594.82, 222.85, 853.81
602.50, 346.53, 603.27
599.92, 347.17, 728.24
597.34, 347.82, 853.21
605.03, 471.50, 602.67
602.45, 472.15, 727.64
599.87, 472.79, 852.62
349.13, 348.92, 98.44
347.41, 347.93, 223.42
345.70, 346.95, 348.41
348.62, 473.91, 99.42
346.91, 472.93, 224.40
345.20, 471.95, 349.38
348.12, 598.91, 100.39
346.41, 597.92, 225.38
344.69, 596.94, 350.36
474.11, 349.41, 100.16
472.40, 348.42, 225.14
470.68, 347.44, 350.13
473.61, 474.40, 101.13
471.90, 473.42, 226.12
470.18, 472.43, 351.10
473.11, 599.40, 102.11
471.39, 598.41, 227.10
469.68, 597.43, 352.08
599.10, 349.89, 101.87
597.39, 348.91, 226.86
595.67, 347.93, 351.84
598.60, 474.89, 102.85
596.88, 473.91, 227.84
595.17, 472.92, 352.82
598.10, 599.89, 103.83
596.38, 598.90, 228.81
594.67, 597.92, 353.80
348.96, 351.39, 225.91
345.91, 347.96, 350.82
342.85, 344.54, 475.74
348.27, 476.34, 229.32
345.22, 472.92, 354.23
342.16, 469.49, 479.15
347.58, 601.29, 232.73
344.53, 597.87, 357.65
341.47, 594.44, 482.56
473.92, 352.00, 228.98
470.87, 348.57, 353.89
467.81, 345.14, 478.81
473.23, 476.95, 232.39
470.18, 473.52, 357.31
467.12, 470.09, 482.22
472.54, 601.90, 235.80
469.49, 598.47, 360.72
466.43, 595.04, 485.63
598.88, 352.60, 232.05
595.83, 349.17, 356.97
592.77, 345.75, 481.88
598.19, 477.55, 235.46
595.14, 474.13, 360.38
592.08, 470.70, 485.29
597.50, 602.51, 238.88
594.45, 599.08, 363.79
591.39, 595.65, 488.71
351.45, 350.24, 348.47
350.50, 351.86, 473.46
349.55, 353.48, 598.44
353.11, 475.21, 346.86
352.15, 476.84, 471.85
351.20, 478.46, 596.83
354.76, 600.19, 345.25
353.81, 601.82, 470.23
352.86, 603.44, 595.22
476.44, 348.59, 349.45
475.49, 350.22, 474.43
474.53, 351.84, 599.42
478.09, 473.57, 347.84
477.14, 475.19, 472.82
476.19, 476.82, 597.81
479.75, 598.55, 346.23
478.80, 600.17, 471.21
477.84, 601.80, 596.20
601.43, 346.95, 350.42
600.47, 348.57, 475.41
599.52, 350.20, 600.39
603.08, 471.93, 348.81
602.13, 473.55, 473.80
601.17, 475.18, 598.78
604.74, 596.91, 347.20
603.78, 598.53, 472.19
602.83, 600.15, 597.17
350.95, 349.04, 473.98
354.69, 351.04, 598.91
358.43, 353.04, 723.84
353.57, 473.99, 471.91
357.31, 475.99, 596.83
361.05, 477.99, 721.76
356.19, 598.95, 469.83
359.93, 600.95, 594.76
363.67, 602.95, 719.69
475.86, 346.36, 470.29
479.60, 348.36, 595.21
483.34, 350.35, 720.14
478.48, 471.31, 468.21
482.22, 473.31, 593.14
485.96, 475.31, 718.07
481.10, 596.27, 466.13
484.84, 598.27, 591.06
488.58, 600.27, 715.99
600.78, 343.68, 466.59
604.52, 345.68, 591.52
608.26, 347.67, 716.45
603.40, 468.63, 464.51
607.14, 470.63, 589.44
610.88, 472.63, 714.37
606.02, 593.59, 462.44
609.76, 595.59, 587.36
613.50, 597.58, 712.29
349.82, 351.15, 599.71
347.75, 351.89, 724.69
345.68, 352.64, 849.68
347.48, 476.13, 598.93
345.41, 476.87, 723.91
343.34, 477.61, 848.89
345.14, 601.10, 598.15
343.07, 601.84, 723.13
341.00, 602.59, 848.11
474.78, 353.50, 601.77
472.71, 354.25, 726.75
470.64, 354.99, 851.73
472.44, 478.48, 600.99
470.37, 479.22, 725.97
468.30, 479.96, 850.95
470.10, 603.46, 600.21
468.03, 604.20, 725.19
465.96, 604.94, 850.17
599.74, 355.86, 603.83
597.67, 356.60, 728.81
595.60, 357.34, 853.79
597.40, 480.83, 603.05
595.33, 481.58, 728.03
593.26, 482.32, 853.01
595.06, 605.81, 602.27
592.99, 606.55, 727.25
590.92, 607.29, 852.23
348.34, 474.31, 100.67
348.32, 473.85, 225.67
348.30, 473.39, 350.67
351.98, 599.25, 101.13
351.96, 598.80, 226.13
351.94, 598.34, 351.13
355.62, 724.20, 101.59
355.60, 723.74, 226.59
355.58, 723.28, 351.59
473.29, 470.67, 100.68
473.27, 470.21, 225.68
473.25, 469.75, 350.68
476.93, 595.61, 101.14
476.91, 595.16, 226.14
476.89, 594.70, 351.13
480.57, 720.56, 101.59
480.55, 720.10, 226.59
480.53, 719.65, 351.59
598.24, 467.03, 100.69
598.22, 466.57, 225.68
598.20, 466.11, 350.68
601.88, 591.97, 101.14
601.85, 591.52, 226.14
601.83, 591.06, 351.14
605.51, 716.92, 101.60
605.49, 716.46, 226.60
605.47, 716.01, 351.60
351.68, 473.57, 223.63
353.92, 474.75, 348.60
356.16, 475.92, 473.58
354.19, 598.54, 222.41
356.43, 599.72, 347.38
358.67, 600.89, 472.36
356.70, 723.51, 221.19
358.94, 724.69, 346.16
361.18, 725.86, 471.14
476.64, 471.04, 221.41
478.88, 472.22, 346.39
481.12, 473.39, 471.36
479.15, 596.01, 220.19
481.39, 597.19, 345.17
483.63, 598.36, 470.14
481.65, 720.98, 218.97
483.89, 722.16, 343.95
486.14, 723.33, 468.92
601.59, 468.51, 219.19
603.83, 469.69, 344.17
606.07, 470.86, 469.14
604.10, 593.48, 217.98
606.34, 594.66, 342.95
608.58, 595.83, 467.92
606.61, 718.45, 216.76
608.85, 719.63, 341.73
611.09, 720.80, 466.70
351.68, 476.62, 351.21
350.93, 473.26, 476.16
350.19, 469.89, 601.11
351.82, 601.58, 354.57
351.08, 598.21, 479.53
350.33, 594.85, 604.48
351.97, 726.53, 357.94
351.22, 723.17, 482.89
350.48, 719.80, 607.85
476.67, 476.46, 351.95
475.93, 473.09, 476.90
475.19, 469.72, 601.85
476.82, 601.41, 355.31
476.08, 598.05, 480.27
475.33, 594.68, 605.22
476.97, 726.37, 358.68
476.22, 723.00, 483.63
475.48, 719.63, 608.59
601.67, 476.29, 352.68
600.93, 472.93, 477.64
600.18, 469.56, 602.59
601.82, 601.25, 356.05
601.07, 597.88, 481.00
600.33, 594.51, 605.96
601.96, 726.20, 359.42
601.22, 722.83, 484.37
600.48, 719.47, 609.33
349.55, 475.53, 476.40
345.97, 473.76, 601.33
342.39, 472.00, 726.27
349.77, 600.52, 478.17
346.19, 598.75, 603.10
342.61, 596.99, 728.04
349.99, 725.50, 479.94
346.41, 723.74, 604.87
342.83, 721.97, 729.81
474.49, 475.26, 479.97
470.92, 473.49, 604.91
467.34, 471.73, 729.84
474.72, 600.24, 481.74
471.14, 598.48, 606.68
467.56, 596.71, 731.62
474.94, 725.23, 483.51
471.36, 723.47, 608.45
467.78, 721.70, 733.39
599.44, 474.98, 483.55
595.86, 473.22, 608.48
592.28, 471.46, 733.42
599.66, 599.97, 485.32
596.09, 598.21, 610.26
592.51, 596.44, 735.19
599.89, 724.96, 487.09
596.31, 723.19, 612.03
592.73, 721.43, 736.96
348.54, 475.95, 598.51
345.75, 475.70, 723.48
342.95, 475.44, 848.45
345.84, 600.92, 598.71
343.04, 600.67, 723.67
340.25, 600.41, 848.64
343.14, 725.89, 598.90
340.34, 725.64, 723.87
337.54, 725.38, 848.84
473.48, 478.65, 601.31
470.68, 478.39, 726.28
467.89, 478.14, 851.25
470.78, 603.62, 601.51
467.98, 603.36, 726.48
465.18, 603.11, 851.44
468.08, 728.59, 601.70
465.28, 728.34, 726.67
462.48, 728.08, 851.64
598.42, 481.35, 604.11
595.62, 481.09, 729.08
592.83, 480.84, 854.05
595.72, 606.32, 604.31
592.92, 606.06, 729.28
590.12, 605.81, 854.25
593.02, 731.29, 604.50
590.22, 731.03, 729.47
587.42, 730.78, 854.44
350.25, 601.74, 98.80
352.74, 604.10, 223.76
355.22, 606.46, 348.71
347.19, 726.68, 96.51
349.67, 729.04, 221.46
352.15, 731.40, 346.41
344.12, 851.62, 94.21
346.60, 853.98, 219.16
349.09, 856.34, 344.12
475.19, 604.76, 96.26
477.67, 607.12, 221.22
480.16, 609.48, 346.17
472.12, 729.70, 93.97
474.61, 732.06, 218.92
477.09, 734.42, 343.87
469.06, 854.64, 91.67
471.54, 857.00, 216.62
474.03, 859.36, 341.58
600.13, 607.78, 93.72
602.61, 610.14, 218.68
605.09, 612.49, 343.63
597.06, 732.72, 91.43
599.55, 735.08, 216.38
602.03, 737.44, 341.33
594.00, 857.66, 89.13
596.48, 860.02, 214.08
598.96, 862.38, 339.04
351.50, 601.99, 226.00
352.17, 604.86, 350.96
352.85, 607.74, 475.93
351.41, 726.96, 223.12
352.08, 729.83, 348.09
352.76, 732.70, 473.05
351.32, 851.93, 220.25
351.99, 854.80, 345.22
352.67, 857.67, 470.18
476.50, 602.07, 225.32
477.17, 604.94, 350.28
477.85, 607.81, 475.25
476.41, 727.03, 222.45
477.08, 729.91, 347.41
477.76, 732.78, 472.38
476.32, 852.00, 219.58
476.99, 854.87, 344.54
477.66, 857.75, 469.51
601.50, 602.14, 224.64
602.17, 605.02, 349.61
602.85, 607.89, 474.57
601.41, 727.11, 221.77
602.08, 729.98, 346.74
602.75, 732.85, 471.70
601.31, 852.08, 218.90
601.99, 854.95, 343.86
602.66, 857.82, 468.83
350.00, 600.41, 350.33
349.80, 598.33, 475.31
349.61, 596.26, 600.29
352.37, 725.37, 352.40
352.18, 723.30, 477.38
351.99, 721.22, 602.36
354.75, 850.33, 354.47
354.56, 848.26, 479.46
354.37, 846.18, 604.44
474.97, 598.03, 350.48
474.78, 595.96, 475.46
474.59, 593.88, 600.44
477.35, 722.99, 352.55
477.16, 720.92, 477.53
476.97, 718.85, 602.52
479.73, 847.95, 354.62
479.54, 845.88, 479.61
479.34, 843.81, 604.59
599.95, 595.65, 350.63
599.76, 593.58, 475.61
599.57, 591.51, 600.59
602.33, 720.61, 352.70
602.14, 718.54, 477.69
601.94, 716.47, 602.67
604.70, 845.57, 354.78
604.51, 843.50, 479.76
604.32, 841.43, 604.74
350.07, 601.46, 476.51
353.19, 598.94, 601.44
356.31, 596.43, 726.38
347.96, 726.41, 479.08
351.08, 723.90, 604.01
354.20, 721.38, 728.95
345.85, 851.37, 481.64
348.97, 848.85, 606.58
352.09, 846.34, 731.51
475.01, 603.63, 473.43
478.13, 601.11, 598.37
481.25, 598.60, 723.30
472.90, 728.58, 476.00
476.02, 726.07, 600.94
479.14, 723.56, 725.87
470.79, 853.54, 478.57
473.91, 851.03, 603.50
477.03, 848.51, 728.44
599.96, 605.80, 470.36
603.08, 603.29, 595.29
606.19, 600.77, 720.23
597.85, 730.76, 472.92
600.97, 728.24, 597.86
604.08, 725.73, 722.80
595.74, 855.71, 475.49
598.86, 853.20, 600.43
601.97, 850.68, 725.36
350.52, 600.89, 600.21
347.29, 600.84, 725.17
344.05, 600.79, 850.13
349.23, 725.89, 600.23
346.00, 725.84, 725.18
342.77, 725.79, 850.14
347.95, 850.88, 600.24
344.71, 850.83, 725.20
341.48, 850.78, 850.16
475.47, 602.18, 603.44
472.24, 602.13, 728.40
469.01, 602.08, 853.36
474.19, 727.17, 603.46
470.95, 727.12, 728.42
467.72, 727.07, 853.38
472.90, 852.17, 603.48
469.67, 852.12, 728.43
466.43, 852.07, 853.39
600.42, 603.46, 606.68
597.19, 603.42, 731.64
593.96, 603.37, 856.59
599.14, 728.46, 606.69
595.90, 728.41, 731.65
592.67, 728.36, 856.61
597.85, 853.45, 606.71
594.62, 853.40, 731.67
591.38, 853.35, 856.63
473.38, 98.04, 101.21
473.94, 99.67, 226.20
474.49, 101.31, 351.19
474.92, 223.02, 99.57
475.47, 224.65, 224.56
476.03, 226.29, 349.55
476.46, 348.00, 97.93
477.01, 349.63, 222.92
477.56, 351.27, 347.91
598.37, 96.50, 100.68
598.92, 98.13, 225.67
599.48, 99.76, 350.65
599.91, 221.48, 99.04
600.46, 223.11, 224.03
601.02, 224.74, 349.01
601.45, 346.46, 97.40
602.00, 348.09, 222.39
602.55, 349.72, 347.37
723.36, 94.95, 100.15
723.91, 96.58, 225.13
724.47, 98.22, 350.12
724.90, 219.93, 98.51
725.45, 221.56, 223.49
726.00, 223.20, 348.48
726.44, 344.91, 96.87
726.99, 346.54, 221.85
727.54, 348.18, 346.84
475.26, 98.62, 223.49
475.01, 96.99, 348.48
474.76, 95.35, 473.47
471.90, 223.57, 225.13
471.65, 221.93, 350.11
471.40, 220.29, 475.10
468.54, 348.51, 226.76
468.29, 346.87, 351.74
468.04, 345.24, 476.73
600.21, 101.98, 223.79
599.96, 100.34, 348.78
599.71, 98.70, 473.77
596.86, 226.92, 225.42
596.60, 225.28, 350.41
596.35, 223.65, 475.40
593.50, 351.87, 227.05
593.25, 350.23, 352.04
593.00, 348.59, 477.03
725.17, 105.33, 224.08
724.92, 103.69, 349.07
724.66, 102.05, 474.06
721.81, 230.27, 225.71
721.56, 228.64, 350.70
721.31, 227.00, 475.69
718.45, 355.22, 227.34
718.20, 353.58, 352.33
717.95, 351.94, 477.32
475.25, 98.91, 349.76
475.73, 100.08, 474.76
476.20, 101.24, 599.75
476.36, 223.90, 348.59
476.84, 225.07, 473.59
477.31, 226.23, 598.58
477.47, 348.89, 347.42
477.95, 350.06, 472.42
478.42, 351.22, 597.41
600.24, 97.80, 349.30
600.72, 98.96, 474.29
601.20, 100.13, 599.28
601.35, 222.79, 348.13
601.83, 223.95, 473.12
602.31, 225.12, 598.11
602.46, 347.78, 346.96
602.94, 348.94, 471.95
603.42, 350.11, 596.94
725.24, 96.68, 348.83
725.71, 97.85, 473.82
726.19, 99.02, 598.81
726.35, 221.67, 347.66
726.82, 222.84, 472.65
727.30, 224.01, 597.64
727.46, 346.66, 346.49
727.93, 347.83, 471.48
728.41, 348.99, 596.48
476.25, 100.49, 474.94
478.51, 96.93, 599.87
480.76, 93.36, 724.80
479.54, 225.40, 478.44
481.80, 221.83, 603.37
484.05, 218.27, 728.30
482.84, 350.31, 481.95
485.09, 346.74, 606.87
487.35, 343.18, 731.80
601.19, 97.26, 472.59
603.44, 93.70, 597.52
605.70, 90.14, 722.45
604.48, 222.17, 476.10
606.73, 218.61, 601.03
608.99, 215.04, 725.95
607.77, 347.08, 479.60
610.03, 343.51, 604.53
612.28, 339.95, 729.46
726.12, 94.03, 470.25
728.38, 90.47, 595.18
730.63, 86.91, 720.11
729.42, 218.94, 473.75
731.67, 215.38, 598.68
733.92, 211.82, 723.61
732.71, 343.85, 477.25
734.96, 340.29, 602.18
737.22, 336.72, 727.11
475.95, 99.51, 600.47
474.25, 99.91, 725.46
472.56, 100.32, 850.45
477.39, 224.50, 600.09
475.69, 224.91, 725.07
474.00, 225.31, 850.06
478.83, 349.49, 599.70
477.13, 349.90, 724.69
475.44, 350.30, 849.68
600.93, 98.08, 602.17
599.23, 98.48, 727.16
597.54, 98.88, 852.15
602.37, 223.07, 601.79
600.67, 223.47, 726.78
598.98, 223.87, 851.76
603.81, 348.06, 601.40
602.11, 348.46, 726.39
600.42, 348.87, 851.38
725.91, 96.65, 603.87
724.21, 97.05, 728.86
722.52, 97.45, 853.85
727.35, 221.64, 603.49
725.65, 222.04, 728.48
723.96, 222.44, 853.46
728.79, 346.63, 603.11
727.09, 347.03, 728.09
725.40, 347.43, 853.08
474.23, 224.83, 100.96
471.58, 221.33, 225.88
468.94, 217.84, 350.80
476.12, 349.76, 104.49
473.47, 346.27, 229.41
470.82, 342.78, 354.34
478.01, 474.70, 108.02
475.36, 471.21, 232.95
472.71, 467.71, 357.87
599.19, 222.87, 103.55
596.54, 219.37, 228.47
593.90, 215.88, 353.40
601.08, 347.80, 107.08
598.43, 344.31, 232.01
595.78, 340.82, 356.93
602.96, 472.74, 110.62
600.32, 469.25, 235.54
597.67, 465.75, 360.46
724.15, 220.91, 106.14
721.50, 217.41, 231.06
718.85, 213.92, 355.99
726.03, 345.84, 109.67
723.39, 342.35, 234.60
720.74, 338.86, 359.52
727.92, 470.78, 113.21
725.27, 467.28, 238.13
722.63, 463.79, 363.05
475.28, 223.26, 223.45
473.36, 226.46, 348.40
471.44, 229.67, 473.34
472.23, 348.18, 220.20
470.31, 351.38, 345.15
468.38, 354.59, 470.09
469.17, 473.10, 216.95
467.25, 476.30, 341.90
465.33, 479.51, 466.84
600.23, 226.36, 225.30
598.31, 229.57, 350.24
596.39, 232.77, 475.18
597.18, 351.28, 222.05
595.25, 354.49, 346.99
593.33, 357.69, 471.93
594.12, 476.20, 218.80
592.20, 479.41, 343.74
590.28, 482.61, 468.68
725.18, 229.47, 227.14
723.26, 232.67, 352.08
721.34, 235.88, 477.03
722.12, 354.39, 223.89
720.20, 357.59, 348.83
718.28, 360.80, 473.78
719.07, 479.31, 220.64
717.15, 482.51, 345.58
715.22, 485.72, 470.53
473.02, 225.32, 351.13
473.45, 221.80, 476.08
473.89, 218.28, 601.03
476.23, 350.23, 354.64
476.66, 346.71, 479.59
477.09, 343.19, 604.54
479.43, 475.14, 358.15
479.86, 471.62, 483.09
480.29, 468.10, 608.04
597.98, 222.13, 350.61
598.41, 218.61, 475.56
598.84, 215.09, 600.51
601.18, 347.04, 354.12
601.62, 343.52, 479.07
602.05, 340.00, 604.01
604.39, 471.95, 357.62
604.82, 468.43, 482.57
605.25, 464.91, 607.52
722.94, 218.94, 350.09
723.37, 215.42, 475.04
723.80, 211.90, 599.99
726.14, 343.85, 353.59
726.57, 340.33, 478.54
727.01, 336.81, 603.49
729.35, 468.76, 357.10
729.78, 465.24, 482.05
730.21, 461.72, 607.00
473.81, 223.01, 473.88
470.93, 221.76, 598.85
468.06, 220.51, 723.81
470.84, 347.97, 475.07
467.96, 346.72, 600.03
465.08, 345.46, 724.99
467.87, 472.93, 476.26
464.99, 471.68, 601.22
462.11, 470.42, 726.18
598.75, 225.96, 476.79
595.87, 224.70, 601.75
592.99, 223.45, 726.71
595.78, 350.92, 477.98
592.90, 349.66, 602.94
590.02, 348.41, 727.90
592.81, 475.87, 479.17
589.93, 474.62, 604.13
587.05, 473.37, 729.09
723.68, 228.90, 479.70
720.80, 227.64, 604.66
717.92, 226.39, 729.62
720.71, 353.86, 480.89
717.83, 352.60, 605.85
714.95, 351.35, 730.81
717.74, 478.82, 482.07
714.86, 477.56, 607.04
711.98, 476.31, 732.00
475.41, 224.91, 600.90
478.67, 225.31, 725.85
481.93, 225.70, 850.81
475.15, 349.91, 600.51
478.41, 350.30, 725.46
481.67, 350.70, 850.42
474.89, 474.91, 600.12
478.15, 475.30, 725.07
481.41, 475.70, 850.03
600.36, 225.16, 597.64
603.62, 225.55, 722.59
606.88, 225.95, 847.55
600.11, 350.16, 597.25
603.36, 350.55, 722.20
606.62, 350.95, 847.16
599.85, 475.15, 596.85
603.11, 475.55, 721.81
606.37, 475.95, 846.77
725.32, 225.41, 594.38
728.58, 225.80, 719.33
731.84, 226.20, 844.29
725.06, 350.40, 593.98
728.32, 350.80, 718.94
731.58, 351.20, 843.90
724.80, 475.40, 593.59
728.06, 475.80, 718.55
731.32, 476.20, 843.51
473.73, 349.04, 100.84
471.51, 348.39, 225.82
469.28, 347.74, 350.80
472.33, 474.04, 101.47
470.11, 473.38, 226.45
467.88, 472.73, 351.43
470.93, 599.03, 102.10
468.70, 598.37, 227.08
466.48, 597.72, 352.06
598.71, 350.44, 103.07
596.48, 349.78, 228.05
594.26, 349.13, 353.03
597.30, 475.43, 103.70
595.08, 474.77, 228.68
592.85, 474.12, 353.66
595.90, 600.42, 104.33
593.68, 599.76, 229.31
591.45, 599.11, 354.29
723.68, 351.83, 105.31
721.45, 351.17, 230.29
719.23, 350.52, 355.26
722.28, 476.82, 105.94
720.05, 476.16, 230.91
717.83, 475.51, 355.89
720.87, 601.81, 106.56
718.65, 601.15, 231.54
716.42, 600.50, 356.52
476.38, 349.28, 226.92
474.17, 352.91, 351.85
471.96, 356.54, 476.78
478.08, 474.22, 223.33
475.87, 477.85, 348.25
473.66, 481.47, 473.18
479.78, 599.16, 219.73
477.57, 602.78, 344.66
475.36, 606.41, 469.58
601.35, 347.65, 229.18
599.14, 351.27, 354.11
596.93, 354.90, 479.04
603.05, 472.58, 225.59
600.84, 476.21, 350.51
598.63, 479.84, 475.44
604.75, 597.52, 221.99
602.54, 601.15, 346.92
600.33, 604.77, 471.84
726.32, 346.01, 231.44
724.11, 349.64, 356.37
721.89, 353.27, 481.30
728.02, 470.95, 227.85
725.81, 474.58, 352.77
723.59, 478.20, 477.70
729.72, 595.89, 224.25
727.51, 599.51, 349.18
725.29, 603.14, 474.10
476.69, 351.28, 350.05
476.44, 353.95, 475.02
476.20, 356.62, 599.99
477.57, 476.25, 347.38
477.33, 478.92, 472.35
477.08, 481.59, 597.33
478.45, 601.21, 344.71
478.21, 603.89, 469.69
477.96, 606.56, 594.66
601.69, 350.40, 350.32
601.44, 353.07, 475.29
601.19, 355.74, 600.26
602.57, 475.37, 347.65
602.32, 478.04, 472.62
602.07, 480.71, 597.59
603.45, 600.34, 344.98
603.20, 603.01, 469.95
602.95, 605.68, 594.92
726.69, 349.53, 350.58
726.44, 352.20, 475.56
726.19, 354.87, 600.53
727.57, 474.50, 347.92
727.32, 477.17, 472.89
727.07, 479.84, 597.86
728.45, 599.46, 345.25
728.20, 602.14, 470.22
727.95, 604.81, 595.19
476.85, 350.14, 474.10
478.62, 350.01, 599.09
480.39, 349.88, 724.07
478.02, 475.13, 474.21
479.78, 475.00, 599.20
481.55, 474.88, 724.19
479.18, 600.13, 474.32
480.94, 600.00, 599.31
482.71, 599.87, 724.30
601.84, 348.98, 472.33
603.60, 348.85, 597.32
605.37, 348.72, 722.31
603.00, 473.97, 472.44
604.76, 473.85, 597.43
606.53, 473.72, 722.42
604.16, 598.97, 472.56
605.92, 598.84, 597.54
607.69, 598.71, 722.53
726.82, 347.82, 470.56
728.58, 347.69, 595.55
730.35, 347.56, 720.54
727.98, 472.82, 470.68
729.75, 472.69, 595.66
731.51, 472.56, 720.65
729.14, 597.81, 470.79
730.91, 597.68, 595.78
732.67, 597.55, 720.76
473.52, 350.75, 600.56
474.76, 348.22, 725.53
475.99, 345.70, 850.50
472.90, 475.72, 603.09
474.13, 473.20, 728.06
475.37, 470.67, 853.03
472.28, 600.70, 605.62
473.51, 598.17, 730.59
474.74, 595.65, 855.56
598.52, 351.40, 599.34
599.75, 348.87, 724.31
600.98, 346.35, 849.28
597.89, 476.37, 601.87
599.13, 473.85, 726.84
600.36, 471.32, 851.81
597.27, 601.34, 604.40
598.50, 598.82, 729.37
599.74, 596.29, 854.34
723.51, 352.05, 598.12
724.74, 349.52, 723.09
725.98, 347.00, 848.06
722.88, 477.02, 600.65
724.12, 474.50, 725.62
725.35, 471.97, 850.59
722.26, 601.99, 603.18
723.49, 599.47, 728.15
724.73, 596.94, 853.12
474.17, 474.78, 98.16
474.77, 473.73, 223.16
475.37, 472.67, 348.15
477.69, 599.72, 99.20
478.29, 598.67, 224.19
478.88, 597.62, 349.19
481.20, 724.67, 100.24
481.80, 723.62, 225.23
482.40, 722.56, 350.22
599.12, 471.27, 97.54
599.72, 470.22, 222.53
600.32, 469.16, 347.52
602.64, 596.21, 98.57
603.24, 595.16, 223.57
603.83, 594.11, 348.56
606.15, 721.16, 99.61
606.75, 720.11, 224.60
607.35, 719.05, 349.60
724.07, 467.76, 96.91
724.67, 466.71, 221.90
725.27, 465.65, 346.90
727.59, 592.71, 97.95
728.18, 591.65, 222.94
728.78, 590.60, 347.93
731.10, 717.65, 98.98
731.70, 716.60, 223.98
732.30, 715.55, 348.97
473.98, 476.67, 224.18
472.52, 473.27, 349.13
471.07, 469.88, 474.07
470.24, 601.57, 227.53
468.78, 598.17, 352.48
467.32, 594.78, 477.42
466.50, 726.47, 230.88
465.04, 723.07, 355.83
463.58, 719.68, 480.77
598.92, 480.37, 225.74
597.46, 476.97, 350.68
596.00, 473.58, 475.63
595.17, 605.27, 229.09
593.72, 601.87, 354.04
592.26, 598.48, 478.98
591.43, 730.17, 232.44
589.97, 726.77, 357.39
588.51, 723.38, 482.33
723.85, 484.07, 227.30
722.39, 480.68, 352.24
720.94, 477.28, 477.19
720.11, 608.97, 230.65
718.65, 605.58, 355.59
717.19, 602.18, 480.54
716.37, 733.87, 234.00
714.91, 730.48, 358.94
713.45, 727.08, 483.89
473.60, 475.94, 348.44
475.83, 477.50, 473.41
478.05, 479.05, 598.38
473.76, 600.93, 346.88
475.99, 602.49, 471.85
478.22, 604.04, 596.82
473.92, 725.93, 345.33
476.15, 727.48, 470.30
478.38, 729.03, 595.27
598.58, 475.75, 346.21
600.81, 477.31, 471.18
603.03, 478.86, 596.15
598.74, 600.74, 344.66
600.97, 602.30, 469.63
603.20, 603.85, 594.60
598.90, 725.74, 343.10
601.13, 727.29, 468.07
603.36, 728.84, 593.04
723.56, 475.56, 343.99
725.79, 477.12, 468.96
728.01, 478.67, 593.93
723.72, 600.55, 342.43
725.95, 602.11, 467.40
728.18, 603.66, 592.37
723.88, 725.55, 340.88
726.11, 727.10, 465.85
728.34, 728.65, 590.82
476.89, 474.78, 473.55
473.76, 474.67, 598.51
470.63, 474.56, 723.47
480.59, 599.72, 473.75
477.46, 599.61, 598.71
474.34, 599.51, 723.67
484.29, 724.67, 473.95
481.16, 724.56, 598.91
478.04, 724.45, 723.87
601.79, 471.07, 476.67
598.67, 470.96, 601.63
595.54, 470.86, 726.59
605.49, 596.02, 476.87
602.37, 595.91, 601.83
599.24, 595.80, 726.79
609.20, 720.96, 477.07
606.07, 720.85, 602.03
602.94, 720.75, 726.99
726.70, 467.37, 479.79
723.57, 467.26, 604.75
720.45, 467.15, 729.71
730.40, 592.31, 479.99
727.27, 592.20, 604.95
724.15, 592.10, 729.91
734.10, 717.26, 480.19
730.98, 717.15, 605.15
727.85, 717.04, 730.11
476.99, 475.06, 599.08
480.67, 471.34, 723.97
484.35, 467.62, 848.86
475.31, 599.99, 602.85
478.99, 596.27, 727.74
482.67, 592.55, 852.63
473.63, 724.92, 606.62
477.31, 721.20, 731.51
480.99, 717.48, 856.40
601.92, 476.85, 595.45
605.60, 473.13, 720.34
609.29, 469.40, 845.23
600.24, 601.78, 599.22
603.92, 598.06, 724.11
607.61, 594.34, 849.00
598.56, 726.71, 602.99
602.25, 722.99, 727.88
605.93, 719.27, 852.77
726.86, 478.63, 591.82
730.54, 474.91, 716.71
734.22, 471.19, 841.60
725.18, 603.57, 595.59
728.86, 599.85, 720.48
732.54, 596.13, 845.37
723.50, 728.50, 599.36
727.18, 724.78, 724.25
730.86, 721.06, 849.14
473.99, 599.58, 100.86
473.54, 602.45, 225.82
473.09, 605.31, 350.79
471.82, 724.53, 97.98
471.38, 727.39, 222.95
470.93, 730.26, 347.92
469.66, 849.48, 95.11
469.22, 852.34, 220.08
468.77, 855.21, 345.04
598.97, 601.75, 101.25
598.52, 604.62, 226.22
598.07, 607.48, 351.18
596.80, 726.70, 98.38
596.36, 729.56, 223.35
595.91, 732.43, 348.31
594.64, 851.65, 95.51
594.20, 854.51, 220.47
593.75, 857.38, 345.44
723.95, 603.92, 101.65
723.50, 606.79, 226.61
723.05, 609.65, 351.58
721.78, 728.87, 98.77
721.34, 731.74, 223.74
720.89, 734.60, 348.71
719.62, 853.82, 95.90
719.18, 856.68, 220.87
718.73, 859.55, 345.84
474.06, 599.20, 224.87
475.10, 601.57, 349.85
476.15, 603.95, 474.82
472.20, 724.16, 222.51
473.25, 726.54, 347.49
474.29, 728.91, 472.46
470.35, 849.13, 220.16
471.39, 851.50, 345.13
472.44, 853.87, 470.10
599.04, 601.03, 223.79
600.08, 603.41, 348.77
601.13, 605.78, 473.74
597.18, 726.00, 221.43
598.23, 728.37, 346.41
599.27, 730.75, 471.38
595.33, 850.96, 219.08
596.37, 853.34, 344.05
597.42, 855.71, 469.02
724.02, 602.87, 222.71
725.07, 605.24, 347.68
726.11, 607.62, 472.66
722.16, 727.83, 220.35
723.21, 730.21, 345.33
724.26, 732.58, 470.30
720.31, 852.80, 218.00
721.36, 855.17, 342.97
722.40, 857.54, 467.94
473.95, 599.18, 351.51
475.99, 599.67, 476.49
478.03, 600.17, 601.48
474.73, 724.17, 351.00
476.77, 724.67, 475.98
478.81, 725.17, 600.97
475.52, 849.17, 350.49
477.56, 849.67, 475.47
479.60, 850.16, 600.46
598.93, 598.38, 349.47
600.97, 598.88, 474.46
603.01, 599.38, 599.44
599.71, 723.38, 348.96
601.75, 723.88, 473.95
603.80, 724.37, 598.93
600.50, 848.38, 348.45
602.54, 848.87, 473.44
604.58, 849.37, 598.42
723.91, 597.59, 347.44
725.95, 598.09, 472.42
727.99, 598.59, 597.40
724.69, 722.59, 346.93
726.73, 723.08, 471.91
728.78, 723.58, 596.89
725.48, 847.58, 346.42
727.52, 848.08, 471.40
729.56, 848.58, 596.38
475.69, 600.35, 475.51
477.42, 597.37, 600.46
479.15, 594.39, 725.41
473.68, 725.30, 478.52
475.41, 722.32, 603.47
477.14, 719.34, 728.42
471.67, 850.25, 481.52
473.40, 847.27, 606.48
475.13, 844.29, 731.43
600.66, 602.40, 473.82
602.39, 599.42, 598.78
604.12, 596.44, 723.73
598.65, 727.35, 476.83
600.38, 724.37, 601.79
602.11, 721.38, 726.74
596.65, 852.30, 479.84
598.38, 849.31, 604.80
600.11, 846.33, 729.75
725.63, 604.45, 472.14
727.36, 601.46, 597.10
729.09, 598.48, 722.05
723.62, 729.39, 475.15
725.35, 726.41, 600.10
727.08, 723.43, 725.06
721.62, 854.34, 478.16
723.35, 851.36, 603.11
725.08, 848.38, 728.07
476.43, 600.96, 600.77
474.68, 597.82, 725.72
472.94, 594.68, 850.67
479.77, 725.88, 603.96
478.02, 722.74, 728.91
476.27, 719.59, 853.86
483.10, 850.79, 607.15
481.36, 847.65, 732.09
479.61, 844.51, 857.04
601.37, 597.58, 602.43
599.63, 594.44, 727.38
597.88, 591.30, 852.33
604.71, 722.50, 605.62
602.96, 719.36, 730.57
601.22, 716.22, 855.52
608.05, 847.41, 608.81
606.30, 844.27, 733.76
604.55, 841.13, 858.70
726.32, 594.20, 604.10
724.57, 591.06, 729.05
722.82, 587.92, 853.99
729.65, 719.12, 607.28
727.91, 715.98, 732.23
726.16, 712.84, 857.18
732.99, 844.03, 610.47
731.24, 840.89, 735.42
729.49, 837.75, 860.37
598.56, 98.16, 100.54
599.38, 99.75, 225.53
600.20, 101.34, 350.51
600.39, 223.14, 98.94
601.21, 224.73, 223.93
602.04, 226.31, 348.92
602.23, 348.12, 97.34
603.05, 349.70, 222.33
603.87, 351.29, 347.32
723.54, 96.32, 99.74
724.36, 97.91, 224.73
725.19, 99.49, 349.72
725.38, 221.30, 98.14
726.20, 222.88, 223.13
727.02, 224.47, 348.12
727.21, 346.27, 96.54
728.03, 347.86, 221.53
728.85, 349.45, 346.52
848.53, 94.48, 98.94
849.35, 96.06, 223.93
850.17, 97.65, 348.92
850.36, 219.45, 97.34
851.18, 221.04, 222.33
852.00, 222.63, 347.32
852.19, 344.43, 95.75
853.02, 346.01, 220.73
853.84, 347.60, 345.72
600.56, 102.00, 226.28
603.94, 103.12, 351.23
607.33, 104.24, 476.18
602.64, 226.98, 225.10
606.02, 228.10, 350.05
609.40, 229.21, 475.00
604.71, 351.95, 223.93
608.09, 353.07, 348.88
611.47, 354.19, 473.83
725.50, 99.90, 222.92
728.88, 101.01, 347.86
732.26, 102.13, 472.81
727.57, 224.87, 221.74
730.95, 225.99, 346.69
734.34, 227.11, 471.64
729.65, 349.85, 220.57
733.03, 350.97, 345.52
736.41, 352.09, 470.46
850.44, 97.79, 219.55
853.82, 98.91, 344.50
857.20, 100.03, 469.45
852.51, 222.77, 218.38
855.89, 223.89, 343.33
859.27, 225.00, 468.28
854.58, 347.74, 217.20
857.97, 348.86, 342.15
861.35, 349.98, 467.10
600.34, 100.99, 351.25
600.63, 100.97, 476.25
600.93, 100.96, 601.25
597.08, 225.95, 351.27
597.38, 225.93, 476.27
597.68, 225.91, 601.27
593.83, 350.90, 351.29
594.12, 350.89, 476.29
594.42, 350.87, 601.29
725.29, 104.24, 350.95
725.59, 104.23, 475.95
725.89, 104.21, 600.95
722.04, 229.20, 350.97
722.34, 229.18, 475.97
722.63, 229.17, 600.97
718.78, 354.16, 351.00
719.08, 354.14, 476.00
719.38, 354.13, 601.00
850.25, 107.50, 350.65
850.55, 107.48, 475.65
850.85, 107.47, 600.65
847.00, 232.46, 350.68
847.29, 232.44, 475.68
847.59, 232.42, 600.68
843.74, 357.41, 350.70
844.04, 357.40, 475.70
844.33, 357.38, 600.70
601.13, 100.43, 476.74
601.31, 102.97, 601.71
601.49, 105.50, 726.69
601.55, 225.41, 474.20
601.73, 227.94, 599.18
601.91, 230.48, 724.15
601.97, 350.38, 471.67
602.14, 352.91, 596.64
602.32, 355.45, 721.62
726.13, 100.01, 476.57
726.31, 102.55, 601.54
726.49, 105.08, 726.52
726.55, 224.98, 474.03
726.73, 227.52, 599.01
726.90, 230.05, 723.98
726.96, 349.96, 471.50
727.14, 352.49, 596.47
727.32, 355.03, 721.45
851.13, 99.59, 476.40
851.31, 102.12, 601.37
851.49, 104.66, 726.35
851.55, 224.56, 473.86
851.72, 227.10, 598.84
851.90, 229.63, 723.81
851.96, 349.54, 471.33
852.14, 352.07, 596.30
852.32, 354.61, 721.27
598.35, 98.24, 598.08
596.57, 95.56, 723.04
594.79, 92.87, 848.00
597.17, 223.21, 600.75
595.39, 220.52, 725.70
593.61, 217.84, 850.66
595.99, 348.17, 603.41
594.20, 345.49, 728.37
592.42, 342.80, 853.33
723.33, 99.38, 599.88
721.55, 96.70, 724.84
719.77, 94.02, 849.80
722.15, 224.35, 602.55
720.37, 221.67, 727.51
718.59, 218.98, 852.47
720.97, 349.32, 605.22
719.19, 346.63, 730.18
717.41, 343.95, 855.14
848.31, 100.53, 601.69
846.53, 97.84, 726.65
844.75, 95.16, 851.61
847.13, 225.49, 604.36
845.35, 222.81, 729.32
843.57, 220.12, 854.28
845.95, 350.46, 607.03
844.17, 347.78, 731.98
842.39, 345.09, 856.94
601.05, 224.18, 99.06
603.29, 224.61, 224.04
605.53, 225.04, 349.02
603.66, 349.15, 98.58
605.90, 349.59, 223.56
608.14, 350.02, 348.54
606.27, 474.13, 98.10
608.51, 474.56, 223.08
610.75, 474.99, 348.06
726.00, 221.56, 96.83
728.24, 221.99, 221.81
730.48, 222.43, 346.79
728.62, 346.54, 96.35
730.85, 346.97, 221.33
733.09, 347.40, 346.31
731.23, 471.51, 95.87
733.47, 471.94, 220.85
735.71, 472.37, 345.83
850.96, 218.94, 94.60
853.20, 219.37, 219.58
855.44, 219.81, 344.56
853.57, 343.92, 94.12
855.81, 344.35, 219.10
858.05, 344.78, 344.08
856.18, 468.89, 93.64
858.42, 469.32, 218.62
860.66, 469.75, 343.60
601.54, 224.51, 224.85
603.24, 224.38, 349.84
604.95, 224.25, 474.83
600.19, 349.50, 225.00
601.89, 349.37, 349.99
603.60, 349.24, 474.98
598.84, 474.49, 225.15
600.54, 474.36, 350.14
602.25, 474.23, 475.13
726.52, 225.86, 223.15
728.23, 225.73, 348.14
729.93, 225.60, 473.13
725.17, 350.85, 223.30
726.88, 350.72, 348.29
728.58, 350.59, 473.27
723.82, 475.85, 223.45
725.52, 475.72, 348.43
727.23, 475.59, 473.42
851.50, 227.21, 221.44
853.21, 227.08, 346.43
854.91, 226.95, 471.42
850.15, 352.21, 221.59
851.86, 352.08, 346.58
853.56, 351.95, 471.57
848.80, 477.20, 221.74
850.51, 477.07, 346.73
852.21, 476.94, 471.72
601.85, 226.17, 348.62
601.51, 223.29, 473.59
601.18, 220.40, 598.55
598.45, 351.09, 351.50
598.11, 348.21, 476.46
597.78, 345.32, 601.43
595.05, 476.01, 354.37
594.71, 473.13, 479.34
594.38, 470.24, 604.30
726.80, 229.56, 349.03
726.46, 226.68, 474.00
726.13, 223.79, 598.97
723.40, 354.48, 351.91
723.07, 351.60, 476.87
722.73, 348.71, 601.84
720.00, 479.40, 354.78
719.67, 476.52, 479.75
719.33, 473.63, 604.72
851.75, 232.95, 349.45
851.42, 230.07, 474.41
851.08, 227.18, 599.38
848.35, 357.87, 352.32
848.02, 354.99, 477.29
847.68, 352.10, 602.25
844.95, 482.79, 355.20
844.62, 479.91, 480.16
844.29, 477.02, 605.13
600.42, 223.48, 475.94
602.19, 224.71, 600.92
603.97, 225.94, 725.90
597.24, 348.43, 474.75
599.02, 349.66, 599.73
600.79, 350.90, 724.71
594.06, 473.39, 473.56
595.84, 474.62, 598.54
597.62, 475.85, 723.52
725.36, 226.64, 474.13
727.14, 227.87, 599.11
728.92, 229.10, 724.09
722.18, 351.59, 472.94
723.96, 352.82, 597.92
725.74, 354.06, 722.90
719.01, 476.55, 471.75
720.79, 477.78, 596.73
722.56, 479.01, 721.72
850.31, 229.80, 472.32
852.09, 231.03, 597.30
853.86, 232.26, 722.28
847.13, 354.75, 471.13
848.91, 355.98, 596.11
850.69, 357.22, 721.10
843.95, 479.70, 469.94
845.73, 480.94, 594.93
847.51, 482.17, 719.91
598.72, 223.70, 598.44
597.35, 226.73, 723.40
595.99, 229.77, 848.36
599.88, 348.66, 595.42
598.51, 351.69, 720.38
597.15, 354.73, 845.33
601.04, 473.62, 592.40
599.67, 476.65, 717.36
598.31, 479.68, 842.31
723.71, 222.57, 599.84
722.34, 225.61, 724.79
720.97, 228.64, 849.75
724.87, 347.53, 596.82
723.50, 350.56, 721.77
722.13, 353.60, 846.73
726.03, 472.49, 593.80
724.66, 475.52, 718.75
723.29, 478.56, 843.71
848.69, 221.45, 601.23
847.33, 224.48, 726.19
845.96, 227.51, 851.14
849.85, 346.40, 598.21
848.49, 349.44, 723.17
847.12, 352.47, 848.12
851.01, 471.36, 595.19
849.65, 474.40, 720.15
848.28, 477.43, 845.10
598.15, 351.41, 99.58
599.06, 350.97, 224.58
599.96, 350.52, 349.57
595.82, 476.39, 100.05
596.72, 475.95, 225.04
597.63, 475.50, 350.04
593.49, 601.37, 100.51
594.39, 600.92, 225.51
595.30, 600.48, 350.50
723.12, 353.75, 98.68
724.03, 353.30, 223.68
724.94, 352.86, 348.68
720.79, 478.73, 99.15
721.70, 478.28, 224.14
722.61, 477.83, 349.14
718.46, 603.70, 99.61
719.37, 603.26, 224.61
720.28, 602.81, 349.60
848.10, 356.08, 97.79
849.01, 355.64, 222.78
849.91, 355.19, 347.78
845.77, 481.06, 98.25
846.67, 480.61, 223.25
847.58, 480.17, 348.24
843.44, 606.04, 98.71
844.34, 605.59, 223.71
845.25, 605.15, 348.70
599.00, 349.68, 224.48
595.54, 349.64, 349.43
592.08, 349.60, 474.38
598.96, 474.68, 224.52
595.50, 474.64, 349.47
592.04, 474.60, 474.42
598.91, 599.68, 224.56
595.45, 599.64, 349.51
591.99, 599.60, 474.46
723.95, 349.72, 227.94
720.49, 349.68, 352.89
717.04, 349.64, 477.84
723.91, 474.72, 227.98
720.45, 474.68, 352.93
716.99, 474.64, 477.88
723.86, 599.72, 228.02
720.40, 599.68, 352.97
716.95, 599.64, 477.92
848.91, 349.77, 231.40
845.45, 349.73, 356.35
841.99, 349.68, 481.30
848.86, 474.77, 231.44
845.40, 474.73, 356.39
841.94, 474.68, 481.34
848.82, 599.77, 231.48
845.36, 599.73, 356.43
841.90, 599.68, 481.38
601.92, 350.09, 349.69
603.65, 350.69, 474.68
605.39, 351.29, 599.66
600.79, 475.08, 349.11
602.52, 475.68, 474.09
604.26, 476.28, 599.08
599.66, 600.07, 348.52
601.39, 600.67, 473.51
603.13, 601.27, 598.50
726.91, 351.21, 347.95
728.64, 351.81, 472.94
730.37, 352.41, 597.93
725.78, 476.20, 347.37
727.51, 476.80, 472.36
729.24, 477.40, 597.34
724.65, 601.20, 346.79
726.38, 601.80, 471.77
728.11, 602.39, 596.76
851.89, 352.33, 346.22
853.62, 352.93, 471.20
855.35, 353.53, 596.19
850.76, 477.33, 345.63
852.49, 477.92, 470.62
854.22, 478.52, 595.61
849.63, 602.32, 345.05
851.36, 602.92, 470.04
853.09, 603.52, 595.02
599.08, 350.42, 475.69
597.07, 352.62, 600.65
595.06, 354.82, 725.61
601.40, 475.38, 473.52
599.40, 477.58, 598.49
597.39, 479.78, 723.45
603.73, 600.34, 471.36
601.72, 602.54, 596.32
599.71, 604.74, 721.28
724.04, 348.13, 477.73
722.03, 350.33, 602.70
720.02, 352.53, 727.66
726.37, 473.09, 475.57
724.36, 475.29, 600.53
722.35, 477.49, 725.50
728.69, 598.05, 473.40
726.68, 600.25, 598.37
724.67, 602.45, 723.33
849.00, 345.84, 479.78
846.99, 348.04, 604.75
844.99, 350.25, 729.71
851.33, 470.80, 477.62
849.32, 473.00, 602.58
847.31, 475.20, 727.55
853.65, 595.76, 475.45
851.64, 597.96, 600.42
849.64, 600.16, 725.38
600.27, 349.13, 600.99
601.49, 350.83, 725.98
602.71, 352.54, 850.96
598.57, 474.10, 599.30
599.79, 475.81, 724.28
601.01, 477.52, 849.27
596.88, 599.08, 597.61
598.10, 600.79, 722.59
599.32, 602.50, 847.57
725.25, 350.81, 599.75
726.47, 352.51, 724.73
727.69, 354.22, 849.72
723.56, 475.78, 598.06
724.78, 477.49, 723.04
726.00, 479.20, 848.02
721.86, 600.76, 596.37
723.08, 602.47, 721.35
724.30, 604.18, 846.33
850.24, 352.48, 598.51
851.45, 354.19, 723.49
852.67, 355.90, 848.47
848.54, 477.46, 596.82
849.76, 479.17, 721.80
850.98, 480.88, 846.78
846.84, 602.44, 595.12
848.06, 604.15, 720.11
849.28, 605.86, 845.09
599.49, 474.51, 100.92
601.07, 472.14, 225.89
602.64, 469.76, 350.86
595.91, 599.44, 103.35
597.48, 597.06, 228.31
599.06, 594.68, 353.28
592.32, 724.36, 105.77
593.90, 721.99, 230.74
595.48, 719.61, 355.70
724.43, 478.13, 99.41
726.01, 475.75, 224.38
727.58, 473.37, 349.35
720.84, 603.05, 101.84
722.42, 600.67, 226.80
724.00, 598.29, 351.77
717.26, 727.98, 104.26
718.84, 725.60, 229.23
720.42, 723.22, 354.20
849.37, 481.74, 97.91
850.94, 479.36, 222.87
852.52, 476.98, 347.84
845.78, 606.67, 100.33
847.36, 604.29, 225.30
848.94, 601.91, 350.26
842.20, 731.59, 102.75
843.78, 729.21, 227.72
845.35, 726.83, 352.69
601.17, 475.44, 224.64
603.55, 477.43, 349.60
605.92, 479.41, 474.56
604.63, 600.37, 222.59
607.00, 602.36, 347.55
609.37, 604.35, 472.51
608.08, 725.31, 220.54
610.45, 727.30, 345.50
612.83, 729.28, 470.46
726.10, 471.95, 222.32
728.48, 473.93, 347.28
730.85, 475.92, 472.25
729.56, 596.88, 220.27
731.93, 598.87, 345.23
734.30, 600.86, 470.19
733.01, 721.82, 218.22
735.38, 723.81, 343.18
737.76, 725.79, 468.14
851.03, 468.46, 220.00
853.41, 470.44, 344.97
855.78, 472.43, 469.93
854.48, 593.39, 217.95
856.86, 595.38, 342.91
859.23, 597.36, 467.87
857.94, 718.33, 215.90
860.31, 720.31, 340.86
862.69, 722.30, 465.82
601.67, 476.18, 348.06
603.41, 472.69, 473.00
605.15, 469.20, 597.94
600.29, 601.13, 351.57
602.03, 597.63, 476.51
603.77, 594.14, 601.45
598.90, 726.07, 355.08
600.64, 722.58, 480.02
602.38, 719.09, 604.96
726.65, 477.62, 346.36
728.39, 474.13, 471.30
730.13, 470.63, 596.24
725.27, 602.56, 349.87
727.01, 599.07, 474.81
728.75, 595.58, 599.75
723.88, 727.50, 353.38
725.62, 724.01, 478.32
727.36, 720.52, 603.26
851.63, 479.05, 344.66
853.37, 475.56, 469.60
855.11, 472.07, 594.54
850.25, 604.00, 348.17
851.99, 600.50, 473.11
853.73, 597.01, 598.05
848.86, 728.94, 351.68
850.60, 725.45, 476.62
852.34, 721.96, 601.56
601.34, 473.16, 475.77
604.43, 476.65, 600.68
607.52, 480.14, 725.60
600.02, 598.10, 472.31
603.11, 601.59, 597.23
606.20, 605.08, 722.14
598.70, 723.05, 468.85
601.79, 726.54, 593.77
604.88, 730.03, 718.68
726.30, 474.39, 472.65
729.39, 477.88, 597.56
732.47, 481.37, 722.47
724.98, 599.34, 469.19
728.07, 602.83, 594.10
731.15, 606.32, 719.01
723.66, 724.28, 465.73
726.74, 727.77, 590.64
729.83, 731.26, 715.56
851.25, 475.62, 469.52
854.34, 479.12, 594.44
857.43, 482.61, 719.35
849.93, 600.57, 466.06
853.02, 604.06, 590.98
856.11, 607.55, 715.89
848.61, 725.52, 462.61
851.70, 729.01, 587.52
854.79, 732.50, 712.43
598.09, 473.73, 598.87
595.46, 473.69, 723.84
592.82, 473.65, 848.81
597.98, 598.73, 598.90
595.34, 598.69, 723.88
592.71, 598.65, 848.85
597.86, 723.73, 598.94
595.23, 723.69, 723.91
592.59, 723.65, 848.88
723.06, 473.84, 601.51
720.43, 473.80, 726.48
717.79, 473.77, 851.45
722.95, 598.84, 601.54
720.31, 598.80, 726.51
717.68, 598.77, 851.48
722.83, 723.84, 601.57
720.20, 723.80, 726.55
717.56, 723.77, 851.52
848.04, 473.96, 604.14
845.40, 473.92, 729.11
842.77, 473.88, 854.09
847.92, 598.96, 604.18
845.29, 598.92, 729.15
842.65, 598.88, 854.12
847.81, 723.96, 604.21
845.17, 723.92, 729.18
842.53, 723.88, 854.15
598.70, 599.41, 98.61
597.36, 598.47, 223.60
596.02, 597.54, 348.58
601.62, 724.37, 99.57
600.27, 723.44, 224.56
598.93, 722.50, 349.55
604.53, 849.33, 100.53
603.19, 848.40, 225.52
601.85, 847.47, 350.51
723.66, 596.48, 99.93
722.32, 595.55, 224.92
720.98, 594.62, 349.91
726.58, 721.44, 100.89
725.23, 720.51, 225.88
723.89, 719.58, 350.87
729.49, 846.41, 101.85
728.15, 845.47, 226.84
726.80, 844.54, 351.83
848.62, 593.56, 101.25
847.28, 592.62, 226.24
845.94, 591.69, 351.23
851.54, 718.52, 102.21
850.19, 717.59, 227.20
848.85, 716.66, 352.19
854.45, 843.48, 103.17
853.11, 842.55, 228.16
851.76, 841.62, 353.15
598.82, 600.87, 224.23
597.13, 600.88, 349.22
595.45, 600.88, 474.21
596.27, 725.85, 224.19
594.59, 725.85, 349.18
592.90, 725.86, 474.17
593.73, 850.82, 224.15
592.05, 850.82, 349.14
590.36, 850.83, 474.13
723.78, 603.41, 225.91
722.09, 603.42, 350.90
720.41, 603.42, 475.89
721.24, 728.39, 225.87
719.55, 728.39, 350.86
717.87, 728.40, 475.85
718.70, 853.36, 225.84
717.01, 853.37, 350.82
715.33, 853.37, 475.81
848.74, 605.95, 227.60
847.06, 605.96, 352.59
845.37, 605.96, 477.58
846.20, 730.93, 227.56
844.52, 730.93, 352.55
842.83, 730.94, 477.54
843.66, 855.90, 227.52
841.97, 855.91, 352.51
840.29, 855.91, 477.50
601.05, 600.95, 349.21
603.45, 603.31, 474.17
605.85, 605.67, 599.12
604.49, 725.88, 346.79
606.89, 728.24, 471.74
609.29, 730.60, 596.70
607.94, 850.81, 344.36
610.34, 853.17, 469.32
612.74, 855.53, 594.27
725.98, 597.46, 346.88
728.38, 599.82, 471.83
730.78, 602.18, 596.79
729.42, 722.39, 344.46
731.82, 724.75, 469.41
734.22, 727.11, 594.36
732.87, 847.32, 342.03
735.27, 849.68, 466.99
737.67, 852.03, 591.94
850.91, 593.97, 344.55
853.31, 596.33, 469.50
855.71, 598.69, 594.46
854.35, 718.90, 342.12
856.75, 721.26, 467.08
859.15, 723.61, 592.03
857.80, 843.82, 339.70
860.20, 846.18, 464.65
862.60, 848.54, 589.61
599.48, 599.05, 474.18
600.64, 601.25, 599.16
601.80, 603.45, 724.13
599.68, 724.03, 471.98
600.84, 726.23, 596.96
601.99, 728.43, 721.93
599.87, 849.01, 469.78
601.03, 851.21, 594.75
602.19, 853.41, 719.73
724.47, 598.83, 473.03
725.63, 601.03, 598.00
726.79, 603.23, 722.98
724.67, 723.81, 470.83
725.83, 726.01, 595.80
726.99, 728.21, 720.78
724.87, 848.79, 468.62
726.03, 850.99, 593.60
727.18, 853.19, 718.57
849.47, 598.61, 471.87
850.63, 600.81, 596.85
851.79, 603.01, 721.82
849.67, 723.59, 469.67
850.82, 725.79, 594.65
851.98, 727.99, 719.62
849.86, 848.58, 467.47
851.02, 850.77, 592.44
852.18, 852.97, 717.42
601.45, 599.25, 599.20
604.93, 601.72, 724.13
608.42, 604.19, 849.06
603.03, 724.22, 596.69
606.51, 726.69, 721.61
610.00, 729.16, 846.54
604.61, 849.18, 594.17
608.10, 851.65, 719.10
611.58, 854.12, 844.03
726.39, 597.60, 595.75
729.87, 600.07, 720.68
733.36, 602.54, 845.60
727.97, 722.57, 593.23
731.46, 725.04, 718.16
734.94, 727.51, 843.09
729.56, 847.53, 590.72
733.04, 850.00, 715.65
736.52, 852.47, 840.57
851.33, 595.95, 592.30
854.81, 598.42, 717.22
858.30, 600.89, 842.15
852.91, 720.91, 589.78
856.40, 723.38, 714.71
859.88, 725.85, 839.64
854.50, 845.88, 587.27
857.98, 848.35, 712.19
861.47, 850.82, 837.12
