27, 125, pa2-debug-b-output1.txt
197.28,  195.94,  204.66 408.67,  402.58,  194.17101.62, 101.88, 98.53
103.42, 99.54, 223.49
105.22, 97.19, 348.46
99.23, 226.84, 100.91
101.03, 224.49, 225.87
102.83, 222.15, 350.84
96.84, 351.79, 103.29
98.64, 349.45, 228.25
100.44, 347.10, 353.22
226.58, 104.31, 96.77
228.39, 101.96, 221.74
230.19, 99.62, 346.70
224.19, 229.26, 99.15
226.00, 226.92, 224.12
227.80, 224.57, 349.09
221.80, 354.22, 101.54
223.60, 351.87, 226.50
225.41, 349.52, 351.47
351.55, 106.73, 95.02
353.35, 104.39, 219.99
355.15, 102.04, 344.95
349.16, 231.69, 97.40
350.96, 229.34, 222.37
352.76, 226.99, 347.33
346.77, 356.64, 99.78
348.57, 354.29, 224.75
350.37, 351.95, 349.71
99.12, 101.40, 224.49
97.73, 101.80, 349.48
96.35, 102.19, 474.48
97.69, 226.40, 224.08
96.31, 226.79, 349.07
94.93, 227.19, 474.06
96.26, 351.39, 223.67
94.88, 351.78, 348.66
93.50, 352.18, 473.65
224.10, 102.84, 225.87
222.72, 103.23, 350.86
221.34, 103.63, 475.85
222.67, 227.83, 225.46
221.29, 228.22, 350.45
219.91, 228.62, 475.44
221.25, 352.82, 225.05
219.86, 353.21, 350.04
218.48, 353.61, 475.03
349.08, 104.27, 227.24
347.70, 104.66, 352.24
346.32, 105.06, 477.23
347.66, 229.26, 226.83
346.28, 229.65, 351.83
344.89, 230.05, 476.82
346.23, 354.25, 226.42
344.85, 354.65, 351.41
343.47, 355.04, 476.41
100.92, 99.24, 349.65
99.11, 101.10, 474.62
97.30, 102.96, 599.59
104.49, 224.18, 347.84
102.68, 226.04, 472.81
100.87, 227.90, 597.79
108.06, 349.11, 346.03
106.25, 350.97, 471.00
104.44, 352.83, 595.98
225.86, 95.70, 351.51
224.05, 97.56, 476.48
222.24, 99.42, 601.46
229.42, 220.63, 349.70
227.62, 222.49, 474.67
225.81, 224.36, 599.65
232.99, 345.57, 347.89
231.18, 347.43, 472.87
229.37, 349.29, 597.84
350.79, 92.16, 353.37
348.98, 94.02, 478.34
347.17, 95.88, 603.32
354.36, 217.09, 351.56
352.55, 218.95, 476.54
350.74, 220.81, 601.51
357.93, 342.03, 349.75
356.12, 343.89, 474.73
354.31, 345.75, 599.70
99.59, 99.36, 474.47
99.49, 97.61, 599.46
99.39, 95.87, 724.45
99.29, 224.35, 476.22
99.20, 222.60, 601.20
99.10, 220.86, 726.19
99.00, 349.33, 477.96
98.90, 347.59, 602.95
98.80, 345.84, 727.94
224.59, 99.65, 474.57
224.49, 97.91, 599.56
224.39, 96.16, 724.55
224.29, 224.64, 476.32
224.19, 222.90, 601.31
224.10, 221.15, 726.30
224.00, 349.63, 478.06
223.90, 347.88, 603.05
223.80, 346.14, 728.04
349.59, 99.95, 474.68
349.49, 98.20, 599.67
349.39, 96.46, 724.65
349.29, 224.93, 476.42
349.19, 223.19, 601.41
349.10, 221.44, 726.40
349.00, 349.92, 478.17
348.90, 348.18, 603.16
348.80, 346.43, 728.14
99.99, 101.14, 600.50
100.12, 103.29, 725.48
100.26, 105.44, 850.47
98.24, 226.11, 598.36
98.37, 228.26, 723.34
98.51, 230.41, 848.32
96.49, 351.08, 596.21
96.62, 353.23, 721.19
96.76, 355.38, 846.17
224.98, 102.89, 600.34
225.11, 105.04, 725.32
225.25, 107.19, 850.30
223.22, 227.86, 598.19
223.36, 230.01, 723.17
223.50, 232.16, 848.15
221.47, 352.83, 596.04
221.61, 354.98, 721.02
221.74, 357.13, 846.01
349.96, 104.64, 600.17
350.10, 106.79, 725.15
350.23, 108.94, 850.13
348.21, 229.61, 598.02
348.35, 231.76, 723.01
348.48, 233.91, 847.99
346.46, 354.58, 595.88
346.60, 356.73, 720.86
346.73, 358.88, 845.84
99.29, 224.02, 98.48
100.30, 221.66, 223.45
101.31, 219.31, 348.42
95.78, 348.95, 100.86
96.79, 346.59, 225.83
97.81, 344.24, 350.81
92.27, 473.88, 103.25
93.29, 471.52, 228.22
94.30, 469.16, 353.19
224.23, 227.55, 97.53
225.25, 225.19, 222.50
226.26, 222.83, 347.48
220.73, 352.47, 99.91
221.74, 350.12, 224.89
222.76, 347.76, 349.86
217.22, 477.40, 102.30
218.23, 475.05, 227.27
219.25, 472.69, 352.25
349.18, 231.07, 96.58
350.19, 228.71, 221.56
351.21, 226.36, 346.53
345.67, 356.00, 98.97
346.69, 353.64, 223.94
347.70, 351.28, 348.91
342.17, 480.93, 101.35
343.18, 478.57, 226.33
344.20, 476.21, 351.30
100.38, 225.72, 224.35
101.90, 225.03, 349.34
103.43, 224.35, 474.33
100.21, 350.72, 225.04
101.74, 350.03, 350.03
103.26, 349.34, 475.02
100.05, 475.72, 225.73
101.57, 475.03, 350.72
103.10, 474.34, 475.71
225.37, 225.89, 222.83
226.89, 225.21, 347.82
228.42, 224.52, 472.80
225.20, 350.89, 223.52
226.73, 350.20, 348.51
228.26, 349.52, 473.49
225.04, 475.89, 224.21
226.57, 475.20, 349.19
228.09, 474.52, 474.18
350.36, 226.07, 221.30
351.89, 225.38, 346.29
353.41, 224.69, 471.28
350.20, 351.07, 221.99
351.72, 350.38, 346.98
353.25, 349.69, 471.97
350.03, 476.06, 222.68
351.56, 475.38, 347.67
353.08, 474.69, 472.66
100.64, 226.32, 350.21
96.94, 229.29, 475.12
93.23, 232.26, 600.03
101.86, 351.28, 347.28
98.15, 354.25, 472.19
94.45, 357.22, 597.10
103.08, 476.24, 344.34
99.37, 479.21, 469.25
95.67, 482.18, 594.16
225.58, 225.19, 353.94
221.87, 228.16, 478.85
218.17, 231.13, 603.76
226.80, 350.15, 351.01
223.09, 353.12, 475.92
219.39, 356.09, 600.83
228.02, 475.11, 348.08
224.31, 478.08, 472.99
220.61, 481.05, 597.90
350.52, 224.06, 357.68
346.81, 227.03, 482.59
343.11, 230.00, 607.50
351.74, 349.02, 354.74
348.03, 351.99, 479.65
344.33, 354.96, 604.56
352.96, 473.98, 351.81
349.25, 476.95, 476.72
345.55, 479.92, 601.63
101.97, 224.82, 475.20
101.45, 224.24, 600.20
100.94, 223.65, 725.20
98.99, 349.78, 475.77
98.48, 349.20, 600.77
97.96, 348.62, 725.77
96.01, 474.75, 476.34
95.50, 474.16, 601.34
94.99, 473.58, 726.34
226.93, 227.80, 475.73
226.42, 227.21, 600.72
225.91, 226.63, 725.72
223.95, 352.76, 476.30
223.44, 352.18, 601.30
222.93, 351.59, 726.29
220.97, 477.72, 476.87
220.46, 477.14, 601.87
219.95, 476.56, 726.86
351.89, 230.77, 476.25
351.38, 230.19, 601.25
350.87, 229.61, 726.25
348.92, 355.73, 476.82
348.40, 355.15, 601.82
347.89, 354.57, 726.82
345.94, 480.70, 477.39
345.43, 480.12, 602.39
344.91, 479.53, 727.39
98.28, 224.28, 599.94
95.43, 226.17, 724.89
92.58, 228.06, 849.85
97.28, 349.26, 598.03
94.44, 351.15, 722.98
91.59, 353.04, 847.93
96.29, 474.24, 596.11
93.44, 476.13, 721.07
90.59, 478.02, 846.02
223.24, 225.32, 602.77
220.40, 227.21, 727.72
217.55, 229.10, 852.68
222.25, 350.30, 600.86
219.40, 352.19, 725.81
216.55, 354.08, 850.76
221.25, 475.28, 598.94
218.40, 477.17, 723.90
215.55, 479.06, 848.85
348.21, 226.36, 605.60
345.36, 228.25, 730.56
342.51, 230.14, 855.51
347.21, 351.34, 603.69
344.36, 353.23, 728.64
341.51, 355.12, 853.60
346.21, 476.32, 601.78
343.37, 478.21, 726.73
340.52, 480.10, 851.68
101.49, 350.30, 100.55
98.02, 350.62, 225.51
94.56, 350.94, 350.46
98.73, 475.27, 100.16
95.27, 475.59, 225.11
91.80, 475.91, 350.06
95.98, 600.23, 99.76
92.51, 600.56, 224.71
89.04, 600.88, 349.66
226.41, 353.06, 104.01
222.94, 353.38, 228.97
219.48, 353.71, 353.92
223.66, 478.03, 103.62
220.19, 478.35, 228.57
216.72, 478.67, 353.52
220.90, 603.00, 103.22
217.43, 603.32, 228.17
213.96, 603.64, 353.12
351.33, 355.83, 107.47
347.87, 356.15, 232.42
344.40, 356.47, 357.38
348.58, 480.80, 107.08
345.11, 481.12, 232.03
341.64, 481.44, 356.98
345.82, 605.77, 106.68
342.35, 606.09, 231.63
338.88, 606.41, 356.58
98.49, 350.78, 223.26
98.49, 350.56, 348.26
98.49, 350.34, 473.26
101.79, 475.74, 223.48
101.79, 475.52, 348.48
101.79, 475.30, 473.48
105.10, 600.69, 223.70
105.10, 600.48, 348.70
105.10, 600.26, 473.70
223.44, 347.48, 223.26
223.44, 347.26, 348.26
223.44, 347.04, 473.26
226.75, 472.43, 223.48
226.75, 472.21, 348.48
226.75, 471.99, 473.47
230.06, 597.39, 223.69
230.06, 597.17, 348.69
230.06, 596.95, 473.69
348.40, 344.17, 223.25
348.40, 343.95, 348.25
348.40, 343.73, 473.25
351.71, 469.13, 223.47
351.71, 468.91, 348.47
351.71, 468.69, 473.47
355.01, 594.08, 223.69
355.01, 593.86, 348.69
355.01, 593.64, 473.69
100.52, 351.33, 350.23
97.91, 354.79, 475.16
95.29, 358.24, 600.08
100.06, 476.28, 346.76
97.45, 479.74, 471.69
94.83, 483.20, 596.61
99.60, 601.23, 343.29
96.99, 604.69, 468.22
94.37, 608.15, 593.14
225.49, 351.86, 352.83
222.88, 355.32, 477.75
220.27, 358.78, 602.68
225.03, 476.81, 349.36
222.42, 480.27, 474.28
219.81, 483.73, 599.21
224.57, 601.76, 345.89
221.96, 605.22, 470.82
219.35, 608.68, 595.74
350.46, 352.39, 355.43
347.85, 355.85, 480.35
345.24, 359.31, 605.28
350.00, 477.34, 351.96
347.39, 480.80, 476.88
344.78, 484.26, 601.81
349.54, 602.29, 348.49
346.93, 605.75, 473.41
344.32, 609.21, 598.34
100.17, 350.86, 474.39
97.69, 348.96, 599.35
95.21, 347.06, 724.31
103.89, 475.79, 476.36
101.40, 473.89, 601.33
98.92, 471.99, 726.29
107.60, 600.72, 478.34
105.12, 598.82, 603.30
102.64, 596.92, 728.26
225.09, 347.11, 476.81
222.61, 345.21, 601.78
220.13, 343.31, 726.74
228.81, 472.04, 478.79
226.32, 470.14, 603.75
223.84, 468.24, 728.71
232.52, 596.97, 480.76
230.04, 595.07, 605.72
227.56, 593.17, 730.68
350.01, 343.35, 479.24
347.53, 341.45, 604.20
345.05, 339.55, 729.16
353.73, 468.28, 481.21
351.24, 466.38, 606.17
348.76, 464.48, 731.13
357.44, 593.21, 483.18
354.96, 591.31, 608.15
352.48, 589.41, 733.11
100.37, 350.67, 601.97
102.13, 348.43, 726.94
103.88, 346.19, 851.90
97.95, 475.63, 604.25
99.70, 473.39, 729.21
101.45, 471.14, 854.18
95.52, 600.59, 606.52
97.27, 598.34, 731.49
99.03, 596.10, 856.46
225.34, 353.13, 600.26
227.09, 350.89, 725.23
228.84, 348.64, 850.20
222.91, 478.09, 602.54
224.66, 475.84, 727.50
226.42, 473.60, 852.47
220.49, 603.04, 604.81
222.24, 600.80, 729.78
223.99, 598.56, 854.75
350.30, 355.59, 598.55
352.05, 353.34, 723.52
353.81, 351.10, 848.49
347.88, 480.54, 600.83
349.63, 478.30, 725.80
351.38, 476.06, 850.76
345.45, 605.50, 603.11
347.20, 603.26, 728.07
348.96, 601.01, 853.04
100.95, 473.56, 101.32
101.98, 476.41, 226.29
103.02, 479.26, 351.25
97.57, 598.49, 98.50
98.60, 601.33, 223.47
99.63, 604.18, 348.43
94.18, 723.41, 95.68
95.22, 726.26, 220.65
96.25, 729.11, 345.61
225.90, 476.92, 100.21
226.93, 479.77, 225.18
227.97, 482.62, 350.14
222.52, 601.85, 97.39
223.55, 604.69, 222.35
224.58, 607.54, 347.32
219.13, 726.77, 94.57
220.17, 729.62, 219.53
221.20, 732.47, 344.50
350.85, 480.28, 99.10
351.88, 483.13, 224.06
352.92, 485.98, 349.03
347.47, 605.21, 96.28
348.50, 608.06, 221.24
349.53, 610.90, 346.21
344.08, 730.13, 93.46
345.12, 732.98, 218.42
346.15, 735.83, 343.39
98.46, 475.45, 226.21
100.38, 472.76, 351.17
102.29, 470.06, 476.12
95.43, 600.38, 228.95
97.34, 597.69, 353.91
99.26, 594.99, 478.86
92.39, 725.32, 231.69
94.31, 722.62, 356.65
96.23, 719.93, 481.60
223.41, 478.52, 224.36
225.32, 475.83, 349.32
227.24, 473.13, 474.27
220.37, 603.46, 227.10
222.29, 600.76, 352.06
224.21, 598.07, 477.01
217.34, 728.39, 229.84
219.26, 725.70, 354.80
221.18, 723.00, 479.75
348.36, 481.60, 222.51
350.27, 478.90, 347.46
352.19, 476.21, 472.42
345.32, 606.53, 225.25
347.24, 603.84, 350.21
349.16, 601.14, 475.16
342.29, 731.46, 227.99
344.21, 728.77, 352.95
346.13, 726.07, 477.90
98.22, 473.54, 351.95
101.62, 473.04, 476.90
105.03, 472.53, 601.86
96.84, 598.53, 352.49
100.25, 598.03, 477.45
103.65, 597.52, 602.40
95.47, 723.53, 353.04
98.87, 723.02, 477.99
102.28, 722.51, 602.94
223.16, 474.93, 348.55
226.57, 474.42, 473.50
229.97, 473.92, 598.46
221.79, 599.92, 349.10
225.19, 599.41, 474.05
228.60, 598.91, 599.00
220.42, 724.91, 349.64
223.82, 724.41, 474.59
227.22, 723.90, 599.55
348.11, 476.32, 345.15
351.51, 475.81, 470.11
354.92, 475.30, 595.06
346.74, 601.31, 345.70
350.14, 600.80, 470.65
353.54, 600.30, 595.60
345.36, 726.30, 346.24
348.77, 725.79, 471.19
352.17, 725.29, 596.15
98.13, 473.03, 475.82
94.93, 472.30, 600.77
91.72, 471.58, 725.73
98.72, 598.02, 476.56
95.51, 597.30, 601.51
92.31, 596.57, 726.47
99.30, 723.02, 477.30
96.10, 722.30, 602.26
92.89, 721.57, 727.21
223.09, 472.42, 479.02
219.88, 471.70, 603.98
216.68, 470.97, 728.93
223.67, 597.42, 479.76
220.47, 596.69, 604.72
217.27, 595.97, 729.67
224.26, 722.42, 480.50
221.06, 721.69, 605.46
217.85, 720.97, 730.41
348.05, 471.82, 482.22
344.84, 471.09, 607.18
341.64, 470.37, 732.13
348.63, 596.82, 482.96
345.43, 596.09, 607.92
342.22, 595.37, 732.87
349.22, 721.81, 483.70
346.01, 721.09, 608.66
342.81, 720.36, 733.62
99.85, 475.50, 599.98
100.14, 477.77, 724.96
100.42, 480.03, 849.94
98.65, 600.48, 597.72
98.93, 602.74, 722.70
99.21, 605.01, 847.68
97.44, 725.45, 595.46
97.72, 727.72, 720.44
98.00, 729.98, 845.42
224.85, 476.71, 599.68
225.13, 478.97, 724.66
225.41, 481.23, 849.64
223.64, 601.68, 597.42
223.92, 603.94, 722.40
224.20, 606.21, 847.38
222.43, 726.65, 595.16
222.71, 728.92, 720.14
222.99, 731.18, 845.11
349.84, 477.91, 599.38
350.12, 480.17, 724.36
350.40, 482.44, 849.34
348.63, 602.88, 597.12
348.92, 605.15, 722.09
349.20, 607.41, 847.07
347.43, 727.86, 594.85
347.71, 730.12, 719.83
347.99, 732.38, 844.81
98.43, 600.59, 100.99
98.56, 602.38, 225.98
98.69, 604.18, 350.96
99.60, 725.57, 99.20
99.73, 727.37, 224.18
99.86, 729.16, 349.17
100.77, 850.55, 97.40
100.90, 852.35, 222.39
101.03, 854.14, 347.38
223.43, 599.42, 100.88
223.56, 601.21, 225.86
223.69, 603.01, 350.85
224.60, 724.40, 99.08
224.73, 726.20, 224.07
224.86, 727.99, 349.06
225.77, 849.39, 97.29
225.89, 851.18, 222.28
226.02, 852.97, 347.26
348.42, 598.25, 100.76
348.55, 600.04, 225.75
348.68, 601.84, 350.74
349.59, 723.23, 98.97
349.72, 725.03, 223.96
349.85, 726.82, 348.94
350.76, 848.22, 97.18
350.89, 850.01, 222.16
351.02, 851.80, 347.15
100.33, 601.04, 226.52
102.61, 599.13, 351.48
104.89, 597.22, 476.45
104.08, 725.97, 228.36
106.36, 724.06, 353.32
108.64, 722.15, 478.29
107.84, 850.90, 230.20
110.12, 848.99, 355.17
112.40, 847.08, 480.13
225.25, 597.32, 224.18
227.53, 595.41, 349.15
229.81, 593.50, 474.11
229.00, 722.25, 226.02
231.29, 720.34, 350.99
233.57, 718.43, 475.95
232.76, 847.18, 227.86
235.04, 845.27, 352.83
237.32, 843.36, 477.79
350.17, 593.60, 221.84
352.45, 591.69, 346.81
354.74, 589.78, 471.77
353.93, 718.53, 223.69
356.21, 716.62, 348.65
358.49, 714.71, 473.61
357.68, 843.46, 225.53
359.96, 841.55, 350.49
362.24, 839.64, 475.46
98.33, 600.78, 348.20
97.74, 599.54, 473.20
97.15, 598.30, 598.19
100.76, 725.75, 349.45
100.17, 724.51, 474.45
99.58, 723.27, 599.44
103.19, 850.72, 350.70
102.60, 849.48, 475.69
102.01, 848.24, 600.69
223.30, 598.34, 348.77
222.71, 597.11, 473.76
222.12, 595.87, 598.75
225.74, 723.31, 350.02
225.14, 722.08, 475.01
224.55, 720.84, 600.00
228.17, 848.28, 351.27
227.58, 847.05, 476.26
226.99, 845.81, 601.25
348.28, 595.91, 349.34
347.69, 594.67, 474.33
347.10, 593.43, 599.32
350.71, 720.88, 350.58
350.12, 719.64, 475.58
349.53, 718.40, 600.57
353.14, 845.85, 351.83
352.55, 844.61, 476.83
351.96, 843.37, 601.82
98.04, 601.01, 474.91
99.82, 597.66, 599.85
101.61, 594.30, 724.79
97.20, 725.96, 478.27
98.99, 722.61, 603.22
100.77, 719.26, 728.16
96.37, 850.91, 481.64
98.15, 847.56, 606.58
99.93, 844.21, 731.52
223.03, 601.89, 473.15
224.81, 598.54, 598.09
226.59, 595.19, 723.03
222.19, 726.85, 476.51
223.97, 723.49, 601.46
225.75, 720.14, 726.40
221.35, 851.80, 479.88
223.13, 848.45, 604.82
224.91, 845.09, 729.76
348.01, 602.78, 471.39
349.79, 599.43, 596.33
351.57, 596.08, 721.28
347.17, 727.73, 474.75
348.95, 724.38, 599.70
350.74, 721.03, 724.64
346.33, 852.68, 478.12
348.12, 849.33, 603.06
349.90, 845.98, 728.00
98.36, 598.01, 600.27
98.89, 601.12, 725.23
99.42, 604.24, 850.19
99.47, 722.96, 597.15
100.00, 726.08, 722.11
100.53, 729.19, 847.07
100.58, 847.92, 594.03
101.11, 851.03, 718.99
101.65, 854.15, 843.95
223.35, 596.88, 599.76
223.88, 600.00, 724.72
224.42, 603.11, 849.68
224.46, 721.84, 596.64
225.00, 724.95, 721.61
225.53, 728.07, 846.57
225.57, 846.80, 593.53
226.11, 849.91, 718.49
226.64, 853.02, 843.45
348.34, 595.76, 599.26
348.88, 598.87, 724.22
349.41, 601.99, 849.18
349.46, 720.71, 596.14
349.99, 723.83, 721.10
350.52, 726.94, 846.06
350.57, 845.67, 593.02
351.10, 848.79, 717.98
351.63, 851.90, 842.94
224.17, 100.95, 98.86
221.21, 100.90, 223.83
218.25, 100.86, 348.79
221.32, 225.91, 98.84
218.36, 225.87, 223.80
215.39, 225.83, 348.77
218.47, 350.88, 98.81
215.51, 350.84, 223.78
212.54, 350.80, 348.74
349.11, 103.80, 101.83
346.14, 103.76, 226.79
343.18, 103.71, 351.76
346.25, 228.77, 101.80
343.29, 228.72, 226.77
340.33, 228.68, 351.73
343.40, 353.73, 101.77
340.44, 353.69, 226.74
337.47, 353.65, 351.70
474.04, 106.65, 104.79
471.07, 106.61, 229.75
468.11, 106.57, 354.72
471.19, 231.62, 104.76
468.22, 231.58, 229.73
465.26, 231.53, 354.69
468.33, 356.58, 104.74
465.37, 356.54, 229.70
462.41, 356.50, 354.67
225.45, 99.48, 225.37
226.57, 100.05, 350.36
227.68, 100.63, 475.36
222.85, 224.45, 224.82
223.96, 225.02, 349.81
225.08, 225.60, 474.81
220.24, 349.42, 224.27
221.36, 350.00, 349.26
222.48, 350.57, 474.25
350.42, 102.08, 224.24
351.53, 102.65, 349.24
352.65, 103.23, 474.23
347.81, 227.05, 223.69
348.93, 227.62, 348.68
350.05, 228.20, 473.68
345.21, 352.02, 223.14
346.33, 352.59, 348.13
347.44, 353.17, 473.13
475.39, 104.67, 223.11
476.50, 105.25, 348.11
477.62, 105.82, 473.10
472.78, 229.65, 222.56
473.90, 230.22, 347.56
475.02, 230.80, 472.55
470.18, 354.62, 222.01
471.30, 355.19, 347.00
472.41, 355.77, 472.00
224.55, 98.13, 349.25
228.11, 96.97, 474.19
231.67, 95.81, 599.13
227.08, 223.10, 350.34
230.64, 221.94, 475.28
234.20, 220.78, 600.23
229.60, 348.07, 351.43
233.16, 346.91, 476.37
236.72, 345.75, 601.32
349.47, 95.64, 345.66
353.04, 94.48, 470.61
356.60, 93.32, 595.55
352.00, 220.61, 346.75
355.56, 219.45, 471.70
359.12, 218.28, 596.64
354.52, 345.58, 347.85
358.08, 344.42, 472.79
361.65, 343.25, 597.73
474.40, 93.15, 342.08
477.96, 91.99, 467.02
481.52, 90.82, 591.97
476.92, 218.12, 343.17
480.48, 216.95, 468.12
484.04, 215.79, 593.06
479.45, 343.09, 344.26
483.01, 341.92, 469.21
486.57, 340.76, 594.15
223.96, 100.91, 475.09
223.35, 101.60, 600.08
222.73, 102.29, 725.08
223.07, 225.90, 474.39
222.45, 226.60, 599.39
221.83, 227.29, 724.38
222.18, 350.90, 473.69
221.56, 351.59, 598.69
220.94, 352.28, 723.69
348.96, 101.80, 475.70
348.34, 102.50, 600.70
347.72, 103.19, 725.69
348.06, 226.80, 475.00
347.45, 227.49, 600.00
346.83, 228.19, 725.00
347.17, 351.79, 474.31
346.55, 352.49, 599.30
345.94, 353.18, 724.30
473.95, 102.70, 476.31
473.34, 103.39, 601.31
472.72, 104.09, 726.31
473.06, 227.70, 475.62
472.44, 228.39, 600.61
471.83, 229.08, 725.61
472.17, 352.69, 474.92
471.55, 353.38, 599.92
470.93, 354.08, 724.91
224.09, 101.20, 598.96
226.93, 104.71, 723.88
229.77, 108.23, 848.79
225.17, 226.14, 595.42
228.01, 229.66, 720.33
230.85, 233.17, 845.25
226.26, 351.09, 591.88
229.10, 354.60, 716.79
231.94, 358.12, 841.71
349.05, 100.04, 596.15
351.89, 103.55, 721.07
354.73, 107.06, 845.98
350.13, 224.98, 592.61
352.98, 228.50, 717.53
355.82, 232.01, 842.44
351.22, 349.93, 589.07
354.06, 353.44, 713.98
356.90, 356.95, 838.90
474.01, 98.87, 593.34
476.85, 102.39, 718.26
479.70, 105.90, 843.17
475.10, 223.82, 589.80
477.94, 227.33, 714.72
480.78, 230.85, 839.63
476.18, 348.76, 586.26
479.02, 352.28, 711.17
481.87, 355.79, 836.09
225.53, 226.91, 98.67
223.32, 224.29, 223.62
221.12, 221.66, 348.57
227.03, 351.87, 101.31
224.82, 349.25, 226.27
222.62, 346.63, 351.22
228.53, 476.83, 103.96
226.32, 474.21, 228.92
224.12, 471.59, 353.87
350.50, 225.36, 100.84
348.30, 222.74, 225.79
346.09, 220.12, 350.75
352.00, 350.32, 103.49
349.80, 347.70, 228.44
347.59, 345.08, 353.39
353.50, 475.29, 106.14
351.29, 472.67, 231.09
349.09, 470.04, 356.04
475.47, 223.82, 103.01
473.27, 221.19, 227.97
471.06, 218.57, 352.92
476.97, 348.78, 105.66
474.77, 346.16, 230.61
472.56, 343.53, 355.57
478.47, 473.74, 108.31
476.27, 471.12, 233.26
474.06, 468.50, 358.22
223.30, 226.67, 226.65
220.87, 225.39, 351.62
218.44, 224.10, 476.59
224.05, 351.66, 227.95
221.62, 350.38, 352.92
219.19, 349.09, 477.89
224.80, 476.65, 229.25
222.37, 475.37, 354.22
219.94, 474.08, 479.19
348.27, 225.90, 229.07
345.84, 224.61, 354.04
343.42, 223.32, 479.01
349.02, 350.89, 230.37
346.59, 349.60, 355.34
344.17, 348.32, 480.31
349.77, 475.88, 231.67
347.35, 474.59, 356.64
344.92, 473.31, 481.61
473.25, 225.12, 231.49
470.82, 223.83, 356.46
468.39, 222.55, 481.43
474.00, 350.11, 232.79
471.57, 348.83, 357.76
469.14, 347.54, 482.73
474.75, 475.10, 234.09
472.32, 473.82, 359.06
469.89, 472.53, 484.03
224.95, 223.50, 351.97
227.49, 225.33, 476.93
230.02, 227.16, 601.89
221.90, 348.45, 350.20
224.44, 350.28, 475.16
226.97, 352.11, 600.13
218.85, 473.40, 348.44
221.38, 475.23, 473.40
223.92, 477.06, 598.36
349.89, 226.52, 349.39
352.42, 228.34, 474.36
354.96, 230.17, 599.32
346.84, 351.47, 347.63
349.37, 353.30, 472.59
351.91, 355.12, 597.55
343.79, 476.42, 345.86
346.32, 478.25, 470.82
348.85, 480.07, 595.78
474.83, 229.53, 346.82
477.36, 231.36, 471.78
479.89, 233.19, 596.74
471.78, 354.48, 345.05
474.31, 356.31, 470.01
476.84, 358.14, 594.97
468.73, 479.43, 343.28
471.26, 481.26, 468.25
473.79, 483.09, 593.21
225.87, 226.25, 476.99
225.80, 224.54, 601.98
225.74, 222.83, 726.97
225.26, 351.23, 478.70
225.20, 349.53, 603.68
225.13, 347.82, 728.67
224.66, 476.22, 480.40
224.60, 474.51, 605.39
224.53, 472.81, 730.38
350.86, 226.85, 477.06
350.80, 225.14, 602.05
350.74, 223.44, 727.04
350.26, 351.83, 478.77
350.20, 350.13, 603.76
350.13, 348.42, 728.75
349.66, 476.82, 480.47
349.60, 475.12, 605.46
349.53, 473.41, 730.45
475.86, 227.45, 477.14
475.80, 225.74, 602.12
475.73, 224.04, 727.11
475.26, 352.44, 478.84
475.20, 350.73, 603.83
475.13, 349.02, 728.82
474.66, 477.42, 480.55
474.59, 475.72, 605.54
474.53, 474.01, 730.52
226.94, 223.22, 600.95
223.27, 226.48, 725.85
219.60, 229.73, 850.75
225.93, 348.17, 597.66
222.26, 351.43, 722.56
218.59, 354.68, 847.47
224.92, 473.13, 594.37
221.25, 476.38, 719.28
217.58, 479.63, 844.18
351.89, 224.33, 604.59
348.22, 227.58, 729.49
344.54, 230.84, 854.40
350.87, 349.28, 601.30
347.20, 352.54, 726.21
343.53, 355.79, 851.11
349.86, 474.23, 598.02
346.19, 477.49, 722.92
342.52, 480.74, 847.82
476.83, 225.44, 608.23
473.16, 228.69, 733.13
469.49, 231.95, 858.04
475.82, 350.39, 604.95
472.14, 353.64, 729.85
468.47, 356.90, 854.75
474.80, 475.34, 601.66
471.13, 478.60, 726.56
467.46, 481.85, 851.47
224.66, 349.41, 99.34
226.93, 349.87, 224.32
229.21, 350.32, 349.30
222.13, 474.39, 98.93
224.41, 474.84, 223.91
226.68, 475.30, 348.89
219.61, 599.36, 98.52
221.89, 599.81, 223.50
224.16, 600.27, 348.48
349.61, 351.93, 97.06
351.89, 352.38, 222.03
354.16, 352.84, 347.01
347.09, 476.90, 96.65
349.36, 477.36, 221.63
351.64, 477.81, 346.60
344.56, 601.88, 96.24
346.84, 602.33, 221.22
349.11, 602.78, 346.20
474.56, 354.44, 94.77
476.84, 354.90, 219.75
479.11, 355.35, 344.73
472.04, 479.42, 94.36
474.32, 479.87, 219.34
476.59, 480.33, 344.32
469.52, 604.39, 93.96
471.79, 604.85, 218.93
474.07, 605.30, 343.91
223.30, 350.11, 223.62
222.07, 352.89, 348.59
220.84, 355.67, 473.55
220.89, 475.05, 220.82
219.66, 477.83, 345.78
218.43, 480.62, 470.74
218.48, 600.00, 218.01
217.25, 602.78, 342.97
216.02, 605.56, 467.94
348.27, 352.55, 224.80
347.04, 355.33, 349.76
345.81, 358.11, 474.72
345.86, 477.49, 221.99
344.63, 480.27, 346.96
343.40, 483.05, 471.92
343.45, 602.44, 219.19
342.22, 605.22, 344.15
340.99, 608.00, 469.11
473.24, 354.98, 225.97
472.01, 357.77, 350.94
470.78, 360.55, 475.90
470.83, 479.93, 223.17
469.60, 482.71, 348.13
468.37, 485.49, 473.09
468.42, 604.87, 220.36
467.19, 607.66, 345.32
465.96, 610.44, 470.29
225.39, 351.42, 348.44
224.44, 347.71, 473.38
223.50, 344.00, 598.32
228.85, 476.31, 352.17
227.91, 472.60, 477.11
226.96, 468.89, 602.05
232.31, 601.21, 355.91
231.37, 597.50, 480.85
230.42, 593.79, 605.79
350.34, 347.93, 349.28
349.39, 344.22, 474.22
348.45, 340.51, 599.16
353.80, 472.82, 353.01
352.86, 469.12, 477.95
351.91, 465.41, 602.90
357.26, 597.72, 356.75
356.32, 594.01, 481.69
355.37, 590.30, 606.63
475.29, 344.44, 350.12
474.34, 340.73, 475.06
473.40, 337.02, 600.00
478.75, 469.34, 353.85
477.80, 465.63, 478.80
476.86, 461.92, 603.74
482.21, 594.23, 357.59
481.27, 590.52, 482.53
480.32, 586.81, 607.47
224.29, 350.94, 473.60
225.84, 351.06, 598.59
227.38, 351.18, 723.58
226.45, 475.92, 473.45
228.00, 476.04, 598.45
229.54, 476.16, 723.44
228.61, 600.90, 473.31
230.16, 601.02, 598.30
231.70, 601.14, 723.29
349.26, 348.78, 472.06
350.81, 348.90, 597.05
352.35, 349.02, 722.04
351.43, 473.76, 471.91
352.97, 473.88, 596.90
354.51, 474.00, 721.90
353.59, 598.74, 471.77
355.13, 598.86, 596.76
356.67, 598.98, 721.75
474.24, 346.61, 470.52
475.78, 346.73, 595.51
477.32, 346.85, 720.50
476.40, 471.60, 470.37
477.94, 471.72, 595.36
479.48, 471.84, 720.36
478.56, 596.58, 470.23
480.10, 596.70, 595.22
481.64, 596.82, 720.21
223.38, 350.02, 599.97
224.88, 346.58, 724.91
226.38, 343.15, 849.86
222.38, 474.96, 603.42
223.88, 471.53, 728.36
225.38, 468.10, 853.30
221.38, 599.91, 606.86
222.88, 596.48, 731.81
224.38, 593.04, 856.75
348.37, 351.06, 598.50
349.87, 347.62, 723.44
351.37, 344.19, 848.39
347.37, 476.01, 601.94
348.87, 472.57, 726.89
350.37, 469.14, 851.83
346.37, 600.96, 605.39
347.86, 597.52, 730.34
349.36, 594.09, 855.28
473.36, 352.10, 597.03
474.85, 348.67, 721.97
476.35, 345.23, 846.91
472.35, 477.05, 600.47
473.85, 473.61, 725.42
475.35, 470.18, 850.36
471.35, 602.00, 603.92
472.85, 598.56, 728.86
474.35, 595.13, 853.81
223.34, 473.10, 99.00
222.53, 471.83, 223.99
221.72, 470.56, 348.98
220.11, 598.05, 100.25
219.30, 596.78, 225.24
218.49, 595.51, 350.23
216.88, 723.00, 101.50
216.07, 721.73, 226.49
215.26, 720.46, 351.48
348.30, 476.32, 99.85
347.48, 475.05, 224.84
346.67, 473.78, 349.83
345.06, 601.27, 101.10
344.25, 600.00, 226.09
343.44, 598.73, 351.08
341.83, 726.22, 102.34
341.02, 724.95, 227.33
340.21, 723.68, 352.33
473.25, 479.54, 100.69
472.44, 478.27, 225.68
471.63, 477.00, 350.67
470.02, 604.50, 101.94
469.21, 603.23, 226.93
468.40, 601.96, 351.92
466.79, 729.45, 103.19
465.98, 728.18, 228.18
465.17, 726.91, 353.17
223.83, 474.00, 224.59
223.96, 471.51, 349.57
224.08, 469.02, 474.54
227.39, 598.93, 227.08
227.52, 596.44, 352.05
227.64, 593.95, 477.03
230.95, 723.85, 229.56
231.07, 721.36, 354.54
231.20, 718.87, 479.51
348.78, 470.45, 224.39
348.91, 467.96, 349.37
349.03, 465.47, 474.34
352.34, 595.37, 226.88
352.46, 592.88, 351.86
352.59, 590.39, 476.83
355.90, 720.29, 229.37
356.02, 717.80, 354.34
356.15, 715.31, 479.32
473.73, 466.89, 224.20
473.86, 464.40, 349.17
473.98, 461.91, 474.15
477.29, 591.81, 226.68
477.41, 589.32, 351.66
477.54, 586.83, 476.63
480.85, 716.74, 229.17
480.97, 714.25, 354.14
481.10, 711.76, 479.12
225.24, 474.38, 349.50
224.52, 473.17, 474.49
223.80, 471.96, 599.49
225.49, 599.38, 350.71
224.77, 598.17, 475.70
224.05, 596.96, 600.70
225.74, 724.37, 351.92
225.02, 723.16, 476.92
224.30, 721.95, 601.91
350.24, 474.13, 350.22
349.52, 472.92, 475.21
348.80, 471.71, 600.20
350.48, 599.12, 351.43
349.76, 597.91, 476.42
349.05, 596.70, 601.41
350.73, 724.11, 352.64
350.01, 722.90, 477.63
349.29, 721.69, 602.63
475.23, 473.87, 350.94
474.51, 472.66, 475.93
473.79, 471.45, 600.92
475.48, 598.86, 352.15
474.76, 597.65, 477.14
474.04, 596.44, 602.13
475.73, 723.86, 353.36
475.01, 722.65, 478.35
474.29, 721.44, 603.34
224.60, 474.86, 475.28
227.22, 477.22, 600.23
229.84, 479.57, 725.18
225.20, 599.84, 472.91
227.82, 602.19, 597.86
230.44, 604.55, 722.81
225.80, 724.82, 470.55
228.42, 727.17, 595.50
231.04, 729.52, 720.45
349.57, 474.21, 472.67
352.19, 476.57, 597.62
354.81, 478.92, 722.57
350.17, 599.19, 470.30
352.79, 601.54, 595.26
355.41, 603.89, 720.21
350.77, 724.16, 467.94
353.39, 726.52, 592.89
356.02, 728.87, 717.84
474.54, 473.56, 470.06
477.16, 475.91, 595.01
479.78, 478.27, 719.96
475.14, 598.54, 467.70
477.76, 600.89, 592.65
480.38, 603.24, 717.60
475.74, 723.51, 465.33
478.37, 725.87, 590.28
480.99, 728.22, 715.23
223.87, 474.64, 600.06
225.98, 476.34, 725.03
228.08, 478.04, 850.00
220.47, 599.59, 598.42
222.58, 601.28, 723.39
224.68, 602.98, 848.36
217.07, 724.53, 596.78
219.17, 726.23, 721.75
221.28, 727.92, 846.72
348.81, 478.02, 597.91
350.91, 479.71, 722.88
353.02, 481.41, 847.85
345.41, 602.96, 596.27
347.51, 604.65, 721.24
349.62, 606.35, 846.21
342.00, 727.90, 594.63
344.11, 729.60, 719.60
346.22, 731.29, 844.57
473.74, 481.39, 595.76
475.85, 483.08, 720.73
477.95, 484.78, 845.70
470.34, 606.33, 594.12
472.45, 608.03, 719.09
474.55, 609.72, 844.06
466.94, 731.27, 592.48
469.05, 732.97, 717.45
471.15, 734.67, 842.42
225.26, 601.76, 100.42
228.72, 605.00, 225.33
232.19, 608.23, 350.24
224.44, 726.72, 97.20
227.91, 729.95, 222.11
231.38, 733.19, 347.02
223.63, 851.67, 93.99
227.10, 854.91, 218.90
230.57, 858.14, 343.81
350.21, 602.49, 96.93
353.67, 605.72, 221.84
357.14, 608.96, 346.75
349.39, 727.44, 93.72
352.86, 730.68, 218.63
356.33, 733.91, 343.54
348.58, 852.40, 90.50
352.05, 855.63, 215.41
355.51, 858.87, 340.32
475.15, 603.21, 93.44
478.62, 606.44, 218.35
482.09, 609.68, 343.26
474.34, 728.16, 90.23
477.81, 731.40, 215.14
481.28, 734.63, 340.05
473.53, 853.12, 87.02
477.00, 856.36, 211.93
480.46, 859.59, 336.84
226.27, 600.51, 223.73
225.97, 598.25, 348.71
225.67, 596.00, 473.69
225.37, 725.48, 225.98
225.07, 723.23, 350.96
224.77, 720.97, 475.94
224.47, 850.46, 228.24
224.17, 848.20, 353.22
223.87, 845.95, 478.20
351.27, 601.40, 224.05
350.97, 599.15, 349.02
350.66, 596.89, 474.00
350.36, 726.38, 226.30
350.06, 724.12, 351.28
349.76, 721.87, 476.26
349.46, 851.36, 228.55
349.16, 849.10, 353.53
348.86, 846.84, 478.51
476.26, 602.30, 224.36
475.96, 600.04, 349.34
475.66, 597.79, 474.32
475.36, 727.28, 226.62
475.06, 725.02, 351.60
474.76, 722.76, 476.57
474.46, 852.25, 228.87
474.16, 850.00, 353.85
473.86, 847.74, 478.83
226.79, 599.72, 350.24
224.51, 603.10, 475.17
222.23, 606.48, 600.10
227.88, 724.67, 346.87
225.59, 728.05, 471.81
223.31, 731.43, 596.74
228.96, 849.62, 343.51
226.68, 853.00, 468.45
224.39, 856.38, 593.38
351.77, 598.70, 352.55
349.49, 602.08, 477.48
347.20, 605.46, 602.41
352.85, 723.65, 349.18
350.57, 727.03, 474.12
348.29, 730.41, 599.05
353.93, 848.60, 345.82
351.65, 851.98, 470.76
349.37, 855.36, 595.69
476.74, 597.68, 354.86
474.46, 601.06, 479.79
472.18, 604.44, 604.72
477.82, 722.63, 351.49
475.54, 726.01, 476.43
473.26, 729.39, 601.36
478.91, 847.58, 348.13
476.62, 850.96, 473.07
474.34, 854.34, 598.00
225.84, 598.33, 474.93
222.94, 596.19, 599.88
220.05, 594.06, 724.83
225.40, 723.31, 477.06
222.50, 721.17, 602.00
219.61, 719.04, 726.95
224.96, 848.29, 479.18
222.06, 846.16, 604.13
219.17, 844.02, 729.08
350.80, 598.72, 477.83
347.91, 596.58, 602.78
345.01, 594.45, 727.73
350.36, 723.70, 479.96
347.47, 721.57, 604.91
344.57, 719.43, 729.86
349.92, 848.68, 482.08
347.03, 846.55, 607.03
344.13, 844.41, 731.98
475.77, 599.11, 480.74
472.87, 596.97, 605.69
469.98, 594.84, 730.63
475.33, 724.09, 482.86
472.43, 721.96, 607.81
469.54, 719.82, 732.76
474.89, 849.07, 484.99
471.99, 846.94, 609.94
469.10, 844.80, 734.88
224.17, 599.76, 600.85
226.56, 598.01, 725.81
228.95, 596.27, 850.78
222.91, 724.74, 602.62
225.30, 722.99, 727.58
227.69, 721.25, 852.55
221.65, 849.72, 604.39
224.04, 847.97, 729.36
226.43, 846.23, 854.32
349.14, 601.05, 598.48
351.53, 599.30, 723.44
353.92, 597.56, 848.41
347.88, 726.03, 600.25
350.27, 724.29, 725.21
352.66, 722.54, 850.18
346.62, 851.01, 602.02
349.01, 849.27, 726.99
351.40, 847.52, 851.95
474.11, 602.34, 596.11
476.50, 600.60, 721.07
478.89, 598.85, 846.04
472.85, 727.32, 597.88
475.24, 725.58, 722.85
477.63, 723.83, 847.81
471.59, 852.30, 599.65
473.98, 850.56, 724.62
476.37, 848.81, 849.58
350.21, 101.99, 100.95
351.24, 99.63, 225.92
352.27, 97.26, 350.90
347.95, 226.95, 103.33
348.98, 224.58, 228.31
350.01, 222.22, 353.28
345.69, 351.91, 105.72
346.72, 349.54, 230.69
347.75, 347.18, 355.66
475.18, 104.27, 99.96
476.21, 101.91, 224.94
477.24, 99.54, 349.91
472.92, 229.23, 102.35
473.96, 226.86, 227.32
474.99, 224.50, 352.29
470.67, 354.18, 104.73
471.70, 351.82, 229.70
472.73, 349.45, 354.68
600.16, 106.55, 98.98
601.19, 104.18, 223.95
602.22, 101.82, 348.92
597.90, 231.51, 101.36
598.93, 229.14, 226.33
599.96, 226.78, 351.31
595.64, 356.46, 103.74
596.67, 354.10, 228.72
597.70, 351.73, 353.69
351.62, 100.10, 226.27
355.29, 98.42, 351.20
358.96, 96.73, 476.14
350.98, 225.09, 227.98
354.65, 223.40, 352.91
358.32, 221.72, 477.84
350.33, 350.08, 229.68
354.00, 348.39, 354.62
357.67, 346.70, 479.55
476.57, 100.80, 222.61
480.24, 99.11, 347.54
483.91, 97.43, 472.48
475.92, 225.79, 224.32
479.59, 224.10, 349.25
483.26, 222.41, 474.18
475.28, 350.77, 226.02
478.94, 349.09, 350.96
482.61, 347.40, 475.89
601.51, 101.50, 218.95
605.18, 99.81, 343.88
608.85, 98.12, 468.82
600.87, 226.48, 220.66
604.54, 224.80, 345.59
608.20, 223.11, 470.52
600.22, 351.47, 222.36
603.89, 349.78, 347.30
607.56, 348.10, 472.23
350.01, 100.50, 351.43
353.12, 103.04, 476.36
356.23, 105.57, 601.30
346.55, 225.43, 348.98
349.67, 227.97, 473.92
352.78, 230.50, 598.85
343.10, 350.36, 346.53
346.21, 352.89, 471.47
349.33, 355.43, 596.40
474.92, 103.89, 348.25
478.03, 106.43, 473.18
481.14, 108.96, 598.12
471.47, 228.82, 345.80
474.58, 231.36, 470.74
477.69, 233.89, 595.67
468.02, 353.75, 343.35
471.13, 356.28, 468.29
474.24, 358.82, 593.22
599.83, 107.28, 345.07
602.95, 109.82, 470.00
606.06, 112.35, 594.94
596.38, 232.21, 342.62
599.49, 234.74, 467.55
602.61, 237.28, 592.49
592.93, 357.14, 340.17
596.04, 359.67, 465.11
599.15, 362.21, 590.04
350.97, 100.99, 474.12
354.05, 97.29, 599.03
357.13, 93.59, 723.94
350.01, 225.93, 477.85
353.09, 222.23, 602.75
356.17, 218.53, 727.66
349.05, 350.87, 481.57
352.13, 347.17, 606.48
355.21, 343.47, 731.38
475.93, 102.04, 471.07
479.01, 98.34, 595.98
482.09, 94.64, 720.89
474.97, 226.98, 474.80
478.05, 223.28, 599.70
481.13, 219.59, 724.61
474.00, 351.93, 478.52
477.08, 348.23, 603.43
480.16, 344.53, 728.34
600.89, 103.10, 468.02
603.97, 99.40, 592.93
607.05, 95.70, 717.84
599.93, 228.04, 471.75
603.01, 224.34, 596.65
606.09, 220.64, 721.56
598.96, 352.98, 475.47
602.04, 349.28, 600.38
605.12, 345.58, 725.29
350.82, 100.93, 600.00
352.67, 103.02, 724.96
354.53, 105.10, 849.93
353.92, 225.87, 597.86
355.78, 227.96, 722.83
357.63, 230.05, 847.80
357.03, 350.82, 595.73
358.88, 352.90, 720.70
360.74, 354.99, 845.67
475.77, 97.80, 598.19
477.62, 99.88, 723.16
479.48, 101.97, 848.13
478.87, 222.74, 596.06
480.73, 224.82, 721.03
482.58, 226.91, 846.00
481.97, 347.68, 593.93
483.83, 349.77, 718.90
485.69, 351.85, 843.87
600.71, 94.66, 596.39
602.57, 96.75, 721.36
604.43, 98.83, 846.33
603.82, 219.60, 594.26
605.67, 221.69, 719.23
607.53, 223.78, 844.20
606.92, 344.55, 592.13
608.78, 346.63, 717.10
610.63, 348.72, 842.06
348.37, 226.96, 100.51
344.84, 228.09, 225.46
341.31, 229.23, 350.40
347.44, 351.95, 99.35
343.91, 353.09, 224.29
340.38, 354.22, 349.24
346.51, 476.94, 98.19
342.98, 478.08, 223.13
339.45, 479.21, 348.08
473.32, 227.92, 104.03
469.79, 229.06, 228.98
466.26, 230.19, 353.92
472.38, 352.91, 102.87
468.86, 354.05, 227.82
465.33, 355.18, 352.76
471.45, 477.91, 101.71
467.92, 479.04, 226.65
464.39, 480.17, 351.60
598.26, 228.89, 107.55
594.73, 230.02, 232.50
591.20, 231.16, 357.44
597.33, 353.88, 106.39
593.80, 355.01, 231.34
590.27, 356.15, 356.28
596.40, 478.87, 105.23
592.87, 480.00, 230.17
589.34, 481.14, 355.12
351.50, 224.29, 225.28
353.41, 223.85, 350.26
355.32, 223.42, 475.25
348.46, 349.25, 225.76
350.37, 348.82, 350.75
352.28, 348.38, 475.73
345.42, 474.21, 226.24
347.33, 473.78, 351.23
349.24, 473.34, 476.21
476.45, 227.34, 223.38
478.36, 226.90, 348.36
480.27, 226.47, 473.35
473.41, 352.30, 223.86
475.32, 351.86, 348.84
477.23, 351.43, 473.83
470.37, 477.26, 224.34
472.28, 476.83, 349.33
474.19, 476.39, 474.31
601.40, 230.38, 221.48
603.31, 229.95, 346.46
605.22, 229.52, 471.45
598.36, 355.35, 221.96
600.27, 354.91, 346.94
602.18, 354.48, 471.93
595.31, 480.31, 222.44
597.23, 479.87, 347.43
599.14, 479.44, 472.41
348.36, 226.96, 350.69
349.60, 227.03, 475.68
350.84, 227.11, 600.68
344.95, 351.91, 350.65
346.19, 351.99, 475.64
347.44, 352.06, 600.63
341.55, 476.86, 350.60
342.79, 476.94, 475.60
344.03, 477.02, 600.59
473.30, 230.36, 349.45
474.55, 230.44, 474.44
475.79, 230.52, 599.43
469.90, 355.31, 349.40
471.14, 355.39, 474.40
472.38, 355.47, 599.39
466.49, 480.27, 349.36
467.74, 480.35, 474.35
468.98, 480.42, 599.35
598.25, 233.77, 348.20
599.49, 233.84, 473.20
600.74, 233.92, 598.19
594.85, 358.72, 348.16
596.09, 358.80, 473.15
597.33, 358.88, 598.15
591.44, 483.67, 348.11
592.68, 483.75, 473.11
593.93, 483.83, 598.10
349.37, 226.73, 476.83
346.67, 229.07, 601.78
343.97, 231.40, 726.73
346.66, 351.68, 474.43
343.96, 354.01, 599.38
341.26, 356.35, 724.33
343.95, 476.62, 472.04
341.25, 478.96, 596.99
338.55, 481.30, 721.94
474.31, 229.49, 479.48
471.61, 231.83, 604.42
468.91, 234.16, 729.37
471.60, 354.44, 477.08
468.90, 356.77, 602.03
466.20, 359.11, 726.98
468.89, 479.39, 474.69
466.19, 481.72, 599.64
463.49, 484.06, 724.58
599.25, 232.25, 482.12
596.55, 234.59, 607.07
593.85, 236.92, 732.02
596.54, 357.20, 479.73
593.84, 359.53, 604.68
591.14, 361.87, 729.63
593.83, 482.15, 477.33
591.13, 484.48, 602.28
588.43, 486.82, 727.23
351.15, 223.70, 600.92
350.03, 222.23, 725.91
348.90, 220.76, 850.89
348.66, 348.67, 602.37
347.54, 347.20, 727.35
346.42, 345.72, 852.34
346.18, 473.63, 603.82
345.06, 472.16, 728.80
343.94, 470.69, 853.79
476.12, 226.17, 602.07
475.00, 224.70, 727.06
473.87, 223.23, 852.04
473.63, 351.14, 603.52
472.51, 349.67, 728.50
471.39, 348.19, 853.49
471.15, 476.10, 604.97
470.03, 474.63, 729.95
468.91, 473.16, 854.94
601.09, 228.64, 603.22
599.97, 227.17, 728.21
598.84, 225.70, 853.19
598.60, 353.61, 604.67
597.48, 352.13, 729.65
596.36, 350.66, 854.64
596.12, 478.57, 606.12
595.00, 477.10, 731.10
593.88, 475.63, 856.09
350.87, 348.86, 100.94
348.30, 350.81, 225.90
345.73, 352.75, 350.86
351.20, 473.85, 99.01
348.63, 475.79, 223.97
346.06, 477.73, 348.92
351.54, 598.83, 97.07
348.97, 600.77, 222.03
346.40, 602.72, 346.99
475.85, 348.57, 103.52
473.28, 350.51, 228.48
470.70, 352.45, 353.43
476.18, 473.56, 101.58
473.61, 475.50, 226.54
471.04, 477.44, 351.50
476.51, 598.54, 99.65
473.94, 600.48, 224.60
471.37, 602.42, 349.56
600.82, 348.28, 106.09
598.25, 350.22, 231.05
595.68, 352.16, 356.01
601.15, 473.26, 104.16
598.58, 475.20, 229.11
596.01, 477.15, 354.07
601.48, 598.25, 102.22
598.91, 600.19, 227.18
596.34, 602.13, 352.14
348.33, 349.35, 224.16
347.61, 347.76, 349.14
346.88, 346.18, 474.13
345.99, 474.32, 225.73
345.26, 472.73, 350.71
344.53, 471.15, 475.70
343.64, 599.28, 227.30
342.91, 597.70, 352.28
342.18, 596.11, 477.27
473.31, 351.69, 224.91
472.58, 350.10, 349.90
471.85, 348.52, 474.89
470.96, 476.65, 226.48
470.23, 475.07, 351.47
469.50, 473.49, 476.46
468.61, 601.62, 228.06
467.88, 600.04, 353.04
467.16, 598.45, 478.03
598.29, 354.03, 225.67
597.56, 352.44, 350.66
596.83, 350.86, 475.65
595.94, 478.99, 227.24
595.21, 477.41, 352.23
594.48, 475.82, 477.22
593.59, 603.96, 228.81
592.86, 602.38, 353.80
592.13, 600.79, 478.79
351.60, 350.61, 349.66
350.25, 350.51, 474.66
348.90, 350.42, 599.65
348.34, 475.57, 349.72
346.98, 475.47, 474.72
345.63, 475.38, 599.71
345.07, 600.52, 349.78
343.72, 600.43, 474.78
342.37, 600.33, 599.77
476.55, 353.87, 351.01
475.20, 353.78, 476.01
473.85, 353.68, 601.00
473.29, 478.83, 351.07
471.94, 478.73, 476.07
470.58, 478.64, 601.06
470.02, 603.79, 351.13
468.67, 603.69, 476.13
467.32, 603.60, 601.12
601.50, 357.14, 352.37
600.15, 357.04, 477.36
598.80, 356.95, 602.35
598.24, 482.09, 352.43
596.89, 482.00, 477.42
595.53, 481.90, 602.41
594.97, 607.05, 352.49
593.62, 606.96, 477.48
592.27, 606.86, 602.47
349.88, 348.85, 474.31
346.36, 345.60, 599.22
342.85, 342.35, 724.12
346.16, 473.75, 477.45
342.64, 470.50, 602.36
339.13, 467.26, 727.27
342.44, 598.66, 480.59
338.93, 595.41, 605.50
335.41, 592.16, 730.41
474.77, 352.47, 477.92
471.26, 349.23, 602.82
467.74, 345.98, 727.73
471.06, 477.38, 481.06
467.54, 474.13, 605.97
464.02, 470.89, 730.88
467.34, 602.29, 484.20
463.82, 599.04, 609.11
460.31, 595.79, 734.02
599.67, 356.10, 481.53
596.15, 352.86, 606.43
592.64, 349.61, 731.34
595.95, 481.01, 484.67
592.44, 477.76, 609.58
588.92, 474.51, 734.49
592.23, 605.91, 487.81
588.72, 602.67, 612.72
585.20, 599.42, 737.63
349.04, 351.08, 598.95
347.60, 352.93, 723.93
346.16, 354.78, 848.91
345.91, 476.03, 597.07
344.48, 477.88, 722.04
343.04, 479.73, 847.02
342.79, 600.97, 595.18
341.35, 602.82, 720.16
339.92, 604.67, 845.14
473.99, 354.22, 600.34
472.55, 356.07, 725.32
471.12, 357.92, 850.30
470.87, 479.17, 598.46
469.43, 481.02, 723.44
467.99, 482.87, 848.41
467.74, 604.12, 596.57
466.31, 605.97, 721.55
464.87, 607.82, 846.53
598.94, 357.37, 601.73
597.51, 359.22, 726.71
596.07, 361.07, 851.69
595.82, 482.31, 599.85
594.38, 484.16, 724.83
592.95, 486.01, 849.80
592.70, 607.26, 597.96
591.26, 609.11, 722.94
589.82, 610.96, 847.92
348.41, 474.36, 99.90
345.88, 472.64, 224.86
343.35, 470.91, 349.83
347.53, 599.35, 101.61
345.00, 597.62, 226.57
342.48, 595.90, 351.53
346.66, 724.33, 103.32
344.13, 722.61, 228.28
341.60, 720.88, 353.24
473.38, 475.20, 102.44
470.85, 473.47, 227.40
468.32, 471.75, 352.37
472.50, 600.18, 104.15
469.98, 598.46, 229.11
467.45, 596.74, 354.08
471.63, 725.17, 105.86
469.10, 723.45, 230.82
466.57, 721.72, 355.78
598.35, 476.04, 104.98
595.82, 474.31, 229.95
593.29, 472.59, 354.91
597.48, 601.02, 106.69
594.95, 599.30, 231.65
592.42, 597.57, 356.62
596.60, 726.01, 108.40
594.07, 724.28, 233.36
591.54, 722.56, 358.32
351.74, 473.20, 225.96
350.03, 474.84, 350.94
348.32, 476.48, 475.92
351.04, 598.19, 224.31
349.33, 599.83, 349.29
347.62, 601.46, 474.27
350.34, 723.17, 222.67
348.63, 724.81, 347.64
346.91, 726.45, 472.62
476.73, 473.93, 227.66
475.02, 475.56, 352.64
473.31, 477.20, 477.62
476.03, 598.91, 226.01
474.31, 600.55, 350.99
472.60, 602.19, 475.97
475.32, 723.90, 224.37
473.61, 725.54, 349.34
471.90, 727.18, 474.32
601.72, 474.65, 229.36
600.00, 476.29, 354.34
598.29, 477.93, 479.32
601.01, 599.64, 227.72
599.30, 601.28, 352.69
597.59, 602.92, 477.67
600.31, 724.63, 226.07
598.60, 726.26, 351.05
596.89, 727.90, 476.02
351.66, 473.49, 350.38
350.58, 473.65, 475.37
349.49, 473.81, 600.37
348.51, 598.45, 350.19
347.43, 598.61, 475.19
346.34, 598.77, 600.18
345.36, 723.41, 350.01
344.27, 723.57, 475.00
343.19, 723.73, 600.00
476.61, 476.64, 351.46
475.53, 476.80, 476.45
474.45, 476.96, 601.45
473.46, 601.60, 351.27
472.38, 601.76, 476.27
471.30, 601.92, 601.26
470.31, 726.56, 351.09
469.23, 726.72, 476.08
468.15, 726.88, 601.08
601.57, 479.80, 352.53
600.49, 479.95, 477.53
599.41, 480.11, 602.52
598.42, 604.76, 352.35
597.34, 604.92, 477.34
596.25, 605.07, 602.34
595.27, 729.72, 352.16
594.19, 729.88, 477.16
593.10, 730.03, 602.15
348.58, 474.63, 474.65
348.00, 474.58, 599.65
347.43, 474.53, 724.65
349.27, 599.62, 474.70
348.70, 599.58, 599.70
348.12, 599.53, 724.70
349.96, 724.62, 474.75
349.39, 724.58, 599.75
348.82, 724.53, 724.74
473.57, 473.93, 475.22
473.00, 473.89, 600.22
472.43, 473.84, 725.22
474.27, 598.93, 475.27
473.69, 598.88, 600.27
473.12, 598.84, 725.27
474.96, 723.93, 475.32
474.39, 723.88, 600.32
473.81, 723.84, 725.32
598.57, 473.24, 475.79
598.00, 473.19, 600.79
597.42, 473.15, 725.79
599.26, 598.24, 475.84
598.69, 598.19, 600.84
598.12, 598.14, 725.84
599.96, 723.23, 475.89
599.38, 723.19, 600.89
598.81, 723.14, 725.89
351.47, 473.93, 600.76
351.35, 470.74, 725.72
351.22, 467.56, 850.68
351.13, 598.89, 603.95
351.01, 595.70, 728.91
350.88, 592.52, 853.87
350.79, 723.85, 607.13
350.67, 720.66, 732.09
350.54, 717.48, 857.05
476.47, 474.26, 600.90
476.35, 471.08, 725.86
476.22, 467.90, 850.82
476.13, 599.22, 604.08
476.00, 596.04, 729.04
475.88, 592.86, 854.00
475.79, 724.18, 607.26
475.66, 721.00, 732.22
475.54, 717.82, 857.18
601.47, 474.60, 601.03
601.34, 471.42, 725.99
601.22, 468.23, 850.95
601.13, 599.56, 604.21
601.00, 596.38, 729.17
600.88, 593.19, 854.13
600.79, 724.52, 607.40
600.66, 721.34, 732.36
600.54, 718.15, 857.32
349.28, 599.60, 99.15
348.88, 603.30, 224.09
348.48, 607.01, 349.04
346.45, 724.51, 95.44
346.05, 728.22, 220.38
345.64, 731.92, 345.33
343.61, 849.42, 91.72
343.21, 853.13, 216.67
342.81, 856.83, 341.61
474.25, 602.44, 99.47
473.85, 606.15, 224.41
473.44, 609.85, 349.36
471.41, 727.35, 95.75
471.01, 731.06, 220.70
470.61, 734.77, 345.64
468.58, 852.27, 92.04
468.18, 855.97, 216.99
467.78, 859.68, 341.93
599.21, 605.29, 99.79
598.81, 608.99, 224.73
598.41, 612.70, 349.67
596.38, 730.20, 96.07
595.98, 733.90, 221.02
595.58, 737.61, 345.96
593.55, 855.11, 92.36
593.15, 858.82, 217.30
592.74, 862.52, 342.25
350.99, 601.76, 226.78
351.82, 600.56, 351.77
352.64, 599.36, 476.76
347.45, 726.70, 228.00
348.28, 725.51, 352.99
349.11, 724.31, 477.98
343.92, 851.65, 229.22
344.74, 850.45, 354.21
345.57, 849.25, 479.21
475.93, 605.30, 225.98
476.76, 604.10, 350.98
477.59, 602.91, 475.97
472.40, 730.25, 227.21
473.23, 729.05, 352.20
474.06, 727.85, 477.19
468.86, 855.19, 228.43
469.69, 853.99, 353.42
470.52, 852.79, 478.41
600.88, 608.85, 225.19
601.71, 607.65, 350.18
602.54, 606.45, 475.17
597.35, 733.79, 226.41
598.17, 732.59, 351.40
599.00, 731.39, 476.39
593.81, 858.74, 227.63
594.64, 857.54, 352.63
595.47, 856.34, 477.62
351.51, 600.58, 351.25
352.06, 603.21, 476.22
352.61, 605.84, 601.19
353.08, 725.54, 348.61
353.63, 728.17, 473.58
354.18, 730.80, 598.55
354.65, 850.50, 345.97
355.20, 853.13, 470.94
355.75, 855.77, 595.91
476.50, 598.99, 350.73
477.05, 601.63, 475.70
477.60, 604.26, 600.68
478.07, 723.96, 348.09
478.62, 726.59, 473.06
479.17, 729.22, 598.04
479.64, 848.92, 345.45
480.19, 851.55, 470.43
480.74, 854.19, 595.40
601.49, 597.41, 350.22
602.04, 600.05, 475.19
602.59, 602.68, 600.16
603.06, 722.38, 347.58
603.61, 725.01, 472.55
604.16, 727.64, 597.52
604.63, 847.34, 344.94
605.18, 849.97, 469.91
605.73, 852.60, 594.88
349.97, 599.91, 474.78
349.04, 598.46, 599.77
348.11, 597.02, 724.76
346.66, 724.86, 476.20
345.74, 723.41, 601.19
344.81, 721.96, 726.18
343.36, 849.81, 477.63
342.43, 848.36, 602.61
341.50, 846.91, 727.60
474.92, 603.21, 475.75
473.99, 601.76, 600.74
473.07, 600.31, 725.72
471.62, 728.16, 477.17
470.69, 726.71, 602.16
469.76, 725.26, 727.15
468.31, 853.10, 478.59
467.38, 851.66, 603.58
466.45, 850.21, 728.57
599.88, 606.50, 476.71
598.95, 605.05, 601.70
598.02, 603.61, 726.69
596.57, 731.45, 478.14
595.64, 730.00, 603.12
594.71, 728.56, 728.11
593.26, 856.40, 479.56
592.34, 854.95, 604.55
591.41, 853.50, 729.53
351.78, 598.24, 599.49
350.19, 597.64, 724.48
348.60, 597.04, 849.46
351.20, 723.24, 600.08
349.61, 722.64, 725.07
348.02, 722.03, 850.06
350.61, 848.24, 600.68
349.02, 847.64, 725.67
347.43, 847.03, 850.66
476.77, 598.82, 601.08
475.18, 598.22, 726.07
473.59, 597.62, 851.06
476.18, 723.82, 601.68
474.60, 723.22, 726.66
473.01, 722.61, 851.65
475.60, 848.82, 602.27
474.01, 848.21, 727.26
472.42, 847.61, 852.25
601.76, 599.40, 602.67
600.17, 598.80, 727.66
598.58, 598.19, 852.65
601.17, 724.40, 603.27
599.58, 723.79, 728.26
597.99, 723.19, 853.24
600.59, 849.40, 603.86
599.00, 848.79, 728.85
597.41, 848.19, 853.84
473.83, 100.06, 99.70
470.11, 99.12, 224.64
466.40, 98.17, 349.58
473.59, 225.06, 100.64
469.87, 224.11, 225.58
466.15, 223.16, 350.52
473.34, 350.05, 101.58
469.63, 349.11, 226.52
465.91, 348.16, 351.46
598.78, 100.28, 103.42
595.06, 99.33, 228.36
591.34, 98.38, 353.30
598.53, 225.27, 104.36
594.81, 224.33, 229.30
591.10, 223.38, 354.24
598.29, 350.27, 105.30
594.57, 349.32, 230.24
590.85, 348.38, 355.18
723.72, 100.49, 107.14
720.00, 99.55, 232.08
716.29, 98.60, 357.02
723.48, 225.49, 108.08
719.76, 224.54, 233.02
716.04, 223.60, 357.96
723.23, 350.49, 109.02
719.52, 349.54, 233.96
715.80, 348.59, 358.90
475.37, 99.97, 223.65
476.88, 100.40, 348.64
478.38, 100.83, 473.63
473.96, 224.96, 223.24
475.47, 225.39, 348.23
476.97, 225.82, 473.22
472.55, 349.96, 222.83
474.06, 350.38, 347.82
475.56, 350.81, 472.81
600.35, 101.38, 222.14
601.86, 101.80, 347.13
603.36, 102.23, 472.12
598.94, 226.37, 221.73
600.45, 226.80, 346.72
601.96, 227.22, 471.71
597.54, 351.36, 221.32
599.04, 351.79, 346.31
600.55, 352.22, 471.30
725.34, 102.78, 220.63
726.84, 103.21, 345.62
728.35, 103.64, 470.61
723.93, 227.77, 220.22
725.43, 228.20, 345.21
726.94, 228.63, 470.20
722.52, 352.76, 219.81
724.02, 353.19, 344.80
725.53, 353.62, 469.79
473.05, 98.73, 350.19
476.20, 96.86, 475.13
479.34, 94.99, 600.08
471.00, 223.70, 352.11
474.15, 221.83, 477.06
477.30, 219.96, 602.00
468.96, 348.67, 354.03
472.10, 346.80, 478.98
475.25, 344.93, 603.93
597.99, 100.83, 347.07
601.14, 98.96, 472.02
604.29, 97.08, 596.96
595.95, 225.79, 348.99
599.09, 223.92, 473.94
602.24, 222.05, 598.89
593.90, 350.76, 350.92
597.05, 348.89, 475.86
600.20, 347.02, 600.81
722.94, 102.92, 343.95
726.08, 101.05, 468.90
729.23, 99.18, 593.85
720.89, 227.89, 345.88
724.04, 226.02, 470.82
727.18, 224.15, 595.77
718.84, 352.86, 347.80
721.99, 350.99, 472.75
725.14, 349.12, 597.69
476.29, 101.34, 473.57
475.65, 103.95, 598.54
475.02, 106.57, 723.51
477.59, 226.30, 470.95
476.95, 228.92, 595.93
476.32, 231.54, 720.90
478.89, 351.27, 468.34
478.25, 353.89, 593.32
477.62, 356.50, 718.29
601.28, 100.05, 474.23
600.64, 102.67, 599.20
600.01, 105.28, 724.17
602.58, 225.02, 471.62
601.94, 227.63, 596.59
601.31, 230.25, 721.56
603.88, 349.98, 469.01
603.24, 352.60, 593.98
602.61, 355.22, 718.95
726.27, 98.76, 474.89
725.63, 101.38, 599.86
725.00, 104.00, 724.83
727.57, 223.73, 472.28
726.94, 226.34, 597.25
726.30, 228.96, 722.22
728.87, 348.69, 469.67
728.24, 351.31, 594.64
727.60, 353.93, 719.61
474.86, 100.57, 598.28
478.56, 99.95, 723.22
482.26, 99.34, 848.16
475.97, 225.56, 598.86
479.67, 224.95, 723.80
483.37, 224.33, 848.75
477.09, 350.56, 599.45
480.79, 349.94, 724.39
484.48, 349.32, 849.33
599.80, 99.48, 594.57
603.50, 98.86, 719.52
607.20, 98.24, 844.46
600.91, 224.47, 595.16
604.61, 223.85, 720.10
608.31, 223.23, 845.05
602.03, 349.46, 595.74
605.73, 348.84, 720.69
609.42, 348.23, 845.63
724.74, 98.38, 590.87
728.44, 97.76, 715.81
732.14, 97.14, 840.76
725.85, 223.37, 591.45
729.55, 222.76, 716.40
733.25, 222.14, 841.34
726.97, 348.37, 592.04
730.67, 347.75, 716.98
734.36, 347.13, 841.93
475.44, 224.50, 98.26
476.05, 223.94, 223.26
476.66, 223.38, 348.26
476.16, 349.49, 98.82
476.77, 348.93, 223.82
477.38, 348.37, 348.82
476.88, 474.49, 99.38
477.49, 473.93, 224.38
478.10, 473.37, 349.37
600.43, 223.78, 97.65
601.04, 223.22, 222.65
601.65, 222.66, 347.65
601.15, 348.78, 98.21
601.76, 348.21, 223.21
602.38, 347.65, 348.20
601.88, 473.77, 98.77
602.49, 473.21, 223.76
603.10, 472.65, 348.76
725.43, 223.06, 97.04
726.04, 222.50, 222.04
726.65, 221.94, 347.03
726.15, 348.06, 97.60
726.76, 347.50, 222.59
727.37, 346.94, 347.59
726.87, 473.05, 98.15
727.48, 472.49, 223.15
728.09, 471.93, 348.15
474.18, 225.21, 226.36
471.11, 227.08, 351.31
468.04, 228.96, 476.26
472.88, 350.18, 224.45
469.81, 352.06, 349.40
466.74, 353.94, 474.35
471.58, 475.16, 222.54
468.51, 477.04, 347.49
465.44, 478.92, 472.44
599.13, 226.55, 229.41
596.06, 228.43, 354.36
592.99, 230.31, 479.31
597.84, 351.53, 227.50
594.76, 353.41, 352.45
591.69, 355.28, 477.40
596.54, 476.51, 225.59
593.47, 478.39, 350.54
590.40, 480.26, 475.49
724.09, 227.90, 232.46
721.02, 229.77, 357.41
717.95, 231.65, 482.36
722.79, 352.88, 230.55
719.72, 354.75, 355.50
716.65, 356.63, 480.45
721.49, 477.85, 228.64
718.42, 479.73, 353.59
715.35, 481.61, 478.54
475.67, 225.07, 348.40
474.78, 224.64, 473.39
473.89, 224.22, 598.39
477.12, 350.06, 348.83
476.23, 349.63, 473.83
475.34, 349.21, 598.83
478.56, 475.05, 349.27
477.67, 474.62, 474.27
476.78, 474.20, 599.26
600.66, 223.62, 349.28
599.77, 223.19, 474.28
598.88, 222.77, 599.28
602.10, 348.61, 349.72
601.21, 348.19, 474.72
600.33, 347.76, 599.71
603.55, 473.60, 350.15
602.66, 473.18, 475.15
601.77, 472.75, 600.15
725.65, 222.17, 350.17
724.76, 221.75, 475.16
723.87, 221.32, 600.16
727.09, 347.16, 350.60
726.20, 346.74, 475.60
725.31, 346.31, 600.60
728.54, 472.15, 351.04
727.65, 471.73, 476.04
726.76, 471.30, 601.03
473.78, 226.05, 476.96
470.16, 228.39, 601.89
466.55, 230.73, 726.81
476.41, 351.00, 474.70
472.80, 353.34, 599.62
469.19, 355.68, 724.55
479.05, 475.96, 472.44
475.44, 478.29, 597.36
471.83, 480.63, 722.29
598.70, 223.48, 480.62
595.08, 225.82, 605.55
591.47, 228.16, 730.47
601.33, 348.43, 478.36
597.72, 350.77, 603.28
594.11, 353.11, 728.21
603.97, 473.39, 476.10
600.36, 475.72, 601.02
596.75, 478.06, 725.95
723.62, 220.91, 484.28
720.00, 223.25, 609.21
716.39, 225.59, 734.13
726.25, 345.86, 482.02
722.64, 348.20, 606.95
719.03, 350.54, 731.87
728.89, 470.81, 479.76
725.28, 473.15, 604.68
721.67, 475.49, 729.61
475.95, 226.85, 600.48
472.82, 223.43, 725.40
469.70, 220.00, 850.31
477.59, 351.79, 603.95
474.47, 348.37, 728.86
471.35, 344.94, 853.78
479.24, 476.73, 607.42
476.12, 473.31, 732.33
472.99, 469.88, 857.25
600.90, 225.12, 603.56
597.77, 221.70, 728.48
594.65, 218.27, 853.39
602.54, 350.06, 607.03
599.42, 346.64, 731.94
596.30, 343.21, 856.86
604.19, 475.00, 610.50
601.07, 471.58, 735.41
597.94, 468.15, 860.32
725.85, 223.39, 606.64
722.72, 219.96, 731.55
719.60, 216.54, 856.47
727.49, 348.33, 610.11
724.37, 344.91, 735.02
721.25, 341.48, 859.93
729.14, 473.27, 613.57
726.02, 469.85, 738.49
722.89, 466.42, 863.40
475.87, 351.66, 100.31
476.84, 354.88, 225.26
477.81, 358.10, 350.21
475.62, 476.61, 97.09
476.59, 479.84, 222.04
477.56, 483.06, 346.99
475.37, 601.57, 93.86
476.34, 604.80, 218.82
477.31, 608.02, 343.77
600.86, 351.88, 99.33
601.83, 355.10, 224.28
602.81, 358.32, 349.24
600.61, 476.84, 96.11
601.59, 480.06, 221.06
602.56, 483.28, 346.02
600.37, 601.80, 92.89
601.34, 605.02, 217.84
602.31, 608.24, 342.80
725.86, 352.10, 98.35
726.83, 355.32, 223.31
727.80, 358.55, 348.26
725.61, 477.06, 95.13
726.58, 480.28, 220.09
727.55, 483.51, 345.04
725.36, 602.02, 91.91
726.33, 605.24, 216.86
727.31, 608.46, 341.82
474.44, 351.73, 224.33
477.34, 348.62, 349.26
480.25, 345.51, 474.18
477.06, 476.66, 227.38
479.97, 473.55, 352.30
482.88, 470.45, 477.23
479.69, 601.60, 230.42
482.60, 598.49, 355.35
485.51, 595.38, 480.28
599.37, 349.17, 221.36
602.28, 346.06, 346.28
605.19, 342.95, 471.21
602.00, 474.10, 224.40
604.91, 471.00, 349.33
607.82, 467.89, 474.26
604.63, 599.04, 227.45
607.54, 595.93, 352.38
610.45, 592.83, 477.31
724.31, 346.61, 218.39
727.22, 343.51, 343.31
730.13, 340.40, 468.24
726.94, 471.55, 221.43
729.85, 468.44, 346.36
732.76, 465.33, 471.29
729.57, 596.48, 224.48
732.48, 593.38, 349.41
735.39, 590.27, 474.33
473.96, 349.13, 351.54
471.21, 349.79, 476.51
468.47, 350.45, 601.47
472.06, 474.12, 350.84
469.31, 474.78, 475.81
466.57, 475.43, 600.77
470.16, 599.10, 350.14
467.41, 599.76, 475.10
464.67, 600.42, 600.07
598.92, 351.05, 354.27
596.17, 351.71, 479.24
593.42, 352.37, 604.21
597.02, 476.03, 353.57
594.27, 476.69, 478.54
591.52, 477.35, 603.51
595.12, 601.01, 352.87
592.37, 601.67, 477.84
589.62, 602.33, 602.81
723.87, 352.96, 357.01
721.13, 353.62, 481.98
718.38, 354.28, 606.94
721.97, 477.95, 356.31
719.23, 478.60, 481.27
716.48, 479.26, 606.24
720.07, 602.93, 355.61
717.33, 603.59, 480.57
714.58, 604.25, 605.54
476.55, 348.69, 473.04
476.41, 349.27, 598.04
476.27, 349.84, 723.04
475.72, 473.69, 472.47
475.57, 474.26, 597.47
475.43, 474.84, 722.46
474.88, 598.68, 471.89
474.73, 599.26, 596.89
474.59, 599.83, 721.89
601.55, 349.53, 473.18
601.41, 350.10, 598.18
601.27, 350.68, 723.18
600.71, 474.53, 472.61
600.57, 475.10, 597.61
600.43, 475.67, 722.60
599.87, 599.52, 472.03
599.73, 600.10, 597.03
599.59, 600.67, 722.03
726.55, 350.37, 473.32
726.41, 350.94, 598.32
726.26, 351.52, 723.32
725.71, 475.36, 472.75
725.57, 475.94, 597.74
725.42, 476.51, 722.74
724.87, 600.36, 472.17
724.73, 600.93, 597.17
724.59, 601.51, 722.17
474.97, 349.20, 600.54
475.31, 352.15, 725.51
475.65, 355.10, 850.47
474.93, 474.17, 597.59
475.27, 477.12, 722.56
475.61, 480.07, 847.52
474.89, 599.13, 594.64
475.23, 602.08, 719.60
475.57, 605.03, 844.57
599.97, 349.23, 600.20
600.31, 352.18, 725.17
600.65, 355.13, 850.13
599.93, 474.20, 597.25
600.27, 477.15, 722.22
600.61, 480.10, 847.18
599.89, 599.16, 594.30
600.23, 602.11, 719.26
600.57, 605.06, 844.23
724.97, 349.26, 599.86
725.31, 352.21, 724.83
725.65, 355.16, 849.79
724.93, 474.23, 596.91
725.27, 477.18, 721.87
725.61, 480.13, 846.84
724.89, 599.19, 593.96
725.23, 602.14, 718.92
725.57, 605.09, 843.89
476.67, 474.91, 98.57
477.78, 478.15, 223.52
478.90, 481.39, 348.48
478.44, 599.86, 95.32
479.55, 603.10, 220.27
480.67, 606.33, 345.22
480.21, 724.80, 92.06
481.32, 728.04, 217.02
482.44, 731.28, 341.97
601.65, 473.11, 97.50
602.77, 476.35, 222.46
603.88, 479.59, 347.41
603.42, 598.06, 94.25
604.53, 601.30, 219.20
605.65, 604.54, 344.16
605.19, 723.00, 91.00
606.30, 726.24, 215.95
607.42, 729.48, 340.90
726.63, 471.32, 96.44
727.75, 474.55, 221.39
728.86, 477.79, 346.34
728.40, 596.26, 93.18
729.52, 599.50, 218.13
730.63, 602.74, 343.09
730.17, 721.21, 89.93
731.29, 724.44, 214.88
732.40, 727.68, 339.83
476.89, 475.06, 225.26
480.20, 472.19, 350.18
483.50, 469.32, 475.10
480.15, 599.98, 228.04
483.45, 597.12, 352.96
486.76, 594.25, 477.88
483.40, 724.91, 230.82
486.71, 722.04, 355.74
490.01, 719.18, 480.66
601.80, 471.88, 221.88
605.11, 469.01, 346.80
608.41, 466.14, 471.73
605.06, 596.80, 224.66
608.37, 593.94, 349.58
611.67, 591.07, 474.51
608.32, 721.73, 227.44
611.62, 718.86, 352.36
614.93, 716.00, 477.29
726.72, 468.70, 218.50
730.02, 465.83, 343.42
733.33, 462.96, 468.35
729.97, 593.62, 221.28
733.28, 590.76, 346.20
736.58, 587.89, 471.13
733.23, 718.55, 224.06
736.53, 715.68, 348.99
739.84, 712.82, 473.91
475.57, 473.32, 348.66
472.25, 473.23, 473.61
468.94, 473.14, 598.57
479.13, 598.27, 348.84
475.82, 598.18, 473.79
472.51, 598.09, 598.75
482.70, 723.22, 349.02
479.39, 723.13, 473.98
476.08, 723.04, 598.93
600.47, 469.75, 351.96
597.16, 469.66, 476.92
593.85, 469.57, 601.88
604.04, 594.69, 352.15
600.73, 594.61, 477.10
597.42, 594.52, 602.06
607.61, 719.64, 352.33
604.30, 719.56, 477.29
600.98, 719.47, 602.24
725.38, 466.17, 355.27
722.06, 466.08, 480.23
718.75, 466.00, 605.18
728.94, 591.12, 355.45
725.63, 591.03, 480.41
722.32, 590.95, 605.37
732.51, 716.07, 355.64
729.20, 715.98, 480.59
725.89, 715.89, 605.55
474.62, 475.74, 474.61
476.10, 475.01, 599.60
477.57, 474.29, 724.59
473.90, 600.74, 475.34
475.37, 600.01, 600.33
476.84, 599.29, 725.32
473.17, 725.73, 476.08
474.65, 725.01, 601.07
476.12, 724.28, 726.06
599.61, 476.47, 473.14
601.09, 475.75, 598.13
602.56, 475.02, 723.12
598.89, 601.47, 473.87
600.36, 600.75, 598.86
601.83, 600.02, 723.85
598.16, 726.47, 474.61
599.63, 725.74, 599.60
601.11, 725.02, 724.59
724.60, 477.21, 471.67
726.07, 476.48, 596.66
727.55, 475.76, 721.65
723.88, 602.20, 472.40
725.35, 601.48, 597.39
726.82, 600.75, 722.38
723.15, 727.20, 473.14
724.62, 726.48, 598.13
726.10, 725.75, 723.12
473.14, 473.17, 598.20
473.47, 469.76, 723.15
473.80, 466.35, 848.11
473.21, 598.12, 601.61
473.54, 594.71, 726.56
473.87, 591.31, 851.52
473.28, 723.07, 605.02
473.61, 719.67, 729.97
473.94, 716.26, 854.92
598.14, 473.11, 597.87
598.47, 469.70, 722.82
598.80, 466.29, 847.78
598.21, 598.06, 601.28
598.54, 594.65, 726.23
598.87, 591.24, 851.18
598.28, 723.01, 604.68
598.61, 719.61, 729.64
598.94, 716.20, 854.59
723.14, 473.05, 597.54
723.47, 469.64, 722.49
723.80, 466.23, 847.44
723.21, 598.00, 600.94
723.54, 594.59, 725.90
723.87, 591.18, 850.85
723.28, 722.95, 604.35
723.61, 719.55, 729.31
723.94, 716.14, 854.26
473.12, 601.58, 100.63
470.03, 604.68, 225.55
466.94, 607.79, 350.48
475.49, 726.52, 97.58
472.40, 729.62, 222.51
469.31, 732.73, 347.43
477.85, 851.46, 94.54
474.76, 854.57, 219.46
471.67, 857.67, 344.38
598.06, 599.29, 103.78
594.97, 602.40, 228.70
591.88, 605.50, 353.62
600.42, 724.23, 100.73
597.34, 727.34, 225.65
594.25, 730.44, 350.58
602.79, 849.17, 97.68
599.70, 852.28, 222.61
596.61, 855.38, 347.53
723.00, 597.00, 106.92
719.91, 600.11, 231.85
716.82, 603.21, 356.77
725.36, 721.94, 103.88
722.27, 725.05, 228.80
719.18, 728.15, 353.72
727.73, 846.88, 100.83
724.64, 849.99, 225.75
721.55, 853.09, 350.68
476.67, 599.73, 223.10
476.17, 602.10, 348.08
475.67, 604.47, 473.05
473.24, 724.66, 220.72
472.74, 727.03, 345.69
472.24, 729.40, 470.67
469.80, 849.59, 218.33
469.30, 851.96, 343.31
468.81, 854.33, 468.29
601.62, 603.18, 223.53
601.12, 605.54, 348.51
600.63, 607.91, 473.48
598.19, 728.11, 221.15
597.69, 730.48, 346.12
597.19, 732.84, 471.10
594.75, 853.04, 218.77
594.26, 855.41, 343.74
593.76, 857.77, 468.72
726.57, 606.62, 223.96
726.08, 608.99, 348.94
725.58, 611.36, 473.92
723.14, 731.55, 221.58
722.64, 733.92, 346.56
722.14, 736.29, 471.53
719.71, 856.48, 219.20
719.21, 858.85, 344.17
718.71, 861.22, 469.15
473.37, 598.27, 351.33
470.81, 599.68, 476.29
468.26, 601.10, 601.26
471.14, 723.24, 349.87
468.58, 724.66, 474.83
466.03, 726.07, 599.80
468.90, 848.21, 348.40
466.35, 849.63, 473.37
463.80, 851.04, 598.34
598.32, 600.53, 353.85
595.77, 601.94, 478.82
593.22, 603.36, 603.78
596.09, 725.50, 352.39
593.54, 726.91, 477.36
590.99, 728.33, 602.32
593.86, 850.47, 350.93
591.31, 851.89, 475.90
588.76, 853.30, 600.86
723.27, 602.79, 356.38
720.72, 604.20, 481.34
718.17, 605.62, 606.31
721.04, 727.76, 354.92
718.49, 729.17, 479.88
715.94, 730.59, 604.85
718.81, 852.73, 353.46
716.26, 854.15, 478.42
713.71, 855.56, 603.39
475.63, 600.30, 475.28
474.77, 597.52, 600.24
473.90, 594.74, 725.21
477.84, 725.25, 478.07
476.98, 722.47, 603.04
476.12, 719.69, 728.01
480.05, 850.20, 480.87
479.19, 847.42, 605.84
478.33, 844.64, 730.80
600.61, 598.07, 476.09
599.74, 595.29, 601.06
598.88, 592.51, 726.02
602.82, 723.02, 478.89
601.96, 720.24, 603.85
601.09, 717.46, 728.82
605.03, 847.97, 481.68
604.17, 845.19, 606.65
603.30, 842.41, 731.62
725.59, 595.84, 476.91
724.72, 593.06, 601.87
723.86, 590.28, 726.84
727.80, 720.79, 479.70
726.93, 718.01, 604.67
726.07, 715.23, 729.63
730.01, 845.74, 482.50
729.14, 842.96, 607.46
728.28, 840.18, 732.43
473.94, 601.34, 600.87
475.86, 604.63, 725.81
477.79, 607.93, 850.75
471.09, 726.26, 597.61
473.02, 729.56, 722.56
474.94, 732.86, 847.50
468.25, 851.19, 594.36
470.17, 854.49, 719.30
472.10, 857.78, 844.24
598.89, 604.13, 598.87
600.82, 607.43, 723.81
602.74, 610.73, 848.75
596.05, 729.06, 595.61
597.97, 732.35, 720.55
599.90, 735.65, 845.50
593.20, 853.98, 592.36
595.12, 857.28, 717.30
597.05, 860.58, 842.24
723.84, 606.93, 596.87
725.77, 610.22, 721.81
727.70, 613.52, 846.75
721.00, 731.85, 593.61
722.92, 735.15, 718.55
724.85, 738.45, 843.50
718.15, 856.78, 590.36
720.08, 860.08, 715.30
722.00, 863.37, 840.24
598.56, 99.25, 101.39
600.92, 97.56, 226.36
603.27, 95.87, 351.32
595.03, 224.19, 103.15
597.39, 222.50, 228.12
599.74, 220.80, 353.08
591.50, 349.13, 104.91
593.86, 347.44, 229.87
596.21, 345.74, 354.84
723.49, 102.82, 99.08
725.85, 101.12, 224.05
728.20, 99.43, 349.02
719.96, 227.75, 100.84
722.31, 226.06, 225.81
724.67, 224.37, 350.78
716.43, 352.69, 102.60
718.78, 351.00, 227.57
721.14, 349.30, 352.54
848.42, 106.38, 96.78
850.77, 104.68, 221.75
853.13, 102.99, 346.71
844.89, 231.32, 98.54
847.24, 229.62, 223.50
849.60, 227.93, 348.47
841.36, 356.25, 100.30
843.71, 354.56, 225.26
846.07, 352.87, 350.23
598.17, 101.24, 225.29
595.61, 99.24, 350.24
593.05, 97.25, 475.20
594.48, 226.17, 227.21
591.92, 224.17, 352.16
589.36, 222.18, 477.12
590.79, 351.10, 229.13
588.23, 349.11, 354.08
585.67, 347.11, 479.04
723.09, 104.89, 227.90
720.53, 102.89, 352.86
717.97, 100.90, 477.82
719.40, 229.82, 229.82
716.84, 227.82, 354.78
714.28, 225.83, 479.74
715.71, 354.75, 231.74
713.15, 352.75, 356.70
710.59, 350.76, 481.66
848.01, 108.54, 230.52
845.45, 106.54, 355.48
842.89, 104.55, 480.43
844.32, 233.47, 232.44
841.76, 231.47, 357.40
839.20, 229.48, 482.35
840.63, 358.40, 234.36
838.07, 356.40, 359.32
835.51, 354.41, 484.27
598.75, 101.07, 351.97
601.58, 99.51, 476.93
604.40, 97.94, 601.89
601.90, 226.02, 353.47
604.72, 224.46, 478.43
607.55, 222.89, 603.39
605.04, 350.98, 354.97
607.87, 349.41, 479.92
610.69, 347.84, 604.88
723.68, 97.96, 349.11
726.51, 96.40, 474.07
729.33, 94.83, 599.03
726.83, 222.91, 350.61
729.65, 221.35, 475.57
732.47, 219.78, 600.52
729.97, 347.87, 352.10
732.79, 346.30, 477.06
735.62, 344.73, 602.02
848.61, 94.85, 346.25
851.43, 93.29, 471.21
854.26, 91.72, 596.17
851.75, 219.80, 347.75
854.58, 218.24, 472.70
857.40, 216.67, 597.66
854.90, 344.76, 349.24
857.72, 343.19, 474.20
860.55, 341.62, 599.16
598.25, 101.37, 474.63
601.58, 102.47, 599.58
604.90, 103.56, 724.53
599.48, 226.36, 473.50
602.81, 227.45, 598.45
606.13, 228.55, 723.40
600.71, 351.35, 472.37
604.04, 352.44, 597.32
607.36, 353.54, 722.27
723.20, 100.11, 471.31
726.52, 101.21, 596.26
729.85, 102.30, 721.21
724.43, 225.10, 470.18
727.75, 226.19, 595.13
731.08, 227.29, 720.09
725.66, 350.09, 469.06
728.99, 351.18, 594.01
732.31, 352.28, 718.96
848.15, 98.85, 468.00
851.47, 99.95, 592.95
854.80, 101.04, 717.90
849.38, 223.84, 466.87
852.70, 224.94, 591.82
856.03, 226.03, 716.77
850.61, 348.83, 465.74
853.93, 349.92, 590.69
857.26, 351.02, 715.64
598.35, 98.53, 599.74
601.29, 94.95, 724.65
604.24, 91.38, 849.57
596.65, 223.46, 603.35
599.59, 219.89, 728.26
602.54, 216.32, 853.18
594.95, 348.40, 606.96
597.90, 344.83, 731.87
600.84, 341.26, 856.79
723.30, 100.31, 596.84
726.25, 96.74, 721.76
729.19, 93.17, 846.67
721.60, 225.24, 600.46
724.55, 221.67, 725.37
727.49, 218.10, 850.28
719.91, 350.18, 604.07
722.85, 346.61, 728.98
725.79, 343.04, 853.90
848.26, 102.09, 593.95
851.20, 98.52, 718.87
854.14, 94.95, 843.78
846.56, 227.03, 597.56
849.50, 223.46, 722.48
852.45, 219.89, 847.39
844.86, 351.96, 601.17
847.80, 348.39, 726.09
850.75, 344.82, 851.00
601.09, 224.34, 99.85
601.41, 222.07, 224.83
601.73, 219.81, 349.81
603.56, 349.29, 102.11
603.88, 347.03, 227.09
604.20, 344.77, 352.07
606.03, 474.25, 104.36
606.35, 471.98, 229.34
606.67, 469.72, 354.32
726.07, 221.87, 99.49
726.38, 219.61, 224.47
726.70, 217.35, 349.45
728.54, 346.83, 101.75
728.85, 344.56, 226.72
729.17, 342.30, 351.70
731.01, 471.78, 104.00
731.33, 469.52, 228.98
731.64, 467.26, 353.96
851.04, 219.41, 99.13
851.36, 217.15, 224.11
851.68, 214.88, 349.09
853.51, 344.36, 101.38
853.83, 342.10, 226.36
854.15, 339.84, 351.34
855.98, 469.32, 103.64
856.30, 467.06, 228.62
856.62, 464.79, 353.60
601.22, 226.98, 224.04
597.72, 229.37, 348.97
594.22, 231.76, 473.89
599.77, 351.95, 221.61
596.26, 354.34, 346.54
592.76, 356.73, 471.46
598.31, 476.92, 219.18
594.81, 479.31, 344.11
591.31, 481.70, 469.03
726.16, 228.50, 227.51
722.66, 230.89, 352.44
719.16, 233.28, 477.37
724.71, 353.47, 225.08
721.21, 355.86, 350.01
717.71, 358.25, 474.94
723.26, 478.44, 222.65
719.76, 480.83, 347.58
716.25, 483.22, 472.51
851.10, 230.02, 230.98
847.60, 232.41, 355.91
844.10, 234.80, 480.84
849.65, 354.99, 228.55
846.15, 357.38, 353.48
842.65, 359.77, 478.41
848.20, 479.96, 226.12
844.70, 482.35, 351.05
841.20, 484.73, 475.98
600.05, 225.36, 349.68
598.44, 225.44, 474.67
596.83, 225.52, 599.66
602.62, 350.33, 349.63
601.01, 350.41, 474.62
599.40, 350.50, 599.61
605.19, 475.30, 349.58
603.58, 475.39, 474.57
601.97, 475.47, 599.56
725.01, 222.79, 351.29
723.41, 222.87, 476.28
721.80, 222.96, 601.27
727.58, 347.76, 351.24
725.97, 347.85, 476.23
724.37, 347.93, 601.22
730.15, 472.74, 351.19
728.54, 472.82, 476.18
726.93, 472.90, 601.17
849.98, 220.22, 352.90
848.37, 220.31, 477.89
846.76, 220.39, 602.88
852.55, 345.19, 352.85
850.94, 345.28, 477.84
849.33, 345.36, 602.83
855.11, 470.17, 352.80
853.50, 470.25, 477.79
851.90, 470.34, 602.78
601.60, 226.37, 473.01
603.45, 224.62, 597.98
605.30, 222.86, 722.95
601.22, 351.36, 474.76
603.07, 349.60, 599.74
604.92, 347.85, 724.71
600.84, 476.34, 476.52
602.69, 474.59, 601.50
604.54, 472.84, 726.47
726.59, 226.78, 471.16
728.44, 225.02, 596.13
730.29, 223.27, 721.11
726.20, 351.76, 472.92
728.06, 350.01, 597.89
729.91, 348.26, 722.87
725.82, 476.75, 474.68
727.67, 475.00, 599.65
729.52, 473.24, 724.62
851.57, 227.18, 469.32
853.42, 225.43, 594.29
855.27, 223.68, 719.26
851.19, 352.17, 471.07
853.04, 350.42, 596.05
854.89, 348.66, 721.02
850.81, 477.16, 472.83
852.66, 475.40, 597.81
854.51, 473.65, 722.78
598.13, 225.30, 601.70
597.06, 225.98, 726.70
596.00, 226.66, 851.69
598.19, 350.30, 601.02
597.12, 350.98, 726.02
596.05, 351.66, 851.01
598.25, 475.30, 600.34
597.18, 475.98, 725.34
596.11, 476.66, 850.33
723.13, 225.25, 602.77
722.06, 225.93, 727.77
720.99, 226.61, 852.76
723.18, 350.25, 602.09
722.12, 350.93, 727.09
721.05, 351.61, 852.08
723.24, 475.25, 601.41
722.17, 475.93, 726.40
721.10, 476.61, 851.40
848.12, 225.20, 603.84
847.06, 225.88, 728.83
845.99, 226.56, 853.83
848.18, 350.20, 603.16
847.11, 350.88, 728.15
846.04, 351.56, 853.15
848.24, 475.20, 602.48
847.17, 475.88, 727.47
846.10, 476.56, 852.47
599.07, 349.69, 101.63
596.41, 349.41, 226.60
593.75, 349.14, 351.57
596.83, 474.67, 101.86
594.17, 474.39, 226.83
591.51, 474.12, 351.80
594.58, 599.65, 102.09
591.92, 599.37, 227.06
589.26, 599.10, 352.03
724.02, 351.93, 104.30
721.36, 351.66, 229.27
718.70, 351.38, 354.24
721.78, 476.91, 104.52
719.12, 476.63, 229.50
716.46, 476.36, 354.47
719.53, 601.89, 104.75
716.87, 601.61, 229.72
714.21, 601.34, 354.69
848.98, 354.17, 106.96
846.32, 353.90, 231.93
843.66, 353.62, 356.90
846.73, 479.15, 107.19
844.07, 478.88, 232.16
841.41, 478.60, 357.13
844.48, 604.13, 107.42
841.82, 603.86, 232.39
839.16, 603.58, 357.36
601.16, 351.30, 223.46
600.56, 353.15, 348.45
599.96, 354.99, 473.43
602.70, 476.28, 221.63
602.10, 478.12, 346.62
601.50, 479.96, 471.60
604.23, 601.26, 219.80
603.64, 603.10, 344.78
603.04, 604.94, 469.77
726.15, 349.78, 224.09
725.55, 351.62, 349.07
724.95, 353.46, 474.06
727.69, 474.75, 222.25
727.09, 476.59, 347.24
726.49, 478.43, 472.22
729.22, 599.73, 220.42
728.63, 601.57, 345.40
728.03, 603.41, 470.39
851.14, 348.25, 224.71
850.54, 350.09, 349.69
849.94, 351.93, 474.68
852.68, 473.22, 222.87
852.08, 475.07, 347.86
851.48, 476.91, 472.84
854.21, 598.20, 221.04
853.61, 600.04, 346.03
853.02, 601.88, 471.01
600.58, 349.24, 350.22
603.04, 347.76, 475.19
605.51, 346.27, 600.16
604.31, 474.17, 351.63
606.77, 472.69, 476.60
609.23, 471.21, 601.56
608.03, 599.11, 353.04
610.50, 597.63, 478.01
612.96, 596.15, 602.97
725.50, 345.54, 347.72
727.96, 344.06, 472.68
730.43, 342.58, 597.65
729.23, 470.48, 349.12
731.69, 469.00, 474.09
734.15, 467.51, 599.06
732.95, 595.41, 350.53
735.42, 593.93, 475.50
737.88, 592.45, 600.46
850.42, 341.84, 345.21
852.88, 340.36, 470.17
855.35, 338.88, 595.14
854.15, 466.78, 346.62
856.61, 465.30, 471.58
859.07, 463.82, 596.55
857.87, 591.72, 348.02
860.34, 590.23, 472.99
862.80, 588.75, 597.96
601.58, 350.08, 475.56
600.03, 347.70, 600.53
598.47, 345.31, 725.50
604.14, 475.03, 477.98
602.58, 472.65, 602.95
601.03, 470.26, 727.92
606.70, 599.98, 480.40
605.14, 597.60, 605.37
603.58, 595.21, 730.33
726.55, 347.50, 477.07
724.99, 345.11, 602.04
723.44, 342.72, 727.00
729.10, 472.45, 479.49
727.55, 470.06, 604.45
725.99, 467.67, 729.42
731.66, 597.40, 481.90
730.10, 595.01, 606.87
728.55, 592.62, 731.84
851.51, 344.91, 478.57
849.96, 342.52, 603.54
848.40, 340.14, 728.51
854.07, 469.86, 480.99
852.51, 467.47, 605.96
850.96, 465.09, 730.93
856.62, 594.81, 483.41
855.07, 592.42, 608.38
853.51, 590.04, 733.34
601.84, 348.10, 601.93
603.99, 348.09, 726.91
606.14, 348.09, 851.89
604.53, 473.07, 601.89
606.68, 473.06, 726.87
608.84, 473.06, 851.85
607.22, 598.04, 601.85
609.38, 598.03, 726.83
611.53, 598.03, 851.81
726.79, 345.40, 599.78
728.94, 345.40, 724.76
731.10, 345.39, 849.74
729.48, 470.38, 599.74
731.64, 470.37, 724.72
733.79, 470.36, 849.70
732.18, 595.35, 599.70
734.33, 595.34, 724.68
736.48, 595.33, 849.66
851.74, 342.71, 597.62
853.90, 342.70, 722.60
856.05, 342.70, 847.59
854.44, 467.68, 597.58
856.59, 467.67, 722.56
858.74, 467.67, 847.55
857.13, 592.65, 597.54
859.28, 592.65, 722.52
861.44, 592.64, 847.51
598.28, 476.05, 99.80
598.26, 477.71, 224.79
598.24, 479.37, 349.77
596.83, 601.03, 98.14
596.81, 602.69, 223.13
596.80, 604.35, 348.11
595.39, 726.01, 96.48
595.37, 727.67, 221.47
595.35, 729.33, 346.45
723.27, 477.49, 99.80
723.25, 479.15, 224.79
723.23, 480.81, 349.77
721.83, 602.47, 98.14
721.81, 604.13, 223.13
721.79, 605.79, 348.11
720.38, 727.45, 96.48
720.36, 729.11, 221.46
720.35, 730.77, 346.45
848.26, 478.93, 99.80
848.24, 480.59, 224.78
848.22, 482.25, 349.77
846.82, 603.91, 98.14
846.80, 605.57, 223.12
846.78, 607.23, 348.11
845.38, 728.89, 96.48
845.36, 730.55, 221.46
845.34, 732.21, 346.45
601.13, 475.01, 224.79
602.84, 474.39, 349.78
604.56, 473.77, 474.77
599.29, 599.99, 225.44
601.01, 599.37, 350.43
602.72, 598.75, 475.41
597.45, 724.98, 226.09
599.17, 724.36, 351.07
600.88, 723.74, 476.06
726.10, 476.86, 223.09
727.82, 476.24, 348.07
729.53, 475.61, 473.06
724.26, 601.84, 223.73
725.98, 601.22, 348.72
727.70, 600.60, 473.71
722.43, 726.83, 224.38
724.14, 726.20, 349.37
725.86, 725.58, 474.35
851.08, 478.70, 221.38
852.79, 478.08, 346.37
854.51, 477.46, 471.36
849.24, 603.69, 222.03
850.95, 603.07, 347.02
852.67, 602.45, 472.00
847.40, 728.67, 222.68
849.12, 728.05, 347.66
850.83, 727.43, 472.65
600.82, 476.58, 351.23
601.38, 476.64, 476.23
601.95, 476.70, 601.23
601.83, 601.57, 351.17
602.40, 601.63, 476.17
602.97, 601.69, 601.17
602.85, 726.57, 351.10
603.42, 726.63, 476.10
603.98, 726.69, 601.10
725.81, 475.56, 350.67
726.38, 475.62, 475.66
726.95, 475.68, 600.66
726.83, 600.56, 350.60
727.40, 600.62, 475.60
727.96, 600.68, 600.60
727.84, 725.55, 350.54
728.41, 725.61, 475.54
728.98, 725.67, 600.54
850.81, 474.55, 350.10
851.37, 474.60, 475.10
851.94, 474.66, 600.10
851.82, 599.54, 350.04
852.39, 599.60, 475.04
852.96, 599.66, 600.03
852.84, 724.54, 349.97
853.41, 724.60, 474.97
853.97, 724.66, 599.97
599.00, 475.08, 476.02
595.41, 472.05, 600.93
591.81, 469.02, 725.84
595.58, 600.00, 478.95
591.98, 596.97, 603.86
588.39, 593.94, 728.77
592.15, 724.91, 481.88
588.56, 721.89, 606.79
584.97, 718.86, 731.70
723.90, 478.41, 479.69
720.31, 475.38, 604.60
716.71, 472.36, 729.52
720.48, 603.33, 482.62
716.88, 600.30, 607.53
713.29, 597.28, 732.45
717.06, 728.25, 485.55
713.46, 725.22, 610.46
709.87, 722.19, 735.38
848.80, 481.75, 483.37
845.21, 478.72, 608.28
841.62, 475.69, 733.19
845.38, 606.67, 486.30
841.79, 603.64, 611.21
838.19, 600.61, 736.12
841.96, 731.59, 489.23
838.36, 728.56, 614.14
834.77, 725.53, 739.05
598.88, 473.16, 601.80
595.50, 472.47, 726.75
592.12, 471.78, 851.70
601.43, 598.13, 602.55
598.06, 597.44, 727.51
594.68, 596.75, 852.46
603.99, 723.10, 603.31
600.61, 722.41, 728.27
597.24, 721.73, 853.22
723.81, 470.58, 605.16
720.43, 469.89, 730.11
717.05, 469.21, 855.06
726.36, 595.55, 605.92
722.99, 594.87, 730.87
719.61, 594.18, 855.82
728.92, 720.53, 606.68
725.54, 719.84, 731.63
722.16, 719.15, 856.58
848.73, 468.01, 608.52
845.36, 467.32, 733.47
841.98, 466.63, 858.43
851.29, 592.98, 609.28
847.91, 592.29, 734.23
844.54, 591.60, 859.19
853.85, 717.95, 610.04
850.47, 717.26, 734.99
847.09, 716.57, 859.94
599.81, 601.41, 100.35
603.29, 598.92, 225.27
606.77, 596.42, 350.20
600.26, 726.39, 102.83
603.74, 723.89, 227.76
607.22, 721.40, 352.68
600.71, 851.36, 105.31
604.19, 848.86, 230.24
607.67, 846.37, 355.17
724.76, 601.03, 96.86
728.24, 598.54, 221.79
731.72, 596.04, 346.71
725.21, 726.01, 99.34
728.69, 723.51, 224.27
732.17, 721.01, 349.20
725.66, 850.98, 101.83
729.14, 848.48, 226.75
732.62, 845.99, 351.68
849.71, 600.65, 93.37
853.19, 598.16, 218.30
856.67, 595.66, 343.22
850.16, 725.62, 95.85
853.64, 723.13, 220.78
857.12, 720.63, 345.71
850.61, 850.60, 98.34
854.09, 848.10, 223.27
857.57, 845.61, 348.19
599.35, 601.91, 223.95
597.50, 601.31, 348.93
595.65, 600.70, 473.92
601.21, 726.90, 224.58
599.36, 726.29, 349.57
597.51, 725.68, 474.55
603.07, 851.88, 225.22
601.22, 851.27, 350.20
599.37, 850.67, 475.19
724.32, 600.05, 225.79
722.47, 599.44, 350.77
720.62, 598.83, 475.76
726.18, 725.03, 226.43
724.33, 724.42, 351.41
722.48, 723.81, 476.39
728.04, 850.01, 227.06
726.19, 849.41, 352.05
724.34, 848.80, 477.03
849.30, 598.18, 227.63
847.45, 597.57, 352.62
845.60, 596.96, 477.60
851.15, 723.16, 228.27
849.31, 722.56, 353.25
847.46, 721.95, 478.24
853.01, 848.15, 228.90
851.16, 847.54, 353.89
849.31, 846.93, 478.87
598.48, 600.05, 350.95
598.97, 599.76, 475.95
599.45, 599.48, 600.94
597.80, 725.05, 351.23
598.28, 724.76, 476.23
598.77, 724.48, 601.23
597.11, 850.04, 351.52
597.59, 849.76, 476.52
598.08, 849.48, 601.52
723.48, 600.74, 350.46
723.97, 600.45, 475.46
724.45, 600.17, 600.46
722.79, 725.73, 350.75
723.28, 725.45, 475.75
723.76, 725.17, 600.75
722.10, 850.73, 351.04
722.59, 850.45, 476.04
723.08, 850.17, 601.03
848.48, 601.43, 349.98
848.96, 601.14, 474.98
849.45, 600.86, 599.98
847.79, 726.42, 350.27
848.27, 726.14, 475.27
848.76, 725.86, 600.26
847.10, 851.42, 350.55
847.59, 851.14, 475.55
848.07, 850.85, 600.55
600.62, 599.37, 476.39
603.92, 598.86, 601.34
607.23, 598.34, 726.30
601.05, 724.37, 476.89
604.36, 723.85, 601.84
607.66, 723.34, 726.80
601.49, 849.37, 477.39
604.80, 848.85, 602.35
608.10, 848.34, 727.30
725.57, 598.95, 473.08
728.88, 598.43, 598.04
732.18, 597.92, 722.99
726.01, 723.95, 473.58
729.32, 723.43, 598.54
732.62, 722.92, 723.49
726.45, 848.94, 474.08
729.75, 848.43, 599.04
733.06, 847.92, 724.00
850.53, 598.52, 469.77
853.83, 598.01, 594.73
857.14, 597.50, 719.68
850.97, 723.52, 470.28
854.27, 723.01, 595.23
857.58, 722.49, 720.19
851.40, 848.52, 470.78
854.71, 848.01, 595.73
858.01, 847.49, 720.69
598.43, 601.60, 599.38
595.98, 599.44, 724.33
593.54, 597.29, 849.29
595.21, 726.54, 601.47
592.76, 724.38, 726.42
590.32, 722.23, 851.38
591.98, 851.48, 603.56
589.54, 849.32, 728.52
587.09, 847.17, 853.47
723.36, 604.78, 601.87
720.92, 602.62, 726.83
718.47, 600.47, 851.79
720.14, 729.72, 603.97
717.70, 727.56, 728.92
715.25, 725.41, 853.88
716.92, 854.66, 606.06
714.47, 852.51, 731.02
712.03, 850.35, 855.97
848.30, 607.96, 604.37
845.85, 605.81, 729.33
843.41, 603.65, 854.29
845.07, 732.90, 606.47
842.63, 730.75, 731.42
840.18, 728.59, 856.38
841.85, 857.84, 608.56
839.41, 855.69, 733.51
836.96, 853.53, 858.47
