27, 125, pa2-debug-d-output1.txt
194.42,  203.97,  201.19 394.61,  397.47,  193.69101.29, 101.23, 100.00
103.90, 104.34, 224.93
106.51, 107.44, 349.87
104.03, 226.16, 96.83
106.63, 229.27, 221.77
109.24, 232.37, 346.70
106.76, 351.09, 93.67
109.37, 354.20, 218.60
111.97, 357.30, 343.54
226.24, 98.43, 97.46
228.84, 101.54, 222.40
231.45, 104.65, 347.33
228.97, 223.36, 94.30
231.58, 226.47, 219.23
234.18, 229.58, 344.16
231.70, 348.29, 91.13
234.31, 351.40, 216.07
236.92, 354.51, 341.00
351.18, 95.63, 94.92
353.79, 98.74, 219.86
356.39, 101.85, 344.79
353.91, 220.56, 91.76
356.52, 223.67, 216.69
359.13, 226.78, 341.63
356.65, 345.49, 88.59
359.25, 348.60, 213.53
361.86, 351.71, 338.46
101.37, 101.13, 225.82
100.47, 100.82, 350.82
99.58, 100.52, 475.81
98.44, 226.09, 226.10
97.54, 225.79, 351.10
96.64, 225.49, 476.09
95.51, 351.06, 226.38
94.61, 350.75, 351.38
93.71, 350.45, 476.37
226.34, 104.06, 226.72
225.44, 103.75, 351.72
224.54, 103.45, 476.72
223.40, 229.02, 227.01
222.50, 228.72, 352.00
221.61, 228.42, 477.00
220.47, 353.99, 227.29
219.57, 353.69, 352.28
218.67, 353.38, 477.28
351.30, 106.99, 227.63
350.40, 106.69, 352.63
349.50, 106.38, 477.62
348.36, 231.95, 227.91
347.47, 231.65, 352.91
346.57, 231.35, 477.90
345.43, 356.92, 228.19
344.53, 356.62, 353.19
343.64, 356.31, 478.18
100.26, 101.24, 351.97
101.64, 101.11, 476.96
103.03, 100.98, 601.95
96.61, 226.19, 352.14
97.99, 226.06, 477.13
99.38, 225.93, 602.12
92.96, 351.14, 352.31
94.35, 351.01, 477.30
95.73, 350.88, 602.30
225.19, 104.89, 350.59
226.58, 104.76, 475.58
227.96, 104.63, 600.57
221.55, 229.84, 350.76
222.93, 229.71, 475.75
224.32, 229.58, 600.74
217.90, 354.79, 350.93
219.29, 354.66, 475.92
220.67, 354.52, 600.91
350.13, 108.54, 349.21
351.52, 108.41, 474.20
352.90, 108.28, 599.19
346.49, 233.49, 349.38
347.87, 233.36, 474.37
349.26, 233.23, 599.36
342.84, 358.43, 349.55
344.23, 358.30, 474.54
345.61, 358.17, 599.53
100.85, 100.65, 474.55
103.55, 98.13, 599.50
106.26, 95.62, 724.44
103.10, 225.61, 477.02
105.80, 223.09, 601.97
108.50, 220.57, 726.91
105.34, 350.56, 479.49
108.04, 348.04, 604.44
110.74, 345.53, 729.38
225.80, 98.46, 471.81
228.50, 95.95, 596.75
231.21, 93.43, 721.70
228.05, 223.42, 474.28
230.75, 220.90, 599.22
233.45, 218.38, 724.17
230.29, 348.37, 476.75
232.99, 345.86, 601.69
235.69, 343.34, 726.64
350.75, 96.27, 469.06
353.46, 93.76, 594.01
356.16, 91.24, 718.95
353.00, 221.23, 471.53
355.70, 218.71, 596.48
358.40, 216.19, 721.42
355.24, 346.18, 474.00
357.94, 343.67, 598.95
360.64, 341.15, 723.89
99.91, 98.77, 601.69
102.79, 98.79, 726.65
105.66, 98.80, 851.62
98.91, 223.77, 601.70
101.79, 223.78, 726.66
104.66, 223.80, 851.63
97.91, 348.76, 601.71
100.78, 348.78, 726.67
103.66, 348.79, 851.64
224.87, 99.77, 598.81
227.75, 99.79, 723.78
230.63, 99.80, 848.74
223.87, 224.77, 598.82
226.75, 224.78, 723.79
229.63, 224.80, 848.75
222.87, 349.77, 598.83
225.75, 349.78, 723.80
228.62, 349.79, 848.76
349.84, 100.78, 595.93
352.71, 100.79, 720.90
355.59, 100.80, 845.87
348.83, 225.77, 595.94
351.71, 225.79, 720.91
354.59, 225.80, 845.88
347.83, 350.77, 595.95
350.71, 350.78, 720.92
353.59, 350.80, 845.89
98.05, 225.10, 99.24
101.23, 227.84, 224.17
104.40, 230.59, 349.10
100.21, 350.05, 96.44
103.39, 352.79, 221.36
106.56, 355.54, 346.29
102.37, 475.00, 93.63
105.55, 477.74, 218.56
108.72, 480.49, 343.49
222.99, 222.87, 96.11
226.17, 225.61, 221.04
229.34, 228.36, 345.97
225.15, 347.82, 93.31
228.33, 350.56, 218.24
231.50, 353.31, 343.17
227.31, 472.77, 90.51
230.49, 475.51, 215.44
233.66, 478.26, 340.37
347.93, 220.64, 92.99
351.11, 223.38, 217.92
354.28, 226.13, 342.85
350.09, 345.59, 90.18
353.27, 348.33, 215.11
356.44, 351.08, 340.04
352.25, 470.54, 87.38
355.43, 473.28, 212.31
358.60, 476.03, 337.24
101.52, 223.20, 225.68
102.01, 222.97, 350.68
102.51, 222.74, 475.68
102.79, 348.20, 225.91
103.29, 347.96, 350.91
103.79, 347.73, 475.91
104.07, 473.19, 226.13
104.57, 472.96, 351.13
105.07, 472.73, 476.13
226.51, 221.93, 225.18
227.01, 221.69, 350.18
227.51, 221.46, 475.18
227.79, 346.92, 225.41
228.28, 346.69, 350.41
228.78, 346.46, 475.41
229.06, 471.91, 225.63
229.56, 471.68, 350.63
230.06, 471.45, 475.63
351.50, 220.65, 224.68
352.00, 220.42, 349.68
352.50, 220.19, 474.68
352.78, 345.64, 224.91
353.28, 345.41, 349.91
353.77, 345.18, 474.91
354.06, 470.64, 225.13
354.55, 470.41, 350.13
355.05, 470.17, 475.13
98.16, 226.90, 348.06
97.83, 228.33, 473.05
97.51, 229.77, 598.04
98.43, 351.89, 346.62
98.11, 353.32, 471.61
97.79, 354.76, 596.61
98.71, 476.88, 345.19
98.39, 478.31, 470.18
98.06, 479.75, 595.17
223.16, 226.62, 348.38
222.83, 228.06, 473.37
222.51, 229.49, 598.37
223.43, 351.62, 346.95
223.11, 353.05, 471.94
222.79, 354.48, 596.93
223.71, 476.61, 345.52
223.39, 478.04, 470.51
223.06, 479.48, 595.50
348.16, 226.35, 348.71
347.83, 227.79, 473.70
347.51, 229.22, 598.69
348.43, 351.34, 347.28
348.11, 352.78, 472.27
347.79, 354.21, 597.26
348.71, 476.33, 345.84
348.39, 477.77, 470.83
348.06, 479.20, 595.82
98.36, 223.61, 474.07
98.66, 225.71, 599.05
98.96, 227.80, 724.03
101.02, 348.57, 471.97
101.32, 350.66, 596.95
101.62, 352.75, 721.94
103.67, 473.52, 469.87
103.97, 475.61, 594.86
104.27, 477.71, 719.84
223.33, 220.95, 473.81
223.63, 223.05, 598.80
223.93, 225.14, 723.78
225.99, 345.91, 471.72
226.29, 348.00, 596.70
226.59, 350.09, 721.68
228.65, 470.86, 469.62
228.95, 472.95, 594.60
229.25, 475.05, 719.58
348.31, 218.29, 473.56
348.61, 220.38, 598.54
348.91, 222.48, 723.52
350.96, 343.25, 471.46
351.26, 345.34, 596.44
351.56, 347.43, 721.43
353.62, 468.20, 469.36
353.92, 470.29, 594.35
354.22, 472.39, 719.33
100.36, 223.39, 598.22
102.18, 221.01, 723.19
103.99, 218.64, 848.15
101.70, 348.36, 600.58
103.51, 345.98, 725.54
105.32, 343.61, 850.51
103.04, 473.33, 602.93
104.85, 470.96, 727.89
106.66, 468.58, 852.86
225.34, 222.08, 596.39
227.16, 219.71, 721.35
228.97, 217.34, 846.32
226.68, 347.05, 598.74
228.49, 344.68, 723.71
230.30, 342.31, 848.67
228.02, 472.02, 601.09
229.83, 469.65, 726.06
231.64, 467.28, 851.02
350.32, 220.78, 594.55
352.13, 218.41, 719.52
353.95, 216.03, 844.48
351.66, 345.75, 596.91
353.47, 343.38, 721.87
355.28, 341.00, 846.84
353.00, 470.72, 599.26
354.81, 468.35, 724.22
356.62, 465.98, 849.19
98.57, 350.69, 99.14
101.12, 349.63, 224.10
103.67, 348.57, 349.07
95.71, 475.65, 100.25
98.26, 474.59, 225.22
100.82, 473.53, 350.19
92.85, 600.61, 101.37
95.41, 599.56, 226.34
97.96, 598.50, 351.31
223.51, 353.57, 96.61
226.06, 352.51, 221.58
228.61, 351.45, 346.55
220.65, 478.53, 97.73
223.21, 477.47, 222.69
225.76, 476.41, 347.66
217.80, 603.49, 98.84
220.35, 602.43, 223.81
222.90, 601.38, 348.78
348.45, 356.45, 94.08
351.00, 355.39, 219.05
353.56, 354.33, 344.02
345.59, 481.41, 95.20
348.15, 480.35, 220.17
350.70, 479.29, 345.14
342.74, 606.37, 96.32
345.29, 605.31, 221.28
347.84, 604.25, 346.25
100.79, 350.53, 223.90
102.10, 349.52, 348.88
103.41, 348.50, 473.87
101.46, 475.53, 224.91
102.77, 474.51, 349.89
104.08, 473.49, 474.88
102.13, 600.52, 225.92
103.44, 599.50, 350.90
104.75, 598.49, 475.89
225.78, 349.87, 222.58
227.09, 348.85, 347.57
228.40, 347.84, 472.56
226.45, 474.86, 223.59
227.76, 473.85, 348.58
229.07, 472.83, 473.57
227.12, 599.86, 224.60
228.43, 598.84, 349.59
229.74, 597.83, 474.58
350.77, 349.21, 221.27
352.08, 348.19, 346.25
353.39, 347.18, 471.24
351.44, 474.20, 222.27
352.75, 473.19, 347.26
354.06, 472.17, 472.25
352.12, 599.20, 223.28
353.43, 598.18, 348.27
354.74, 597.16, 473.26
99.54, 350.42, 349.09
96.01, 352.33, 474.03
92.49, 354.23, 598.97
96.41, 475.36, 347.10
92.89, 477.27, 472.03
89.37, 479.18, 596.97
93.28, 600.31, 345.10
89.76, 602.22, 470.04
86.24, 604.12, 594.97
224.45, 353.60, 352.57
220.92, 355.51, 477.50
217.40, 357.41, 602.44
221.32, 478.54, 350.57
217.80, 480.45, 475.51
214.28, 482.36, 600.44
218.20, 603.49, 348.57
214.67, 605.40, 473.51
211.15, 607.30, 598.44
349.36, 356.78, 356.04
345.84, 358.69, 480.97
342.31, 360.59, 605.91
346.23, 481.72, 354.04
342.71, 483.63, 478.98
339.19, 485.54, 603.91
343.11, 606.67, 352.05
339.59, 608.58, 476.98
336.06, 610.48, 601.92
98.74, 350.38, 476.29
100.23, 347.73, 601.26
101.71, 345.07, 726.22
95.36, 475.31, 478.99
96.84, 472.65, 603.95
98.33, 470.00, 728.91
91.98, 600.23, 481.68
93.46, 597.58, 606.65
94.95, 594.92, 731.61
223.69, 353.80, 474.88
225.17, 351.14, 599.84
226.66, 348.48, 724.81
220.30, 478.72, 477.58
221.79, 476.07, 602.54
223.27, 473.41, 727.50
216.92, 603.65, 480.27
218.41, 600.99, 605.24
219.89, 598.33, 730.20
348.63, 357.21, 473.47
350.12, 354.55, 598.43
351.60, 351.90, 723.39
345.25, 482.14, 476.16
346.73, 479.48, 601.13
348.22, 476.82, 726.09
341.87, 607.06, 478.86
343.35, 604.40, 603.82
344.84, 601.75, 728.79
100.32, 348.80, 600.64
99.08, 348.47, 725.63
97.84, 348.14, 850.63
101.73, 473.80, 600.98
100.49, 473.47, 725.98
99.25, 473.14, 850.97
103.14, 598.79, 601.33
101.90, 598.46, 726.32
100.66, 598.13, 851.31
225.31, 347.39, 601.88
224.07, 347.06, 726.87
222.82, 346.73, 851.87
226.72, 472.38, 602.22
225.48, 472.05, 727.22
224.23, 471.72, 852.21
228.13, 597.37, 602.57
226.88, 597.04, 727.56
225.64, 596.71, 852.55
350.29, 345.98, 603.12
349.05, 345.65, 728.11
347.81, 345.32, 853.10
351.70, 470.97, 603.46
350.46, 470.64, 728.45
349.22, 470.31, 853.45
353.11, 595.96, 603.80
351.87, 595.63, 728.80
350.63, 595.30, 853.79
100.54, 476.63, 100.05
98.69, 474.98, 225.02
96.84, 473.33, 350.00
102.09, 601.61, 101.72
100.24, 599.96, 226.69
98.39, 598.31, 351.67
103.63, 726.59, 103.39
101.79, 724.94, 228.37
99.94, 723.29, 353.34
225.51, 475.06, 101.87
223.67, 473.41, 226.85
221.82, 471.76, 351.83
227.06, 600.04, 103.55
225.22, 598.39, 228.52
223.37, 596.74, 353.50
228.61, 725.02, 105.22
226.76, 723.37, 230.19
224.92, 721.72, 355.17
350.49, 473.49, 103.70
348.64, 471.84, 228.68
346.80, 470.19, 353.65
352.04, 598.46, 105.37
350.19, 596.82, 230.35
348.34, 595.17, 355.32
353.59, 723.44, 107.05
351.74, 721.80, 232.02
349.89, 720.15, 357.00
99.49, 475.17, 224.33
97.28, 473.67, 349.30
95.07, 472.18, 474.27
102.13, 600.13, 225.87
99.93, 598.64, 350.84
97.72, 597.14, 475.81
104.78, 725.09, 227.41
102.57, 723.60, 352.38
100.36, 722.11, 477.35
224.44, 472.50, 226.51
222.23, 471.00, 351.48
220.02, 469.51, 476.45
227.09, 597.46, 228.05
224.88, 595.97, 353.02
222.67, 594.47, 477.99
229.73, 722.42, 229.59
227.52, 720.93, 354.56
225.31, 719.43, 479.53
349.39, 469.83, 228.68
347.19, 468.33, 353.65
344.98, 466.84, 478.63
352.04, 594.79, 230.22
349.83, 593.29, 355.20
347.62, 591.80, 480.17
354.68, 719.75, 231.76
352.48, 718.26, 356.74
350.27, 716.76, 481.71
100.87, 474.77, 349.13
97.16, 476.12, 474.07
93.45, 477.46, 599.00
97.85, 599.73, 347.70
94.14, 601.07, 472.63
90.43, 602.41, 597.57
94.84, 724.68, 346.26
91.12, 726.03, 471.20
87.41, 727.37, 596.14
225.78, 477.83, 352.80
222.07, 479.17, 477.74
218.35, 480.52, 602.68
222.76, 602.79, 351.37
219.05, 604.13, 476.31
215.34, 605.47, 601.25
219.74, 727.74, 349.94
216.03, 729.08, 474.88
212.32, 730.43, 599.82
350.68, 480.89, 356.48
346.97, 482.23, 481.42
343.26, 483.57, 606.36
347.67, 605.84, 355.05
343.96, 607.19, 479.99
340.25, 608.53, 604.92
344.65, 730.80, 353.62
340.94, 732.14, 478.55
337.23, 733.48, 603.49
99.64, 475.21, 473.17
101.33, 474.77, 598.16
103.03, 474.32, 723.15
99.80, 600.21, 473.61
101.50, 599.77, 598.60
103.19, 599.32, 723.59
99.97, 725.21, 474.05
101.66, 724.77, 599.04
103.36, 724.32, 724.03
224.63, 475.05, 471.47
226.32, 474.61, 596.46
228.02, 474.17, 721.45
224.79, 600.05, 471.92
226.49, 599.61, 596.90
228.18, 599.16, 721.89
224.96, 725.05, 472.36
226.65, 724.61, 597.35
228.35, 724.16, 722.33
349.61, 474.90, 469.78
351.31, 474.45, 594.77
353.00, 474.01, 719.75
349.78, 599.89, 470.22
351.47, 599.45, 595.21
353.17, 599.01, 720.20
349.94, 724.89, 470.66
351.64, 724.45, 595.65
353.34, 724.00, 720.64
101.16, 475.15, 599.07
100.18, 475.74, 724.07
99.20, 476.34, 849.06
102.34, 600.14, 598.49
101.36, 600.74, 723.49
100.38, 601.33, 848.48
103.52, 725.14, 597.91
102.54, 725.73, 722.90
101.56, 726.32, 847.90
226.15, 473.97, 600.06
225.17, 474.57, 725.05
224.19, 475.16, 850.05
227.33, 598.97, 599.48
226.35, 599.56, 724.47
225.37, 600.15, 849.47
228.51, 723.96, 598.89
227.53, 724.55, 723.89
226.55, 725.14, 848.88
351.14, 472.80, 601.05
350.16, 473.39, 726.04
349.18, 473.98, 851.04
352.32, 597.79, 600.46
351.34, 598.38, 725.46
350.36, 598.97, 850.45
353.50, 722.78, 599.88
352.52, 723.37, 724.87
351.54, 723.97, 849.87
99.30, 601.31, 100.31
97.80, 600.32, 225.30
96.29, 599.33, 350.29
96.51, 726.27, 101.27
95.01, 725.29, 226.25
93.51, 724.30, 351.24
93.73, 851.24, 102.22
92.22, 850.25, 227.21
90.72, 849.26, 352.19
224.26, 604.08, 101.84
222.76, 603.09, 226.82
221.25, 602.11, 351.81
221.47, 729.05, 102.79
219.97, 728.06, 227.78
218.47, 727.07, 352.77
218.69, 854.01, 103.75
217.18, 853.03, 228.73
215.68, 852.04, 353.72
349.22, 606.86, 103.36
347.72, 605.87, 228.35
346.21, 604.88, 353.34
346.43, 731.82, 104.32
344.93, 730.83, 229.30
343.43, 729.85, 354.29
343.65, 856.79, 105.27
342.14, 855.80, 230.26
340.64, 854.81, 355.24
101.89, 600.64, 225.53
103.14, 597.90, 350.49
104.39, 595.16, 475.46
102.92, 725.60, 228.26
104.17, 722.87, 353.22
105.41, 720.13, 478.19
103.95, 850.57, 230.98
105.19, 847.83, 355.95
106.44, 845.10, 480.91
226.88, 599.64, 224.26
228.13, 596.90, 349.23
229.38, 594.16, 474.19
227.91, 724.60, 226.99
229.16, 721.87, 351.95
230.40, 719.13, 476.92
228.94, 849.57, 229.72
230.18, 846.83, 354.68
231.43, 844.10, 479.64
351.87, 598.64, 223.00
353.12, 595.90, 347.96
354.36, 593.17, 472.92
352.90, 723.60, 225.72
354.15, 720.87, 350.69
355.39, 718.13, 475.65
353.93, 848.57, 228.45
355.17, 845.83, 353.41
356.42, 843.10, 478.38
100.16, 601.56, 351.34
102.73, 600.56, 476.31
105.30, 599.56, 601.28
100.20, 726.56, 352.35
102.77, 725.55, 477.32
105.34, 724.55, 602.28
100.24, 851.55, 353.35
102.81, 850.55, 478.32
105.38, 849.55, 603.29
225.14, 601.54, 348.78
227.70, 600.54, 473.75
230.27, 599.54, 598.72
225.18, 726.54, 349.78
227.74, 725.54, 474.75
230.31, 724.53, 599.72
225.22, 851.53, 350.78
227.78, 850.53, 475.75
230.35, 849.53, 600.72
350.11, 601.52, 346.21
352.68, 600.52, 471.18
355.25, 599.52, 596.15
350.15, 726.52, 347.21
352.72, 725.52, 472.18
355.28, 724.52, 597.15
350.19, 851.52, 348.21
352.76, 850.51, 473.18
355.32, 849.51, 598.15
99.34, 599.07, 473.21
101.70, 598.32, 598.18
104.07, 597.57, 723.16
97.68, 724.05, 473.99
100.04, 723.31, 598.96
102.41, 722.56, 723.94
96.02, 849.04, 474.76
98.39, 848.29, 599.74
100.75, 847.55, 724.72
224.30, 600.74, 470.85
226.67, 599.99, 595.83
229.04, 599.25, 720.80
222.64, 725.73, 471.63
225.01, 724.98, 596.60
227.38, 724.23, 721.58
220.98, 850.71, 472.41
223.35, 849.97, 597.38
225.72, 849.22, 722.36
349.27, 602.41, 468.49
351.64, 601.67, 593.47
354.00, 600.92, 718.44
347.61, 727.40, 469.27
349.98, 726.65, 594.25
352.34, 725.90, 719.22
345.95, 852.39, 470.05
348.32, 851.64, 595.03
350.68, 850.89, 720.00
100.31, 600.06, 601.21
102.38, 597.80, 726.17
104.45, 595.53, 851.14
99.92, 725.04, 603.49
101.99, 722.77, 728.45
104.06, 720.51, 853.41
99.53, 850.02, 605.76
101.60, 847.75, 730.73
103.67, 845.48, 855.69
225.29, 600.49, 599.15
227.36, 598.22, 724.11
229.43, 595.96, 849.07
224.90, 725.47, 601.43
226.97, 723.20, 726.39
229.04, 720.93, 851.35
224.51, 850.45, 603.70
226.58, 848.18, 728.66
228.65, 845.91, 853.63
350.27, 600.92, 597.09
352.34, 598.65, 722.05
354.41, 596.38, 847.01
349.88, 725.90, 599.36
351.95, 723.63, 724.33
354.02, 721.36, 849.29
349.49, 850.88, 601.64
351.56, 848.61, 726.60
353.63, 846.34, 851.56
224.44, 100.90, 101.98
221.72, 98.68, 226.93
218.99, 96.47, 351.88
221.24, 225.84, 104.13
218.52, 223.63, 229.08
215.79, 221.41, 354.03
218.05, 350.78, 106.28
215.32, 348.57, 231.23
212.59, 346.35, 356.18
349.37, 104.05, 104.76
346.65, 101.83, 229.71
343.92, 99.62, 354.66
346.17, 228.99, 106.91
343.45, 226.78, 231.86
340.72, 224.56, 356.81
342.98, 353.93, 109.06
340.25, 351.72, 234.01
337.52, 349.50, 358.96
474.30, 107.20, 107.54
471.58, 104.99, 232.49
468.85, 102.77, 357.45
471.10, 232.14, 109.69
468.38, 229.93, 234.64
465.65, 227.71, 359.59
467.90, 357.08, 111.84
465.18, 354.87, 236.79
462.45, 352.65, 361.74
223.91, 100.37, 224.28
226.59, 98.28, 349.24
229.27, 96.19, 474.19
224.32, 225.35, 226.36
227.00, 223.26, 351.32
229.68, 221.18, 476.27
224.73, 350.33, 228.44
227.41, 348.25, 353.40
230.09, 346.16, 478.35
348.88, 100.00, 221.60
351.56, 97.91, 346.55
354.24, 95.83, 471.51
349.29, 224.98, 223.68
351.97, 222.90, 348.63
354.65, 220.81, 473.59
349.71, 349.97, 225.76
352.38, 347.88, 350.71
355.06, 345.79, 475.67
473.85, 99.63, 218.92
476.53, 97.55, 343.87
479.21, 95.46, 468.82
474.26, 224.62, 221.00
476.94, 222.53, 345.95
479.62, 220.44, 470.90
474.68, 349.60, 223.07
477.35, 347.51, 348.03
480.03, 345.42, 472.98
223.76, 98.85, 348.97
222.20, 96.05, 473.93
220.64, 93.25, 598.89
224.27, 223.82, 351.78
222.71, 221.02, 476.74
221.15, 218.22, 601.70
224.78, 348.78, 354.59
223.22, 345.98, 479.54
221.66, 343.18, 604.50
348.75, 98.31, 350.52
347.19, 95.50, 475.48
345.63, 92.70, 600.44
349.26, 223.27, 353.33
347.70, 220.47, 478.29
346.14, 217.67, 603.24
349.77, 348.24, 356.13
348.21, 345.44, 481.09
346.65, 342.64, 606.05
473.74, 97.76, 352.07
472.18, 94.96, 477.03
470.62, 92.16, 601.99
474.25, 222.73, 354.87
472.69, 219.93, 479.83
471.13, 217.13, 604.79
474.76, 347.70, 357.68
473.20, 344.90, 482.64
471.64, 342.10, 607.60
225.94, 99.06, 474.09
227.59, 96.53, 599.05
229.24, 94.01, 724.02
222.23, 223.97, 476.66
223.88, 221.45, 601.62
225.53, 218.93, 726.59
218.53, 348.89, 479.23
220.18, 346.37, 604.19
221.83, 343.85, 729.16
350.88, 102.80, 472.51
352.53, 100.28, 597.48
354.18, 97.75, 722.44
347.17, 227.72, 475.08
348.82, 225.19, 600.05
350.47, 222.67, 725.01
343.46, 352.63, 477.65
345.11, 350.11, 602.62
346.76, 347.59, 727.58
475.81, 106.54, 470.94
477.46, 104.02, 595.90
479.11, 101.49, 720.87
472.10, 231.46, 473.51
473.75, 228.93, 598.47
475.40, 226.41, 723.44
468.39, 356.37, 476.08
470.04, 353.85, 601.04
471.69, 351.33, 726.01
223.89, 100.72, 598.68
222.50, 101.18, 723.67
221.11, 101.63, 848.66
222.45, 225.71, 598.21
221.05, 226.17, 723.20
219.66, 226.62, 848.19
221.00, 350.70, 597.73
219.61, 351.16, 722.73
218.22, 351.61, 847.72
348.88, 102.17, 600.06
347.48, 102.63, 725.06
346.09, 103.08, 850.05
347.43, 227.16, 599.59
346.04, 227.62, 724.58
344.65, 228.07, 849.58
345.98, 352.15, 599.12
344.59, 352.61, 724.11
343.20, 353.06, 849.10
473.86, 103.62, 601.45
472.47, 104.08, 726.44
471.08, 104.53, 851.43
472.41, 228.61, 600.98
471.02, 229.07, 725.97
469.63, 229.53, 850.96
470.97, 353.61, 600.51
469.58, 354.06, 725.50
468.18, 354.52, 850.49
225.91, 225.62, 100.63
225.71, 228.40, 225.60
225.50, 231.18, 350.56
226.14, 350.59, 97.85
225.93, 353.37, 222.82
225.72, 356.14, 347.79
226.36, 475.56, 95.07
226.15, 478.34, 220.04
225.94, 481.11, 345.01
350.91, 225.41, 100.84
350.71, 228.18, 225.81
350.50, 230.96, 350.78
351.14, 350.38, 98.06
350.93, 353.15, 223.03
350.72, 355.93, 348.00
351.36, 475.34, 95.29
351.15, 478.12, 220.26
350.94, 480.90, 345.23
475.91, 225.19, 101.05
475.71, 227.97, 226.02
475.50, 230.74, 350.99
476.13, 350.16, 98.27
475.93, 352.94, 223.24
475.72, 355.71, 348.21
476.36, 475.13, 95.50
476.15, 477.90, 220.47
475.94, 480.68, 345.44
225.88, 223.72, 226.58
229.28, 223.71, 351.53
232.69, 223.70, 476.48
229.05, 348.68, 226.50
232.46, 348.67, 351.45
235.87, 348.66, 476.41
232.23, 473.64, 226.42
235.63, 473.63, 351.38
239.04, 473.62, 476.33
350.79, 220.55, 223.17
354.20, 220.54, 348.12
357.60, 220.53, 473.08
353.96, 345.51, 223.09
357.37, 345.50, 348.05
360.78, 345.49, 473.00
357.14, 470.47, 223.02
360.55, 470.46, 347.97
363.95, 470.45, 472.92
475.70, 217.37, 219.76
479.11, 217.36, 344.72
482.52, 217.35, 469.67
478.88, 342.33, 219.69
482.29, 342.32, 344.64
485.69, 342.31, 469.59
482.05, 467.29, 219.61
485.46, 467.28, 344.56
488.87, 467.27, 469.52
226.93, 223.73, 351.76
223.91, 224.18, 476.72
220.88, 224.64, 601.68
230.13, 348.69, 351.38
227.10, 349.14, 476.34
224.07, 349.60, 601.30
233.32, 473.64, 351.00
230.29, 474.10, 475.96
227.27, 474.56, 600.92
351.86, 220.54, 354.80
348.83, 221.00, 479.76
345.80, 221.46, 604.72
355.05, 345.50, 354.42
352.02, 345.96, 479.38
349.00, 346.42, 604.34
358.24, 470.46, 354.04
355.22, 470.92, 479.00
352.19, 471.38, 603.96
476.78, 217.36, 357.84
473.75, 217.82, 482.80
470.72, 218.28, 607.76
479.97, 342.32, 357.46
476.95, 342.78, 482.42
473.92, 343.23, 607.38
483.17, 467.28, 357.08
480.14, 467.74, 482.04
477.11, 468.19, 607.00
226.48, 224.85, 474.69
225.27, 228.34, 599.64
224.06, 231.82, 724.59
228.23, 349.79, 471.23
227.02, 353.28, 596.18
225.81, 356.76, 721.12
229.98, 474.73, 467.76
228.77, 478.22, 592.71
227.56, 481.70, 717.66
351.46, 223.14, 475.95
350.25, 226.62, 600.90
349.04, 230.10, 725.84
353.21, 348.08, 472.49
352.00, 351.56, 597.43
350.79, 355.04, 722.38
354.96, 473.02, 469.02
353.75, 476.50, 593.97
352.54, 479.98, 718.91
476.44, 221.42, 477.21
475.23, 224.90, 602.15
474.02, 228.39, 727.10
478.19, 346.36, 473.74
476.98, 349.84, 598.69
475.78, 353.33, 723.63
479.94, 471.30, 470.28
478.73, 474.78, 595.22
477.53, 478.27, 720.17
225.44, 226.75, 600.89
228.80, 225.37, 725.84
232.16, 223.99, 850.79
227.51, 351.73, 602.22
230.87, 350.35, 727.17
234.23, 348.97, 852.11
229.58, 476.70, 603.54
232.94, 475.32, 728.49
236.30, 473.94, 853.44
350.37, 224.71, 597.51
353.73, 223.33, 722.46
357.09, 221.95, 847.41
352.45, 349.69, 598.84
355.81, 348.31, 723.78
359.16, 346.93, 848.73
354.52, 474.67, 600.16
357.88, 473.29, 725.11
361.24, 471.91, 850.06
475.31, 222.68, 594.13
478.67, 221.30, 719.08
482.03, 219.92, 844.02
477.38, 347.65, 595.45
480.74, 346.27, 720.40
484.10, 344.89, 845.35
479.45, 472.63, 596.78
482.81, 471.25, 721.73
486.17, 469.87, 846.67
226.18, 351.34, 98.40
226.14, 352.65, 223.39
226.10, 353.96, 348.39
225.85, 476.33, 97.09
225.81, 477.65, 222.08
225.76, 478.96, 347.07
225.52, 601.33, 95.78
225.48, 602.64, 220.77
225.43, 603.95, 345.76
351.18, 351.67, 98.44
351.14, 352.99, 223.43
351.09, 354.30, 348.43
350.85, 476.67, 97.13
350.81, 477.98, 222.12
350.76, 479.29, 347.11
350.52, 601.66, 95.82
350.47, 602.97, 220.81
350.43, 604.28, 345.80
476.18, 352.01, 98.48
476.14, 353.32, 223.47
476.09, 354.63, 348.47
475.85, 477.00, 97.17
475.81, 478.31, 222.16
475.76, 479.62, 347.16
475.52, 601.99, 95.86
475.47, 603.30, 220.85
475.43, 604.61, 345.84
225.86, 351.81, 224.37
225.35, 350.82, 349.37
224.85, 349.82, 474.36
223.45, 476.79, 225.36
222.94, 475.79, 350.36
222.43, 474.79, 475.35
221.04, 601.76, 226.35
220.53, 600.76, 351.34
220.02, 599.77, 476.34
350.83, 354.22, 224.90
350.33, 353.22, 349.89
349.82, 352.23, 474.89
348.42, 479.19, 225.89
347.92, 478.20, 350.88
347.41, 477.20, 475.88
346.01, 604.17, 226.87
345.51, 603.17, 351.87
345.00, 602.17, 476.86
475.81, 356.63, 225.42
475.30, 355.63, 350.42
474.80, 354.63, 475.41
473.40, 481.60, 226.41
472.89, 480.60, 351.41
472.39, 479.61, 476.40
470.99, 606.57, 227.40
470.48, 605.58, 352.39
469.98, 604.58, 477.39
224.07, 349.94, 349.10
222.37, 350.96, 474.08
220.66, 351.99, 599.07
223.18, 474.93, 348.06
221.47, 475.95, 473.05
219.77, 476.98, 598.03
222.28, 599.92, 347.02
220.58, 600.95, 472.01
218.87, 601.97, 596.99
349.05, 350.84, 350.80
347.35, 351.87, 475.78
345.65, 352.90, 600.76
348.16, 475.84, 349.76
346.46, 476.86, 474.74
344.75, 477.89, 599.73
347.27, 600.83, 348.72
345.56, 601.85, 473.70
343.86, 602.88, 598.69
474.04, 351.75, 352.49
472.34, 352.78, 477.48
470.63, 353.80, 602.46
473.15, 476.74, 351.45
471.44, 477.77, 476.44
469.74, 478.80, 601.42
472.25, 601.74, 350.42
470.55, 602.76, 475.40
468.84, 603.79, 600.38
224.94, 350.98, 475.71
223.30, 351.31, 600.70
221.65, 351.65, 725.69
226.24, 475.97, 475.39
224.60, 476.31, 600.38
222.95, 476.64, 725.37
227.54, 600.97, 475.08
225.90, 601.30, 600.06
224.25, 601.63, 725.05
349.93, 349.68, 477.36
348.28, 350.02, 602.35
346.63, 350.35, 727.34
351.23, 474.68, 477.04
349.58, 475.01, 602.03
347.94, 475.34, 727.02
352.53, 599.67, 476.72
350.88, 600.00, 601.71
349.24, 600.34, 726.70
474.91, 348.39, 479.01
473.26, 348.72, 604.00
471.62, 349.05, 728.98
476.21, 473.38, 478.69
474.56, 473.71, 603.68
472.92, 474.05, 728.67
477.51, 598.37, 478.37
475.86, 598.71, 603.36
474.22, 599.04, 728.35
226.24, 350.82, 599.05
224.81, 350.34, 724.04
223.38, 349.87, 849.03
223.09, 475.77, 599.48
221.66, 475.30, 724.47
220.23, 474.83, 849.46
219.94, 600.73, 599.92
218.51, 600.26, 724.91
217.08, 599.79, 849.90
351.19, 353.96, 600.49
349.76, 353.49, 725.48
348.34, 353.02, 850.47
348.04, 478.92, 600.92
346.61, 478.45, 725.91
345.19, 477.98, 850.90
344.89, 603.88, 601.36
343.46, 603.41, 726.35
342.04, 602.94, 851.34
476.14, 357.10, 601.92
474.72, 356.63, 726.92
473.29, 356.16, 851.91
472.99, 482.06, 602.36
471.57, 481.59, 727.35
470.14, 481.12, 852.34
469.84, 607.02, 602.80
468.42, 606.55, 727.79
466.99, 606.08, 852.78
225.83, 474.32, 100.42
228.82, 477.72, 225.34
231.81, 481.12, 350.26
229.34, 599.22, 96.94
232.33, 602.62, 221.86
235.32, 606.02, 346.78
232.85, 724.13, 93.46
235.84, 727.52, 218.38
238.83, 730.92, 343.30
350.74, 470.73, 97.53
353.73, 474.13, 222.45
356.72, 477.52, 347.37
354.26, 595.63, 94.05
357.24, 599.03, 218.97
360.23, 602.42, 343.89
357.77, 720.53, 90.57
360.76, 723.93, 215.49
363.75, 727.33, 340.41
475.66, 467.13, 94.64
478.65, 470.53, 219.56
481.64, 473.93, 344.48
479.17, 592.04, 91.16
482.16, 595.43, 216.08
485.15, 598.83, 341.00
482.68, 716.94, 87.68
485.67, 720.34, 212.60
488.66, 723.73, 337.52
224.48, 476.25, 224.40
227.55, 478.46, 349.35
230.62, 480.68, 474.29
225.04, 601.22, 222.17
228.11, 603.44, 347.12
231.18, 605.66, 472.06
225.59, 726.20, 219.94
228.66, 728.42, 344.89
231.73, 730.64, 469.83
349.45, 475.64, 221.34
352.52, 477.86, 346.29
355.58, 480.07, 471.23
350.00, 600.62, 219.11
353.07, 602.83, 344.06
356.14, 605.05, 469.00
350.55, 725.60, 216.88
353.62, 727.81, 341.83
356.69, 730.03, 466.77
474.41, 475.03, 218.29
477.48, 477.25, 343.23
480.55, 479.46, 468.17
474.96, 600.01, 216.06
478.03, 602.23, 341.00
481.10, 604.44, 465.94
475.51, 724.99, 213.82
478.58, 727.21, 338.77
481.65, 729.42, 463.71
225.46, 474.49, 351.78
228.68, 472.93, 476.73
231.91, 471.38, 601.68
225.93, 599.48, 353.32
229.16, 597.92, 478.27
232.38, 596.37, 603.22
226.40, 724.47, 354.87
229.63, 722.91, 479.82
232.86, 721.35, 604.77
350.42, 474.05, 348.55
353.64, 472.50, 473.50
356.87, 470.94, 598.45
350.89, 599.04, 350.09
354.12, 597.49, 475.04
357.34, 595.93, 599.99
351.36, 724.03, 351.64
354.59, 722.48, 476.59
357.82, 720.92, 601.53
475.37, 473.62, 345.32
478.60, 472.06, 470.26
481.83, 470.51, 595.21
475.85, 598.61, 346.86
479.07, 597.05, 471.81
482.30, 595.50, 596.76
476.32, 723.60, 348.40
479.55, 722.04, 473.35
482.77, 720.49, 598.30
223.79, 475.05, 475.37
220.10, 473.43, 600.31
216.41, 471.81, 725.24
225.88, 600.02, 477.05
222.18, 598.40, 601.99
218.49, 596.78, 726.92
227.96, 724.99, 478.73
224.27, 723.37, 603.67
220.58, 721.75, 728.60
348.72, 472.91, 479.03
345.02, 471.29, 603.97
341.33, 469.67, 728.90
350.80, 597.88, 480.71
347.11, 596.26, 605.65
343.42, 594.64, 730.58
352.89, 722.85, 482.39
349.20, 721.23, 607.33
345.51, 719.62, 732.26
473.64, 470.77, 482.70
469.95, 469.16, 607.63
466.26, 467.54, 732.57
475.73, 595.74, 484.38
472.04, 594.13, 609.31
468.35, 592.51, 734.25
477.82, 720.72, 486.06
474.13, 719.10, 610.99
470.44, 717.48, 735.93
224.95, 475.52, 599.21
228.08, 478.93, 724.12
231.21, 482.34, 849.04
223.60, 600.47, 595.83
226.74, 603.88, 720.74
229.87, 607.29, 845.66
222.26, 725.42, 592.45
225.39, 728.83, 717.37
228.52, 732.24, 842.28
349.90, 476.79, 596.04
353.04, 480.20, 720.95
356.17, 483.60, 845.87
348.56, 601.73, 592.66
351.69, 605.14, 717.58
354.82, 608.55, 842.49
347.21, 726.68, 589.29
350.34, 730.09, 714.20
353.47, 733.50, 839.12
474.86, 478.05, 592.87
477.99, 481.46, 717.79
481.12, 484.87, 842.70
473.51, 602.99, 589.50
476.64, 606.40, 714.41
479.77, 609.81, 839.32
472.16, 727.94, 586.12
475.30, 731.35, 711.03
478.43, 734.76, 835.95
224.38, 601.06, 101.42
223.14, 600.64, 226.41
221.91, 600.22, 351.40
222.65, 726.05, 101.82
221.41, 725.63, 226.81
220.18, 725.21, 351.81
220.92, 851.04, 102.23
219.69, 850.62, 227.22
218.45, 850.19, 352.21
349.36, 602.79, 102.66
348.12, 602.36, 227.65
346.89, 601.94, 352.64
347.63, 727.77, 103.06
346.40, 727.35, 228.06
345.16, 726.93, 353.05
345.90, 852.76, 103.47
344.67, 852.34, 228.46
343.43, 851.92, 353.46
474.34, 604.51, 103.90
473.11, 604.09, 228.89
471.87, 603.67, 353.89
472.61, 729.50, 104.30
471.38, 729.08, 229.30
470.14, 728.65, 354.29
470.89, 854.49, 104.71
469.65, 854.06, 229.70
468.41, 853.64, 354.70
224.05, 598.81, 226.02
226.29, 600.57, 350.99
228.53, 602.32, 475.96
221.00, 723.77, 224.32
223.25, 725.52, 349.29
225.49, 727.28, 474.26
217.96, 848.72, 222.62
220.20, 850.47, 347.59
222.45, 852.23, 472.56
348.99, 601.82, 223.74
351.23, 603.58, 348.71
353.47, 605.33, 473.68
345.95, 726.78, 222.04
348.19, 728.53, 347.01
350.43, 730.29, 471.97
342.91, 851.73, 220.34
345.15, 853.48, 345.31
347.39, 855.24, 470.27
473.93, 604.83, 221.46
476.17, 606.59, 346.42
478.41, 608.35, 471.39
470.89, 729.79, 219.76
473.13, 731.54, 344.72
475.37, 733.30, 469.69
467.85, 854.74, 218.06
470.09, 856.49, 343.02
472.33, 858.25, 467.99
225.88, 600.73, 348.36
228.88, 600.06, 473.33
231.88, 599.40, 598.29
223.99, 725.71, 349.08
226.99, 725.05, 474.04
229.99, 724.38, 599.00
222.10, 850.70, 349.79
225.10, 850.03, 474.75
228.10, 849.36, 599.71
350.83, 602.64, 345.38
353.83, 601.97, 470.34
356.83, 601.30, 595.30
348.94, 727.62, 346.09
351.94, 726.95, 471.05
354.94, 726.29, 596.01
347.05, 852.60, 346.80
350.05, 851.94, 471.76
353.05, 851.27, 596.73
475.78, 604.54, 342.39
478.78, 603.88, 467.35
481.78, 603.21, 592.32
473.89, 729.53, 343.10
476.89, 728.86, 468.07
479.89, 728.19, 593.03
472.00, 854.51, 343.82
475.00, 853.84, 468.78
477.99, 853.18, 593.74
224.77, 600.24, 474.01
223.52, 603.13, 598.97
222.27, 606.02, 723.93
227.45, 725.18, 471.14
226.20, 728.07, 596.10
224.95, 730.96, 721.06
230.14, 850.12, 468.28
228.88, 853.01, 593.24
227.63, 855.90, 718.20
349.74, 597.59, 475.32
348.48, 600.48, 600.28
347.23, 603.37, 725.24
352.42, 722.53, 472.45
351.17, 725.42, 597.41
349.91, 728.31, 722.37
355.10, 847.46, 469.59
353.85, 850.36, 594.55
352.60, 853.25, 719.51
474.70, 594.93, 476.63
473.45, 597.83, 601.59
472.20, 600.72, 726.55
477.38, 719.87, 473.77
476.13, 722.77, 598.73
474.88, 725.66, 723.69
480.07, 844.81, 470.90
478.81, 847.70, 595.86
477.56, 850.60, 720.82
224.23, 598.68, 599.48
223.51, 598.23, 724.47
222.79, 597.77, 849.47
222.55, 723.67, 599.92
221.82, 723.21, 724.92
221.10, 722.76, 849.92
220.86, 848.66, 600.37
220.14, 848.20, 725.37
219.41, 847.75, 850.37
349.22, 600.37, 600.21
348.50, 599.91, 725.20
347.78, 599.45, 850.20
347.53, 725.36, 600.65
346.81, 724.90, 725.65
346.09, 724.44, 850.65
345.85, 850.34, 601.10
345.12, 849.89, 726.10
344.40, 849.43, 851.09
474.21, 602.05, 600.93
473.48, 601.60, 725.93
472.76, 601.14, 850.93
472.52, 727.04, 601.38
471.80, 726.58, 726.38
471.07, 726.13, 851.38
470.83, 852.03, 601.83
470.11, 851.57, 726.83
469.39, 851.12, 851.82
348.67, 98.11, 101.47
346.29, 98.94, 226.45
343.92, 99.78, 351.42
348.90, 223.10, 100.64
346.52, 223.94, 225.62
344.15, 224.77, 350.59
349.13, 348.10, 99.81
346.75, 348.94, 224.79
344.37, 349.77, 349.76
473.65, 97.89, 103.85
471.27, 98.73, 228.83
468.89, 99.56, 353.80
473.88, 222.89, 103.02
471.50, 223.73, 228.00
469.12, 224.56, 352.97
474.11, 347.89, 102.19
471.73, 348.72, 227.17
469.35, 349.56, 352.14
598.63, 97.68, 106.23
596.25, 98.51, 231.21
593.87, 99.35, 356.18
598.86, 222.68, 105.40
596.48, 223.51, 230.38
594.10, 224.35, 355.35
599.09, 347.67, 104.57
596.71, 348.51, 229.55
594.33, 349.34, 354.52
349.24, 98.13, 223.49
351.56, 94.64, 348.42
353.88, 91.15, 473.34
351.37, 223.06, 226.94
353.69, 219.57, 351.87
356.01, 216.08, 476.79
353.49, 348.00, 230.39
355.81, 344.51, 355.32
358.13, 341.02, 480.24
474.20, 96.07, 221.11
476.52, 92.58, 346.04
478.84, 89.09, 470.97
476.33, 221.00, 224.56
478.65, 217.51, 349.49
480.97, 214.02, 474.42
478.45, 345.94, 228.01
480.77, 342.45, 352.94
483.09, 338.96, 477.87
599.16, 94.01, 218.73
601.48, 90.52, 343.66
603.80, 87.03, 468.59
601.29, 218.94, 222.18
603.61, 215.45, 347.11
605.93, 211.96, 472.04
603.41, 343.87, 225.63
605.73, 340.38, 350.56
608.05, 336.90, 475.49
348.37, 99.23, 351.17
349.70, 96.95, 476.15
351.03, 94.67, 601.12
347.26, 224.20, 353.46
348.60, 221.92, 478.44
349.93, 219.64, 603.41
346.16, 349.17, 355.75
347.49, 346.90, 480.73
348.83, 344.62, 605.70
473.36, 100.35, 349.86
474.69, 98.08, 474.83
476.02, 95.80, 599.81
472.25, 225.33, 352.15
473.59, 223.05, 477.12
474.92, 220.77, 602.10
471.15, 350.30, 354.44
472.48, 348.02, 479.41
473.81, 345.75, 604.39
598.35, 101.48, 348.55
599.68, 99.20, 473.52
601.01, 96.93, 598.49
597.24, 226.46, 350.84
598.57, 224.18, 475.81
599.91, 221.90, 600.78
596.14, 351.43, 353.13
597.47, 349.15, 478.10
598.80, 346.88, 603.07
348.26, 99.73, 475.87
351.25, 103.45, 600.78
354.25, 107.17, 725.69
348.83, 224.67, 472.14
351.82, 228.39, 597.05
354.81, 232.12, 721.95
349.39, 349.61, 468.40
352.38, 353.34, 593.31
355.38, 357.06, 718.22
473.22, 99.07, 472.90
476.22, 102.80, 597.81
479.21, 106.52, 722.72
473.79, 224.02, 469.16
476.78, 227.74, 594.07
479.77, 231.46, 718.98
474.35, 348.96, 465.42
477.35, 352.68, 590.33
480.34, 356.41, 715.24
598.19, 98.42, 469.93
601.18, 102.14, 594.83
604.17, 105.87, 719.74
598.75, 223.36, 466.19
601.74, 227.09, 591.10
604.74, 230.81, 716.00
599.32, 348.31, 462.45
602.31, 352.03, 587.36
605.30, 355.75, 712.27
351.11, 99.12, 599.49
348.58, 96.60, 724.44
346.06, 94.07, 849.39
352.07, 224.09, 602.03
349.54, 221.57, 726.98
347.02, 219.04, 851.93
353.02, 349.06, 604.58
350.50, 346.54, 729.52
347.97, 344.01, 854.47
476.08, 98.11, 601.99
473.56, 95.59, 726.94
471.03, 93.07, 851.89
477.04, 223.08, 604.54
474.51, 220.56, 729.49
471.99, 218.04, 854.44
477.99, 348.05, 607.08
475.47, 345.53, 732.03
472.94, 343.01, 856.98
601.05, 97.11, 604.50
598.53, 94.58, 729.45
596.00, 92.06, 854.40
602.01, 222.08, 607.04
599.48, 219.55, 731.99
596.96, 217.03, 856.94
602.96, 347.05, 609.59
600.44, 344.52, 734.54
597.91, 342.00, 859.48
348.83, 226.88, 101.76
352.30, 225.21, 226.70
355.78, 223.54, 351.64
352.39, 351.82, 103.33
355.87, 350.15, 228.27
359.35, 348.48, 353.21
355.96, 476.76, 104.91
359.44, 475.09, 229.85
362.91, 473.42, 354.79
473.73, 223.36, 98.24
477.20, 221.69, 223.18
480.68, 220.02, 348.12
477.29, 348.30, 99.81
480.77, 346.63, 224.75
484.25, 344.96, 349.69
480.86, 473.24, 101.38
484.34, 471.57, 226.32
487.81, 469.90, 351.26
598.63, 219.84, 94.71
602.10, 218.17, 219.65
605.58, 216.50, 344.60
602.19, 344.78, 96.29
605.67, 343.11, 221.23
609.15, 341.44, 346.17
605.76, 469.72, 97.86
609.24, 468.05, 222.80
612.72, 466.37, 347.74
349.84, 224.22, 223.69
350.14, 226.82, 348.66
350.43, 229.43, 473.64
353.14, 349.15, 221.08
353.43, 351.75, 346.05
353.73, 354.36, 471.02
356.43, 474.08, 218.47
356.73, 476.68, 343.44
357.03, 479.29, 468.41
474.80, 220.92, 223.46
475.09, 223.52, 348.43
475.39, 226.13, 473.41
478.09, 345.85, 220.85
478.39, 348.45, 345.82
478.69, 351.06, 470.80
481.39, 470.78, 218.24
481.69, 473.38, 343.21
481.98, 475.99, 468.18
599.75, 217.62, 223.23
600.05, 220.22, 348.21
600.35, 222.83, 473.18
603.05, 342.54, 220.62
603.35, 345.15, 345.59
603.64, 347.76, 470.57
606.34, 467.47, 218.01
606.64, 470.08, 342.98
606.94, 472.68, 467.95
351.64, 223.55, 350.19
351.22, 224.90, 475.18
350.81, 226.25, 600.18
352.34, 348.54, 348.84
351.92, 349.89, 473.84
351.51, 351.24, 598.83
353.04, 473.53, 347.50
352.62, 474.88, 472.49
352.21, 476.23, 597.48
476.63, 222.85, 350.61
476.22, 224.20, 475.61
475.80, 225.55, 600.60
477.33, 347.84, 349.27
476.92, 349.19, 474.26
476.51, 350.54, 599.25
478.04, 472.83, 347.92
477.62, 474.18, 472.91
477.21, 475.53, 597.90
601.63, 222.15, 351.04
601.22, 223.50, 476.03
600.80, 224.85, 601.02
602.33, 347.14, 349.69
601.92, 348.49, 474.68
601.50, 349.84, 599.67
603.03, 472.13, 348.34
602.62, 473.48, 473.33
602.20, 474.83, 598.32
350.64, 225.46, 473.77
348.68, 226.76, 598.75
346.73, 228.06, 723.72
347.48, 350.41, 472.42
345.53, 351.71, 597.39
343.58, 353.01, 722.37
344.33, 475.36, 471.07
342.38, 476.67, 596.04
340.43, 477.97, 721.02
475.58, 228.63, 475.69
473.63, 229.93, 600.67
471.68, 231.23, 725.64
472.43, 353.58, 474.34
470.48, 354.88, 599.31
468.52, 356.19, 724.29
469.28, 478.54, 472.99
467.33, 479.84, 597.96
465.37, 481.14, 722.94
600.53, 231.80, 477.61
598.57, 233.10, 602.59
596.62, 234.41, 727.56
597.37, 356.75, 476.26
595.42, 358.06, 601.23
593.47, 359.36, 726.21
594.22, 481.71, 474.91
592.27, 483.01, 599.88
590.32, 484.31, 724.86
349.91, 223.63, 600.18
348.19, 220.61, 725.13
346.47, 217.60, 850.09
346.66, 348.56, 603.16
344.93, 345.54, 728.11
343.21, 342.52, 853.06
343.40, 473.48, 606.13
341.68, 470.46, 731.08
339.95, 467.44, 856.03
474.86, 226.85, 601.98
473.14, 223.83, 726.93
471.41, 220.81, 851.89
471.60, 351.77, 604.96
469.88, 348.75, 729.91
468.16, 345.73, 854.86
468.34, 476.69, 607.93
466.62, 473.67, 732.88
464.90, 470.65, 857.83
599.80, 230.06, 603.78
598.08, 227.04, 728.73
596.36, 224.02, 853.69
596.55, 354.99, 606.76
594.82, 351.97, 731.71
593.10, 348.95, 856.66
593.29, 479.91, 609.73
591.57, 476.89, 734.68
589.84, 473.87, 859.63
349.25, 348.89, 98.68
348.80, 350.93, 223.67
348.35, 352.96, 348.65
352.15, 473.84, 96.66
351.70, 475.88, 221.64
351.25, 477.91, 346.62
355.06, 598.79, 94.63
354.61, 600.83, 219.61
354.15, 602.86, 344.60
474.22, 345.99, 99.18
473.76, 348.03, 224.16
473.31, 350.07, 349.15
477.12, 470.94, 97.16
476.67, 472.98, 222.14
476.22, 475.02, 347.12
480.02, 595.89, 95.13
479.57, 597.93, 220.11
479.12, 599.97, 345.09
599.18, 343.10, 99.68
598.73, 345.14, 224.66
598.28, 347.17, 349.65
602.09, 468.05, 97.65
601.63, 470.09, 222.64
601.18, 472.12, 347.62
604.99, 593.00, 95.63
604.54, 595.04, 220.61
604.08, 597.07, 345.59
351.85, 349.67, 226.23
349.87, 348.36, 351.21
347.89, 347.05, 476.19
349.48, 474.64, 227.51
347.50, 473.33, 352.48
345.52, 472.02, 477.46
347.10, 599.62, 228.78
345.12, 598.30, 353.76
343.14, 596.99, 478.74
476.81, 352.03, 228.24
474.83, 350.72, 353.22
472.85, 349.41, 478.19
474.44, 477.00, 229.51
472.46, 475.69, 354.49
470.48, 474.38, 479.47
472.06, 601.97, 230.78
470.08, 600.66, 355.76
468.10, 599.35, 480.74
601.78, 354.39, 230.24
599.80, 353.07, 355.22
597.82, 351.76, 480.20
599.40, 479.36, 231.52
597.42, 478.05, 356.49
595.44, 476.73, 481.47
597.02, 604.33, 232.79
595.04, 603.02, 357.77
593.06, 601.71, 482.74
351.08, 350.63, 350.48
352.74, 349.37, 475.46
354.40, 348.11, 600.44
347.65, 475.57, 351.78
349.31, 474.32, 476.76
350.98, 473.06, 601.74
344.23, 600.52, 353.08
345.89, 599.26, 478.06
347.55, 598.01, 603.05
476.02, 354.07, 348.85
477.68, 352.81, 473.83
479.34, 351.55, 598.82
472.60, 479.01, 350.15
474.26, 477.76, 475.14
475.92, 476.50, 600.12
469.17, 603.96, 351.45
470.83, 602.70, 476.44
472.49, 601.45, 601.42
600.96, 357.51, 347.23
602.62, 356.25, 472.21
604.28, 354.99, 597.19
597.54, 482.45, 348.53
599.20, 481.20, 473.51
600.86, 479.94, 598.49
594.11, 607.40, 349.83
595.78, 606.14, 474.81
597.44, 604.89, 599.79
350.34, 348.06, 473.47
353.29, 350.73, 598.41
356.24, 353.40, 723.34
348.07, 473.01, 470.85
351.03, 475.68, 595.79
353.98, 478.36, 720.72
345.81, 597.96, 468.23
348.76, 600.64, 593.17
351.71, 603.31, 718.10
475.28, 350.26, 470.47
478.24, 352.93, 595.41
481.19, 355.61, 720.34
473.02, 475.21, 467.85
475.97, 477.89, 592.79
478.92, 480.56, 717.72
470.75, 600.17, 465.23
473.71, 602.84, 590.17
476.66, 605.51, 715.11
600.23, 352.46, 467.47
603.18, 355.14, 592.41
606.13, 357.81, 717.34
597.96, 477.42, 464.85
600.92, 480.09, 589.79
603.87, 482.76, 714.73
595.70, 602.37, 462.23
598.65, 605.04, 587.17
601.60, 607.71, 712.11
351.69, 349.44, 601.67
348.01, 353.05, 726.57
344.34, 356.65, 851.46
354.09, 474.37, 598.13
350.41, 477.97, 723.03
346.74, 481.58, 847.92
356.48, 599.29, 594.60
352.81, 602.90, 719.49
349.14, 606.51, 844.39
476.61, 347.15, 605.41
472.94, 350.75, 730.31
469.26, 354.36, 855.20
479.01, 472.07, 601.87
475.34, 475.68, 726.77
471.66, 479.29, 851.66
481.41, 597.00, 598.34
477.73, 600.61, 723.23
474.06, 604.21, 848.13
601.53, 344.85, 609.15
597.86, 348.46, 734.05
594.19, 352.07, 858.94
603.93, 469.78, 605.62
600.26, 473.39, 730.51
596.59, 476.99, 855.40
606.33, 594.71, 602.08
602.66, 598.31, 726.97
598.98, 601.92, 851.87
350.21, 474.82, 100.30
352.12, 476.10, 225.28
354.04, 477.38, 350.26
348.95, 599.81, 99.04
350.87, 601.09, 224.02
352.78, 602.37, 349.00
347.69, 724.80, 97.78
349.61, 726.08, 222.76
351.52, 727.36, 347.74
475.19, 476.06, 98.37
477.10, 477.34, 223.35
479.02, 478.62, 348.33
473.93, 601.05, 97.11
475.85, 602.33, 222.09
477.76, 603.61, 347.07
472.67, 726.03, 95.85
474.59, 727.31, 220.83
476.50, 728.59, 345.81
600.17, 477.30, 96.44
602.08, 478.58, 221.42
604.00, 479.86, 346.40
598.91, 602.28, 95.18
600.82, 603.56, 220.16
602.74, 604.84, 345.14
597.65, 727.27, 93.92
599.57, 728.55, 218.90
601.48, 729.83, 343.88
349.62, 473.48, 224.93
348.54, 471.47, 349.91
347.46, 469.47, 474.89
348.28, 598.46, 226.93
347.20, 596.45, 351.91
346.12, 594.45, 476.89
346.94, 723.43, 228.92
345.86, 721.43, 353.90
344.78, 719.42, 478.88
474.61, 474.80, 226.04
473.53, 472.80, 351.02
472.45, 470.79, 475.99
473.27, 599.78, 228.03
472.19, 597.77, 353.01
471.11, 595.77, 477.99
471.93, 724.76, 230.02
470.85, 722.75, 355.00
469.77, 720.75, 479.98
599.60, 476.12, 227.14
598.52, 474.12, 352.12
597.44, 472.12, 477.10
598.26, 601.10, 229.13
597.18, 599.10, 354.11
596.10, 597.09, 479.09
596.92, 726.08, 231.12
595.84, 724.07, 356.10
594.76, 722.07, 481.08
351.06, 473.40, 349.47
351.69, 476.96, 474.42
352.32, 480.52, 599.37
351.53, 598.34, 345.91
352.15, 601.91, 470.86
352.78, 605.47, 595.80
351.99, 723.29, 342.34
352.62, 726.86, 467.29
353.25, 730.42, 592.24
476.06, 472.91, 348.86
476.69, 476.48, 473.81
477.31, 480.04, 598.76
476.52, 597.86, 345.29
477.15, 601.42, 470.24
477.78, 604.99, 595.19
476.99, 722.81, 341.73
477.62, 726.37, 466.67
478.25, 729.94, 591.62
601.06, 472.43, 348.25
601.68, 475.99, 473.19
602.31, 479.56, 598.14
601.52, 597.38, 344.68
602.15, 600.94, 469.63
602.78, 604.50, 594.57
601.99, 722.32, 341.11
602.62, 725.89, 466.06
603.24, 729.45, 591.01
349.87, 475.41, 473.64
347.25, 478.55, 598.58
344.63, 481.70, 723.51
349.65, 600.37, 470.50
347.03, 603.51, 595.43
344.40, 606.66, 720.36
349.42, 725.33, 467.35
346.80, 728.47, 592.28
344.18, 731.62, 717.22
474.85, 475.70, 476.26
472.22, 478.85, 601.19
469.60, 481.99, 726.13
474.62, 600.66, 473.11
472.00, 603.81, 598.05
469.37, 606.95, 722.98
474.40, 725.62, 469.97
471.77, 728.77, 594.90
469.15, 731.91, 719.83
599.82, 476.00, 478.88
597.20, 479.14, 603.81
594.57, 482.28, 728.74
599.59, 600.96, 475.73
596.97, 604.10, 600.66
594.35, 607.24, 725.60
599.37, 725.92, 472.58
596.74, 729.06, 597.52
594.12, 732.20, 722.45
350.79, 475.86, 599.77
354.36, 477.04, 724.71
357.92, 478.21, 849.66
349.73, 600.85, 598.62
353.29, 602.03, 723.57
356.85, 603.20, 848.51
348.66, 725.84, 597.48
352.22, 727.02, 722.42
355.78, 728.19, 847.37
475.74, 476.90, 596.20
479.30, 478.07, 721.14
482.86, 479.25, 846.09
474.67, 601.89, 595.05
478.23, 603.06, 720.00
481.79, 604.24, 844.94
473.60, 726.88, 593.91
477.16, 728.05, 718.85
480.72, 729.23, 843.80
600.68, 477.93, 592.63
604.25, 479.11, 717.57
607.81, 480.28, 842.52
599.62, 602.92, 591.48
603.18, 604.10, 716.43
606.74, 605.27, 841.37
598.55, 727.91, 590.34
602.11, 729.09, 715.28
605.67, 730.26, 840.23
349.03, 600.45, 98.57
347.15, 599.07, 223.55
345.28, 597.69, 348.53
351.63, 725.41, 99.99
349.76, 724.03, 224.96
347.88, 722.66, 349.94
354.24, 850.38, 101.40
352.36, 849.00, 226.38
350.49, 847.62, 351.36
473.99, 597.82, 100.42
472.11, 596.44, 225.39
470.24, 595.07, 350.37
476.59, 722.79, 101.83
474.72, 721.41, 226.81
472.84, 720.03, 351.79
479.20, 847.75, 103.25
477.32, 846.37, 228.23
475.45, 845.00, 353.20
598.94, 595.19, 102.26
597.07, 593.82, 227.24
595.19, 592.44, 352.22
601.55, 720.16, 103.68
599.67, 718.78, 228.66
597.80, 717.41, 353.63
604.15, 845.12, 105.09
602.28, 843.75, 230.07
600.40, 842.37, 355.05
348.95, 601.59, 226.97
347.67, 598.10, 351.91
346.39, 594.61, 476.86
352.60, 726.48, 230.49
351.32, 722.99, 355.44
350.04, 719.51, 480.38
356.25, 851.38, 234.02
354.98, 847.89, 358.96
353.70, 844.40, 483.91
473.89, 597.90, 228.14
472.61, 594.41, 353.09
471.33, 590.92, 478.03
477.54, 722.79, 231.67
476.26, 719.31, 356.61
474.98, 715.82, 481.56
481.19, 847.69, 235.19
479.92, 844.20, 360.14
478.64, 840.71, 485.08
598.83, 594.21, 229.32
597.55, 590.72, 354.26
596.27, 587.23, 479.21
602.48, 719.11, 232.84
601.20, 715.62, 357.79
599.92, 712.13, 482.73
606.13, 844.00, 236.37
604.86, 840.52, 361.31
603.58, 837.03, 486.26
351.55, 600.81, 350.61
352.81, 600.67, 475.61
354.08, 600.54, 600.60
352.60, 725.81, 350.74
353.87, 725.67, 475.73
355.13, 725.53, 600.73
353.66, 850.80, 350.87
354.92, 850.66, 475.86
356.18, 850.53, 600.85
476.54, 599.76, 349.35
477.80, 599.62, 474.34
479.06, 599.48, 599.34
477.59, 724.75, 349.48
478.86, 724.62, 474.47
480.12, 724.48, 599.46
478.65, 849.75, 349.60
479.91, 849.61, 474.60
481.17, 849.48, 599.59
601.53, 598.71, 348.09
602.79, 598.57, 473.08
604.05, 598.43, 598.07
602.58, 723.70, 348.21
603.84, 723.56, 473.21
605.11, 723.43, 598.20
603.64, 848.70, 348.34
604.90, 848.56, 473.33
606.16, 848.42, 598.33
349.19, 599.82, 476.96
347.89, 602.87, 601.92
346.59, 605.93, 726.87
348.43, 724.78, 473.90
347.14, 727.83, 598.86
345.84, 730.89, 723.81
347.68, 849.74, 470.84
346.38, 852.79, 595.79
345.09, 855.85, 720.75
474.18, 600.60, 478.24
472.88, 603.66, 603.20
471.58, 606.71, 728.15
473.42, 725.56, 475.18
472.13, 728.62, 600.13
470.83, 731.67, 725.09
472.67, 850.52, 472.12
471.37, 853.58, 597.07
470.08, 856.63, 722.03
599.17, 601.39, 479.52
597.87, 604.44, 604.47
596.58, 607.49, 729.43
598.41, 726.35, 476.46
597.12, 729.40, 601.41
595.82, 732.45, 726.37
597.66, 851.31, 473.39
596.37, 854.36, 598.35
595.07, 857.41, 723.31
349.13, 599.28, 598.31
352.80, 600.67, 723.25
356.47, 602.06, 848.19
347.86, 724.27, 596.96
351.52, 725.66, 721.90
355.19, 727.05, 846.83
346.58, 849.25, 595.60
350.25, 850.64, 720.54
353.92, 852.04, 845.48
474.07, 600.51, 594.63
477.74, 601.91, 719.57
481.41, 603.30, 844.51
472.80, 725.50, 593.28
476.46, 726.89, 718.21
480.13, 728.28, 843.15
471.52, 850.49, 591.92
475.19, 851.88, 716.86
478.86, 853.27, 841.80
599.01, 601.75, 590.95
602.68, 603.14, 715.89
606.35, 604.53, 840.82
597.74, 726.73, 589.59
601.40, 728.12, 714.53
605.07, 729.52, 839.47
596.46, 851.72, 588.24
600.13, 853.11, 713.18
603.80, 854.50, 838.12
476.26, 98.01, 100.38
479.16, 98.19, 225.35
482.05, 98.37, 350.32
478.99, 222.98, 100.14
481.89, 223.16, 225.11
484.78, 223.34, 350.07
481.72, 347.95, 99.90
484.62, 348.13, 224.86
487.51, 348.31, 349.83
601.20, 95.27, 97.49
604.09, 95.45, 222.46
606.99, 95.63, 347.42
603.93, 220.24, 97.25
606.82, 220.42, 222.21
609.72, 220.60, 347.18
606.66, 345.21, 97.01
609.55, 345.39, 221.97
612.45, 345.57, 346.94
726.13, 92.54, 94.60
729.03, 92.72, 219.56
731.93, 92.89, 344.53
728.86, 217.51, 94.36
731.76, 217.69, 219.32
734.66, 217.86, 344.29
731.59, 342.48, 94.11
734.49, 342.66, 219.08
737.39, 342.83, 344.05
473.33, 98.81, 225.92
470.52, 95.85, 350.85
467.71, 92.89, 475.78
476.88, 223.73, 228.96
474.07, 220.76, 353.89
471.26, 217.80, 478.82
480.43, 348.64, 232.00
477.62, 345.68, 356.93
474.81, 342.72, 481.86
598.25, 95.20, 228.64
595.44, 92.23, 353.57
592.63, 89.27, 478.51
601.80, 220.11, 231.68
598.99, 217.15, 356.61
596.18, 214.19, 481.55
605.35, 345.02, 234.72
602.54, 342.06, 359.65
599.73, 339.10, 484.59
723.17, 91.58, 231.36
720.36, 88.62, 356.30
717.55, 85.66, 481.23
726.72, 216.49, 234.40
723.91, 213.53, 359.34
721.10, 210.57, 484.27
730.27, 341.40, 237.44
727.46, 338.44, 362.38
724.65, 335.48, 487.31
475.39, 99.47, 348.50
479.09, 98.10, 473.44
482.80, 96.73, 598.38
479.08, 224.41, 349.77
482.78, 223.04, 474.70
486.48, 221.67, 599.64
482.76, 349.35, 351.03
486.47, 347.98, 475.97
490.17, 346.60, 600.90
600.28, 95.82, 344.76
603.98, 94.45, 469.70
607.69, 93.08, 594.63
603.97, 220.76, 346.02
607.67, 219.39, 470.96
611.38, 218.02, 595.90
607.65, 345.70, 347.28
611.36, 344.33, 472.22
615.06, 342.96, 597.16
725.17, 92.18, 341.02
728.88, 90.80, 465.95
732.58, 89.43, 590.89
728.86, 217.12, 342.28
732.56, 215.74, 467.22
736.27, 214.37, 592.15
732.54, 342.05, 343.54
736.25, 340.68, 468.48
739.95, 339.31, 593.42
476.84, 98.45, 475.80
474.25, 96.22, 600.75
471.66, 93.99, 725.70
476.55, 223.43, 478.02
473.95, 221.20, 602.97
471.36, 218.97, 727.93
476.25, 348.41, 480.25
473.66, 346.18, 605.20
471.07, 343.95, 730.15
601.81, 98.70, 478.39
599.22, 96.47, 603.35
596.63, 94.24, 728.30
601.52, 223.68, 480.62
598.93, 221.45, 605.57
596.34, 219.22, 730.52
601.23, 348.66, 482.84
598.63, 346.43, 607.80
596.04, 344.20, 732.75
726.79, 98.94, 480.99
724.19, 96.71, 605.94
721.60, 94.48, 730.90
726.49, 223.92, 483.22
723.90, 221.69, 608.17
721.31, 219.46, 733.12
726.20, 348.90, 485.44
723.61, 346.67, 610.39
721.01, 344.44, 735.35
475.41, 101.56, 599.52
476.60, 104.70, 724.48
477.78, 107.85, 849.43
476.84, 226.51, 596.36
478.03, 229.66, 721.32
479.22, 232.80, 846.27
478.28, 351.46, 593.21
479.46, 354.61, 718.16
480.65, 357.75, 843.12
600.40, 100.10, 598.37
601.58, 103.24, 723.33
602.77, 106.39, 848.28
601.83, 225.05, 595.21
603.02, 228.19, 720.17
604.20, 231.34, 845.12
603.26, 350.00, 592.06
604.45, 353.15, 717.01
605.64, 356.29, 841.96
725.38, 98.63, 597.22
726.57, 101.78, 722.18
727.76, 104.92, 847.13
726.82, 223.59, 594.06
728.00, 226.73, 719.02
729.19, 229.88, 843.97
728.25, 348.54, 590.90
729.43, 351.68, 715.86
730.62, 354.83, 840.81
473.58, 226.77, 100.39
471.42, 228.14, 225.37
469.26, 229.51, 350.34
472.60, 351.76, 99.01
470.44, 353.13, 223.98
468.28, 354.50, 348.96
471.62, 476.75, 97.62
469.46, 478.12, 222.59
467.30, 479.49, 347.57
598.55, 227.77, 102.54
596.39, 229.14, 227.52
594.23, 230.51, 352.49
597.58, 352.76, 101.16
595.42, 354.13, 226.13
593.26, 355.50, 351.10
596.60, 477.75, 99.77
594.44, 479.12, 224.74
592.28, 480.49, 349.72
723.53, 228.77, 104.69
721.37, 230.14, 229.67
719.21, 231.51, 354.64
722.55, 353.76, 103.31
720.39, 355.13, 228.28
718.23, 356.50, 353.25
721.58, 478.75, 101.92
719.42, 480.12, 226.89
717.26, 481.49, 351.87
473.42, 225.65, 226.25
471.93, 227.47, 351.23
470.44, 229.29, 476.21
473.95, 350.64, 224.44
472.46, 352.45, 349.42
470.97, 354.27, 474.40
474.48, 475.62, 222.63
472.99, 477.44, 347.61
471.50, 479.26, 472.58
598.41, 225.14, 227.75
596.92, 226.96, 352.73
595.43, 228.78, 477.71
598.94, 350.13, 225.94
597.45, 351.95, 350.92
595.96, 353.77, 475.90
599.47, 475.12, 224.13
597.98, 476.93, 349.11
596.49, 478.75, 474.08
723.40, 224.64, 229.25
721.91, 226.45, 354.23
720.42, 228.27, 479.21
723.93, 349.62, 227.44
722.44, 351.44, 352.42
720.95, 353.26, 477.40
724.46, 474.61, 225.63
722.97, 476.43, 350.61
721.48, 478.24, 475.59
473.50, 225.85, 350.90
471.49, 226.69, 475.88
469.48, 227.53, 600.86
473.37, 350.84, 350.05
471.36, 351.69, 475.04
469.35, 352.53, 600.02
473.25, 475.84, 349.21
471.24, 476.68, 474.19
469.23, 477.52, 599.17
598.48, 225.98, 352.91
596.47, 226.83, 477.89
594.46, 227.67, 602.87
598.36, 350.98, 352.06
596.35, 351.82, 477.04
594.34, 352.66, 602.02
598.23, 475.98, 351.22
596.22, 476.82, 476.20
594.22, 477.66, 601.18
723.46, 226.12, 354.91
721.45, 226.96, 479.89
719.45, 227.80, 604.88
723.34, 351.12, 354.07
721.33, 351.96, 479.05
719.32, 352.80, 604.03
723.22, 476.11, 353.23
721.21, 476.96, 478.21
719.20, 477.80, 603.19
474.64, 223.19, 476.96
472.48, 225.85, 601.92
470.32, 228.50, 726.87
471.10, 348.11, 474.25
468.95, 350.77, 599.20
466.79, 353.42, 724.15
467.57, 473.03, 471.53
465.42, 475.69, 596.49
463.26, 478.34, 721.44
599.57, 226.77, 479.04
597.41, 229.42, 604.00
595.25, 232.08, 728.95
596.04, 351.69, 476.33
593.88, 354.34, 601.28
591.72, 357.00, 726.24
592.50, 476.61, 473.61
590.35, 479.27, 598.57
588.19, 481.92, 723.52
724.50, 230.35, 481.12
722.34, 233.00, 606.08
720.18, 235.66, 731.03
720.97, 355.27, 478.41
718.81, 357.92, 603.36
716.65, 360.58, 728.32
717.44, 480.19, 475.70
715.28, 482.84, 600.65
713.12, 485.50, 725.60
473.31, 225.65, 599.04
469.69, 222.25, 723.94
466.07, 218.85, 848.84
475.15, 350.59, 602.49
471.52, 347.19, 727.40
467.90, 343.79, 852.30
476.98, 475.52, 605.95
473.36, 472.12, 730.85
469.74, 468.73, 855.75
598.24, 223.71, 602.61
594.62, 220.31, 727.51
591.00, 216.91, 852.41
600.08, 348.65, 606.06
596.46, 345.25, 730.96
592.84, 341.85, 855.87
601.92, 473.59, 609.52
598.29, 470.19, 734.42
594.67, 466.79, 859.32
723.18, 221.78, 606.18
719.56, 218.38, 731.08
715.94, 214.98, 855.98
725.01, 346.71, 609.63
721.39, 343.32, 734.53
717.77, 339.92, 859.43
726.85, 471.65, 613.09
723.23, 468.25, 737.99
719.61, 464.86, 862.89
473.08, 349.77, 101.22
471.38, 348.38, 226.20
469.68, 347.00, 351.18
475.68, 474.73, 102.64
473.98, 473.35, 227.62
472.27, 471.96, 352.60
478.27, 599.70, 104.06
476.57, 598.31, 229.04
474.87, 596.93, 354.02
598.04, 347.15, 102.89
596.34, 345.77, 227.88
594.64, 344.38, 352.86
600.64, 472.12, 104.31
598.94, 470.73, 229.29
597.23, 469.35, 354.28
603.24, 597.08, 105.73
601.53, 595.70, 230.71
599.83, 594.31, 355.69
723.01, 344.54, 104.57
721.30, 343.15, 229.55
719.60, 341.77, 354.53
725.60, 469.50, 105.99
723.90, 468.12, 230.97
722.20, 466.73, 355.95
728.20, 594.47, 107.41
726.49, 593.08, 232.39
724.79, 591.70, 357.37
476.79, 348.82, 225.43
479.23, 348.07, 350.40
481.67, 347.33, 475.38
475.19, 473.81, 226.21
477.63, 473.06, 351.18
480.07, 472.31, 476.16
473.58, 598.80, 226.99
476.02, 598.05, 351.96
478.47, 597.30, 476.94
601.75, 350.44, 223.00
604.20, 349.69, 347.97
606.64, 348.94, 472.94
600.15, 475.43, 223.78
602.59, 474.68, 348.75
605.04, 473.93, 473.72
598.55, 600.42, 224.56
600.99, 599.67, 349.53
603.43, 598.92, 474.51
726.72, 352.06, 220.56
729.16, 351.31, 345.54
731.60, 350.56, 470.51
725.12, 477.05, 221.34
727.56, 476.30, 346.32
730.00, 475.55, 471.29
723.51, 602.04, 222.13
725.96, 601.29, 347.10
728.40, 600.54, 472.07
473.83, 348.48, 349.39
471.44, 344.76, 474.31
469.05, 341.04, 599.23
474.82, 473.42, 353.13
472.43, 469.70, 478.05
470.04, 465.98, 602.97
475.81, 598.36, 356.87
473.42, 594.64, 481.79
471.03, 590.92, 606.71
598.80, 347.42, 351.75
596.41, 343.70, 476.67
594.02, 339.98, 601.59
599.79, 472.36, 355.49
597.40, 468.64, 480.41
595.01, 464.92, 605.33
600.78, 597.30, 359.23
598.39, 593.58, 484.15
596.00, 589.86, 609.07
723.77, 346.36, 354.11
721.38, 342.64, 479.03
718.99, 338.92, 603.95
724.76, 471.30, 357.85
722.37, 467.58, 482.77
719.98, 463.86, 607.69
725.75, 596.24, 361.58
723.36, 592.52, 486.51
720.97, 588.80, 611.43
473.89, 349.51, 475.48
477.19, 347.34, 600.41
480.48, 345.17, 725.35
473.10, 474.49, 477.67
476.40, 472.32, 602.61
479.69, 470.14, 727.55
472.32, 599.47, 479.87
475.61, 597.30, 604.81
478.91, 595.12, 729.74
598.85, 350.36, 472.20
602.14, 348.19, 597.13
605.44, 346.01, 722.07
598.06, 475.34, 474.39
601.35, 473.16, 599.33
604.65, 470.99, 724.27
597.27, 600.32, 476.59
600.56, 598.14, 601.53
603.86, 595.97, 726.46
723.80, 351.21, 468.92
727.09, 349.03, 593.85
730.39, 346.86, 718.79
723.01, 476.18, 471.11
726.31, 474.01, 596.05
729.60, 471.84, 720.99
722.22, 601.16, 473.31
725.52, 598.99, 598.24
728.81, 596.81, 723.18
475.31, 349.74, 599.15
473.61, 352.45, 724.11
471.91, 355.17, 849.07
476.69, 474.70, 596.46
474.99, 477.42, 721.42
473.28, 480.13, 846.37
478.07, 599.67, 593.76
476.36, 602.38, 718.72
474.66, 605.09, 843.68
600.29, 348.40, 600.89
598.59, 351.12, 725.84
596.89, 353.83, 850.80
601.67, 473.36, 598.19
599.97, 476.08, 723.15
598.26, 478.79, 848.11
603.05, 598.33, 595.49
601.34, 601.04, 720.45
599.64, 603.76, 845.41
725.28, 347.06, 602.62
723.57, 349.78, 727.58
721.87, 352.49, 852.54
726.65, 472.03, 599.92
724.95, 474.74, 724.88
723.24, 477.45, 849.84
728.03, 596.99, 597.23
726.32, 599.70, 722.19
724.62, 602.42, 847.15
476.40, 476.30, 98.30
476.57, 479.64, 223.25
476.74, 482.98, 348.21
475.51, 601.25, 94.96
475.67, 604.59, 219.91
475.84, 607.93, 344.87
474.61, 726.20, 91.62
474.77, 729.54, 216.57
474.94, 732.88, 341.53
601.40, 477.19, 98.11
601.57, 480.53, 223.06
601.73, 483.87, 348.02
600.50, 602.14, 94.77
600.67, 605.48, 219.72
600.83, 608.82, 344.68
599.60, 727.09, 91.43
599.77, 730.44, 216.38
599.93, 733.78, 341.34
726.40, 478.09, 97.92
726.56, 481.43, 222.87
726.73, 484.77, 347.83
725.50, 603.04, 94.58
725.66, 606.38, 219.53
725.83, 609.72, 344.49
724.60, 727.99, 91.24
724.76, 731.33, 216.19
724.93, 734.67, 341.15
474.27, 474.79, 223.41
477.86, 473.77, 348.36
481.45, 472.75, 473.30
475.87, 599.78, 224.39
479.46, 598.76, 349.33
483.05, 597.74, 474.28
477.47, 724.77, 225.36
481.06, 723.75, 350.31
484.65, 722.73, 475.25
599.21, 473.22, 219.81
602.80, 472.20, 344.75
606.39, 471.18, 469.70
600.80, 598.21, 220.78
604.40, 597.19, 345.73
607.99, 596.17, 470.67
602.40, 723.20, 221.76
606.00, 722.18, 346.70
609.59, 721.16, 471.65
724.14, 471.65, 216.20
727.74, 470.63, 341.15
731.33, 469.61, 466.09
725.74, 596.64, 217.18
729.33, 595.62, 342.12
732.93, 594.60, 467.07
727.34, 721.63, 218.15
730.93, 720.61, 343.10
734.53, 719.59, 468.04
473.65, 474.11, 348.85
473.73, 473.58, 473.85
473.80, 473.05, 598.85
477.18, 599.06, 349.38
477.25, 598.53, 474.38
477.32, 598.00, 599.38
480.70, 724.01, 349.91
480.77, 723.48, 474.91
480.85, 722.95, 599.90
598.60, 470.59, 348.76
598.68, 470.06, 473.76
598.75, 469.53, 598.76
602.13, 595.54, 349.29
602.20, 595.01, 474.29
602.27, 594.48, 599.29
605.65, 720.49, 349.82
605.72, 719.96, 474.82
605.80, 719.43, 599.82
723.55, 467.07, 348.67
723.63, 466.54, 473.67
723.70, 466.01, 598.67
727.08, 592.02, 349.20
727.15, 591.49, 474.20
727.22, 590.95, 599.20
730.60, 716.97, 349.73
730.67, 716.44, 474.73
730.75, 715.90, 599.73
476.66, 473.85, 476.50
479.44, 471.16, 601.44
482.22, 468.47, 726.38
475.76, 598.82, 479.21
478.54, 596.13, 604.15
481.32, 593.44, 729.09
474.86, 723.78, 481.92
477.64, 721.10, 606.86
480.42, 718.41, 731.80
601.63, 474.81, 473.74
604.41, 472.12, 598.68
607.19, 469.43, 723.62
600.73, 599.78, 476.45
603.51, 597.09, 601.39
606.29, 594.40, 726.33
599.83, 724.74, 479.16
602.61, 722.05, 604.10
605.39, 719.37, 729.04
726.59, 475.77, 470.98
729.37, 473.08, 595.92
732.15, 470.39, 720.86
725.69, 600.73, 473.69
728.47, 598.05, 598.63
731.25, 595.36, 723.57
724.80, 725.70, 476.40
727.58, 723.01, 601.34
730.35, 720.32, 726.28
473.65, 473.22, 600.44
477.28, 469.77, 725.34
480.92, 466.31, 850.24
470.33, 598.13, 604.00
473.97, 594.67, 728.90
477.60, 591.22, 853.79
467.01, 723.03, 607.55
470.65, 719.58, 732.45
474.29, 716.12, 857.35
598.55, 476.64, 596.90
602.19, 473.18, 721.80
605.82, 469.73, 846.70
595.23, 601.55, 600.45
598.87, 598.09, 725.35
602.51, 594.63, 850.25
591.92, 726.45, 604.01
595.55, 723.00, 728.91
599.19, 719.54, 853.81
723.45, 480.06, 593.36
727.09, 476.60, 718.26
730.73, 473.15, 843.16
720.14, 604.96, 596.91
723.77, 601.51, 721.81
727.41, 598.05, 846.71
716.82, 729.87, 600.47
720.46, 726.41, 725.37
724.09, 722.96, 850.27
474.57, 601.34, 100.83
476.63, 600.26, 225.80
478.69, 599.19, 350.78
473.24, 726.33, 101.92
475.30, 725.25, 226.90
477.36, 724.18, 351.88
471.91, 851.31, 103.02
473.97, 850.24, 228.00
476.03, 849.16, 352.98
599.54, 602.69, 98.77
601.61, 601.61, 223.75
603.67, 600.53, 348.73
598.21, 727.67, 99.87
600.28, 726.60, 224.85
602.34, 725.52, 349.83
596.88, 852.66, 100.97
598.95, 851.59, 225.95
601.01, 850.51, 350.93
724.52, 604.03, 96.72
726.58, 602.96, 221.70
728.65, 601.88, 346.68
723.19, 729.02, 97.82
725.25, 727.95, 222.80
727.32, 726.87, 347.78
721.86, 854.01, 98.92
723.92, 852.93, 223.90
725.99, 851.86, 348.88
476.26, 598.81, 226.42
476.17, 595.31, 351.37
476.07, 591.82, 476.32
474.49, 723.75, 229.91
474.39, 720.25, 354.86
474.29, 716.76, 479.82
472.72, 848.68, 233.40
472.62, 845.19, 358.36
472.52, 841.70, 483.31
601.25, 600.58, 226.57
601.15, 597.08, 351.52
601.05, 593.59, 476.47
599.48, 725.52, 230.06
599.38, 722.02, 355.01
599.28, 718.53, 479.96
597.71, 850.45, 233.55
597.61, 846.96, 358.50
597.51, 843.47, 483.46
726.24, 602.35, 226.72
726.14, 598.85, 351.67
726.04, 595.36, 476.62
724.47, 727.28, 230.21
724.37, 723.79, 355.16
724.27, 720.30, 480.11
722.69, 852.22, 233.70
722.60, 848.73, 358.65
722.50, 845.23, 483.60
475.20, 601.72, 351.70
475.91, 605.16, 476.65
476.61, 608.61, 601.60
474.18, 726.67, 348.26
474.89, 730.11, 473.21
475.59, 733.55, 598.16
473.16, 851.61, 344.83
473.87, 855.06, 469.78
474.57, 858.50, 594.73
600.20, 602.72, 350.97
600.90, 606.16, 475.92
601.61, 609.61, 600.87
599.18, 727.67, 347.53
599.88, 731.11, 472.48
600.59, 734.55, 597.43
598.16, 852.61, 344.09
598.86, 856.06, 469.04
599.57, 859.50, 593.99
725.19, 603.72, 350.24
725.90, 607.16, 475.19
726.60, 610.61, 600.14
724.17, 728.67, 346.80
724.88, 732.11, 471.75
725.58, 735.55, 596.70
723.15, 853.62, 343.36
723.86, 857.06, 468.31
724.56, 860.50, 593.26
474.09, 600.83, 473.78
474.72, 597.91, 598.74
475.35, 594.99, 723.71
471.40, 725.76, 476.71
472.03, 722.84, 601.67
472.66, 719.93, 726.64
468.71, 850.70, 479.64
469.34, 847.78, 604.61
469.97, 844.86, 729.57
599.06, 603.53, 473.21
599.69, 600.61, 598.17
600.32, 597.69, 723.14
596.37, 728.47, 476.14
597.00, 725.55, 601.10
597.63, 722.63, 726.07
593.68, 853.40, 479.07
594.31, 850.49, 604.04
594.94, 847.57, 729.00
724.03, 606.24, 472.64
724.66, 603.32, 597.60
725.29, 600.40, 722.57
721.34, 731.17, 475.57
721.97, 728.25, 600.53
722.60, 725.34, 725.50
718.64, 856.11, 478.50
719.28, 853.19, 603.47
719.91, 850.27, 728.43
475.11, 598.60, 598.54
477.90, 601.36, 723.48
480.68, 604.12, 848.42
478.37, 723.52, 595.71
481.15, 726.28, 720.65
483.94, 729.04, 845.59
481.62, 848.45, 592.88
484.41, 851.21, 717.82
487.20, 853.97, 842.75
600.03, 595.28, 595.83
602.82, 598.04, 720.77
605.61, 600.80, 845.70
603.29, 720.20, 592.99
606.08, 722.96, 717.93
608.87, 725.72, 842.87
606.55, 845.13, 590.16
609.34, 847.89, 715.10
612.13, 850.65, 840.04
724.96, 591.96, 593.11
727.75, 594.72, 718.05
730.54, 597.48, 842.99
728.22, 716.88, 590.28
731.01, 719.64, 715.22
733.80, 722.40, 840.16
731.48, 841.81, 587.45
734.27, 844.57, 712.38
737.05, 847.33, 837.32
600.38, 100.52, 98.75
603.46, 98.14, 223.69
606.54, 95.76, 348.63
599.38, 225.49, 101.15
602.46, 223.11, 226.09
605.53, 220.73, 351.03
598.37, 350.46, 103.55
601.45, 348.08, 228.49
604.53, 345.71, 353.43
725.34, 101.58, 95.69
728.41, 99.20, 220.63
731.49, 96.82, 345.57
724.33, 226.55, 98.09
727.41, 224.17, 223.03
730.49, 221.79, 347.97
723.33, 351.52, 100.49
726.41, 349.14, 225.43
729.49, 346.77, 350.37
850.29, 102.64, 92.63
853.37, 100.26, 217.57
856.45, 97.88, 342.51
849.29, 227.61, 95.03
852.37, 225.23, 219.97
855.45, 222.85, 344.91
848.29, 352.58, 97.43
851.37, 350.20, 222.37
854.45, 347.83, 347.31
598.25, 100.98, 225.67
599.19, 101.72, 350.67
600.13, 102.46, 475.66
596.35, 225.97, 224.95
597.29, 226.71, 349.94
598.23, 227.45, 474.93
594.45, 350.95, 224.22
595.39, 351.69, 349.21
596.33, 352.43, 474.21
723.23, 102.88, 224.72
724.17, 103.62, 349.72
725.11, 104.36, 474.71
721.33, 227.86, 223.99
722.27, 228.60, 348.99
723.21, 229.34, 473.98
719.43, 352.85, 223.27
720.37, 353.59, 348.26
721.31, 354.33, 473.26
848.21, 104.78, 223.77
849.15, 105.52, 348.76
850.09, 106.26, 473.76
846.31, 229.76, 223.04
847.25, 230.50, 348.04
848.19, 231.24, 473.03
844.41, 354.74, 222.32
845.35, 355.48, 347.31
846.29, 356.22, 472.31
599.85, 98.20, 350.65
602.99, 95.06, 475.57
606.12, 91.93, 600.49
596.62, 223.11, 353.87
599.75, 219.98, 478.79
602.89, 216.84, 603.71
593.38, 348.03, 357.08
596.52, 344.90, 482.01
599.65, 341.76, 606.93
724.77, 101.51, 347.60
727.91, 98.38, 472.52
731.04, 95.24, 597.44
721.54, 226.43, 350.82
724.67, 223.29, 475.74
727.80, 220.16, 600.66
718.30, 351.35, 354.03
721.43, 348.21, 478.96
724.57, 345.07, 603.88
849.69, 104.83, 344.55
852.82, 101.69, 469.47
855.96, 98.55, 594.39
846.46, 229.74, 347.77
849.59, 226.61, 472.69
852.72, 223.47, 597.61
843.22, 354.66, 350.98
846.35, 351.52, 475.90
849.49, 348.39, 600.83
601.97, 98.15, 473.49
599.55, 97.01, 598.47
597.12, 95.87, 723.44
601.88, 223.15, 474.63
599.46, 222.01, 599.60
597.03, 220.87, 724.58
601.79, 348.14, 475.77
599.37, 347.00, 600.74
596.94, 345.86, 725.71
726.95, 98.22, 475.92
724.53, 97.08, 600.89
722.10, 95.94, 725.86
726.86, 223.22, 477.06
724.43, 222.08, 602.03
722.01, 220.94, 727.00
726.77, 348.21, 478.20
724.34, 347.07, 603.17
721.92, 345.93, 728.14
851.93, 98.29, 478.35
849.50, 97.15, 603.32
847.08, 96.01, 728.29
851.83, 223.29, 479.48
849.41, 222.15, 604.46
846.98, 221.01, 729.43
851.74, 348.28, 480.62
849.32, 347.14, 605.59
846.89, 346.00, 730.57
599.78, 101.15, 598.21
600.52, 97.84, 723.16
601.26, 94.53, 848.12
596.27, 226.05, 601.54
597.01, 222.75, 726.49
597.75, 219.44, 851.45
592.77, 350.96, 604.86
593.51, 347.65, 729.82
594.25, 344.35, 854.77
724.72, 104.67, 597.56
725.46, 101.36, 722.52
726.20, 98.05, 847.47
721.22, 229.58, 600.89
721.96, 226.27, 725.84
722.70, 222.96, 850.80
717.72, 354.48, 604.22
718.46, 351.18, 729.17
719.20, 347.87, 854.13
849.67, 108.19, 596.92
850.41, 104.89, 721.87
851.15, 101.58, 846.82
846.17, 233.10, 600.24
846.91, 229.79, 725.20
847.65, 226.48, 850.15
842.67, 358.01, 603.57
843.41, 354.70, 728.53
844.15, 351.39, 853.48
598.32, 223.58, 101.94
598.14, 219.95, 226.88
597.96, 216.32, 351.83
596.09, 348.51, 105.57
595.91, 344.88, 230.51
595.73, 341.24, 355.46
593.86, 473.44, 109.19
593.68, 469.81, 234.14
593.50, 466.17, 359.09
723.30, 225.81, 102.18
723.12, 222.17, 227.13
722.94, 218.54, 352.07
721.07, 350.74, 105.81
720.89, 347.10, 230.76
720.71, 343.47, 355.70
718.84, 475.66, 109.44
718.66, 472.03, 234.39
718.48, 468.40, 359.33
848.28, 228.03, 102.42
848.10, 224.40, 227.37
847.92, 220.77, 352.32
846.05, 352.96, 106.05
845.87, 349.33, 231.00
845.69, 345.69, 355.95
843.82, 477.89, 109.68
843.64, 474.25, 234.63
843.46, 470.62, 359.58
599.80, 223.59, 225.11
596.17, 225.14, 350.04
592.53, 226.69, 474.98
599.20, 348.58, 223.54
595.56, 350.12, 348.48
591.92, 351.67, 473.41
598.59, 473.56, 221.97
594.96, 475.11, 346.91
591.32, 476.66, 471.85
724.75, 224.24, 228.74
721.11, 225.79, 353.67
717.47, 227.34, 478.61
724.14, 349.23, 227.17
720.51, 350.78, 352.10
716.87, 352.32, 477.04
723.54, 474.21, 225.60
719.90, 475.76, 350.54
716.26, 477.31, 475.47
849.69, 224.89, 232.36
846.06, 226.44, 357.30
842.42, 227.99, 482.24
849.09, 349.88, 230.80
845.45, 351.43, 355.73
841.81, 352.97, 480.67
848.48, 474.86, 229.23
844.85, 476.41, 354.17
841.21, 477.96, 479.10
600.23, 224.15, 350.77
597.10, 224.33, 475.73
593.98, 224.51, 600.69
599.98, 349.15, 350.59
596.85, 349.33, 475.55
593.72, 349.51, 600.51
599.72, 474.15, 350.40
596.60, 474.33, 475.36
593.47, 474.51, 600.32
725.19, 224.41, 353.90
722.06, 224.59, 478.86
718.94, 224.77, 603.82
724.94, 349.41, 353.71
721.81, 349.59, 478.67
718.68, 349.77, 603.63
724.68, 474.41, 353.52
721.56, 474.59, 478.48
718.43, 474.77, 603.45
850.15, 224.67, 357.03
847.02, 224.85, 481.99
843.90, 225.03, 606.95
849.90, 349.67, 356.84
846.77, 349.85, 481.80
843.64, 350.03, 606.76
849.64, 474.67, 356.65
846.52, 474.85, 481.61
843.39, 475.03, 606.57
598.85, 224.87, 474.97
596.63, 223.34, 599.95
594.41, 221.80, 724.92
598.46, 349.86, 476.51
596.24, 348.33, 601.48
594.02, 346.79, 726.45
598.06, 474.85, 478.04
595.84, 473.32, 603.01
593.62, 471.78, 727.98
723.83, 225.24, 477.20
721.61, 223.70, 602.17
719.39, 222.17, 727.14
723.44, 350.23, 478.73
721.22, 348.69, 603.70
719.00, 347.16, 728.67
723.04, 475.22, 480.26
720.82, 473.68, 605.23
718.60, 472.15, 730.20
848.81, 225.61, 479.43
846.59, 224.07, 604.40
844.37, 222.53, 729.37
848.42, 350.60, 480.96
846.20, 349.06, 605.93
843.98, 347.52, 730.90
848.02, 475.59, 482.49
845.80, 474.05, 607.46
843.58, 472.51, 732.43
601.53, 224.54, 600.65
602.75, 227.90, 725.60
603.98, 231.25, 850.54
600.04, 349.48, 597.30
601.26, 352.84, 722.25
602.49, 356.20, 847.20
598.55, 474.43, 593.96
599.78, 477.79, 718.91
601.00, 481.15, 843.86
726.51, 225.99, 599.38
727.74, 229.35, 724.33
728.96, 232.71, 849.28
725.02, 350.94, 596.04
726.25, 354.30, 720.99
727.48, 357.66, 845.94
723.53, 475.89, 592.70
724.76, 479.24, 717.64
725.99, 482.60, 842.59
851.50, 227.45, 598.12
852.72, 230.81, 723.06
853.95, 234.16, 848.01
850.01, 352.40, 594.77
851.23, 355.75, 719.72
852.46, 359.11, 844.67
848.52, 477.34, 591.43
849.75, 480.70, 716.38
850.97, 484.06, 841.33
601.06, 348.85, 99.13
602.70, 345.50, 224.07
604.33, 342.15, 349.02
598.41, 473.77, 102.51
600.04, 470.43, 227.45
601.67, 467.08, 352.40
595.75, 598.70, 105.89
597.38, 595.35, 230.83
599.02, 592.01, 355.78
726.02, 351.55, 97.57
727.66, 348.20, 222.51
729.29, 344.86, 347.46
723.37, 476.47, 100.95
725.00, 473.13, 225.89
726.64, 469.78, 350.84
720.71, 601.40, 104.33
722.34, 598.05, 229.27
723.98, 594.71, 354.22
850.99, 354.25, 96.00
852.62, 350.90, 220.95
854.26, 347.56, 345.89
848.33, 479.17, 99.38
849.96, 475.83, 224.33
851.60, 472.48, 349.27
845.67, 604.10, 102.76
847.30, 600.75, 227.71
848.94, 597.41, 352.65
599.20, 351.07, 224.00
601.69, 353.72, 348.94
604.19, 356.37, 473.89
602.31, 476.00, 221.28
604.81, 478.65, 346.23
607.30, 481.31, 471.17
605.42, 600.93, 218.57
607.92, 603.59, 343.51
610.41, 606.24, 468.46
724.14, 347.91, 221.57
726.63, 350.56, 346.51
729.13, 353.21, 471.46
727.25, 472.84, 218.85
729.74, 475.49, 343.80
732.24, 478.14, 468.75
730.36, 597.77, 216.14
732.85, 600.42, 341.09
735.35, 603.07, 466.03
849.07, 344.74, 219.14
851.57, 347.39, 344.09
854.06, 350.05, 469.03
852.18, 469.67, 216.42
854.68, 472.33, 341.37
857.17, 474.98, 466.32
855.29, 594.61, 213.71
857.79, 597.26, 338.66
860.29, 599.91, 463.60
599.58, 350.10, 351.98
601.55, 349.80, 476.97
603.53, 349.50, 601.95
597.43, 475.08, 352.32
599.41, 474.78, 477.30
601.39, 474.48, 602.28
595.29, 600.06, 352.65
597.27, 599.76, 477.63
599.24, 599.46, 602.62
724.54, 352.25, 350.01
726.52, 351.95, 474.99
728.50, 351.65, 599.98
722.40, 477.23, 350.34
724.38, 476.93, 475.33
726.35, 476.63, 600.31
720.26, 602.21, 350.68
722.23, 601.91, 475.66
724.21, 601.61, 600.65
849.51, 354.40, 348.04
851.49, 354.10, 473.02
853.46, 353.80, 598.01
847.37, 479.38, 348.37
849.34, 479.08, 473.36
851.32, 478.78, 598.34
845.22, 604.36, 348.71
847.20, 604.06, 473.69
849.18, 603.76, 598.68
599.06, 348.58, 473.30
601.10, 352.25, 598.23
603.13, 355.92, 723.16
596.70, 473.50, 469.67
598.73, 477.18, 594.60
600.76, 480.85, 719.53
594.33, 598.43, 466.03
596.36, 602.10, 590.96
598.39, 605.77, 715.89
724.02, 350.88, 471.20
726.06, 354.56, 596.13
728.09, 358.23, 721.06
721.66, 475.81, 467.57
723.69, 479.48, 592.50
725.72, 483.16, 717.42
719.29, 600.73, 463.93
721.32, 604.41, 588.86
723.36, 608.08, 713.79
848.98, 353.19, 469.10
851.02, 356.86, 594.03
853.05, 360.54, 718.96
846.62, 478.11, 465.46
848.65, 481.79, 590.39
850.68, 485.46, 715.32
844.25, 603.04, 461.83
846.28, 606.71, 586.76
848.32, 610.39, 711.69
599.86, 350.79, 599.57
601.90, 347.65, 724.51
603.95, 344.52, 849.46
600.27, 475.75, 602.70
602.32, 472.61, 727.64
604.37, 469.48, 852.58
600.69, 600.71, 605.82
602.74, 597.57, 730.77
604.79, 594.44, 855.71
724.84, 350.42, 597.51
726.89, 347.29, 722.45
728.94, 344.15, 847.40
725.26, 475.38, 600.64
727.31, 472.25, 725.58
729.35, 469.11, 850.52
725.67, 600.34, 603.76
727.72, 597.21, 728.71
729.77, 594.07, 853.65
849.82, 350.05, 595.45
851.87, 346.92, 720.39
853.92, 343.79, 845.34
850.24, 475.01, 598.58
852.29, 471.88, 723.52
854.34, 468.75, 848.47
850.66, 599.97, 601.70
852.71, 596.84, 726.65
854.75, 593.71, 851.59
600.40, 476.09, 99.28
603.19, 477.09, 224.24
605.99, 478.09, 349.21
601.38, 601.08, 98.26
604.17, 602.08, 223.22
606.96, 603.08, 348.19
602.36, 726.07, 97.24
605.15, 727.07, 222.20
607.94, 728.07, 347.17
725.36, 475.09, 96.49
728.16, 476.09, 221.46
730.95, 477.08, 346.42
726.34, 600.08, 95.47
729.14, 601.08, 220.44
731.93, 602.08, 345.40
727.32, 725.07, 94.45
730.11, 726.07, 219.42
732.91, 727.07, 344.38
850.33, 474.09, 93.71
853.12, 475.08, 218.67
855.92, 476.08, 343.64
851.31, 599.08, 92.69
854.10, 600.08, 217.65
856.89, 601.08, 342.62
852.29, 724.07, 91.67
855.08, 725.07, 216.63
857.87, 726.07, 341.60
600.55, 474.30, 226.48
604.13, 471.58, 351.40
607.70, 468.87, 476.32
597.76, 599.24, 229.28
601.34, 596.52, 354.20
604.91, 593.80, 479.12
594.97, 724.18, 232.08
598.54, 721.46, 357.00
602.12, 718.74, 481.92
725.47, 477.17, 222.97
729.05, 474.45, 347.89
732.62, 471.74, 472.81
722.68, 602.11, 225.77
726.25, 599.39, 350.69
729.83, 596.68, 475.61
719.89, 727.05, 228.56
723.46, 724.33, 353.48
727.04, 721.61, 478.40
850.39, 480.04, 219.46
853.96, 477.32, 344.38
857.54, 474.61, 469.30
847.60, 604.98, 222.26
851.17, 602.26, 347.18
854.75, 599.55, 472.09
844.80, 729.92, 225.05
848.38, 727.20, 349.97
851.95, 724.48, 474.89
600.89, 476.17, 350.25
603.90, 475.86, 475.21
606.90, 475.55, 600.18
599.69, 601.16, 350.59
602.70, 600.85, 475.55
605.70, 600.54, 600.52
598.50, 726.15, 350.93
601.50, 725.84, 475.89
604.50, 725.53, 600.85
725.85, 477.37, 347.25
728.85, 477.06, 472.21
731.86, 476.75, 597.18
724.65, 602.37, 347.59
727.66, 602.06, 472.55
730.66, 601.75, 597.52
723.45, 727.36, 347.93
726.46, 727.05, 472.89
729.46, 726.74, 597.85
850.81, 478.58, 344.25
853.81, 478.27, 469.21
856.82, 477.96, 594.18
849.61, 603.57, 344.59
852.61, 603.26, 469.55
855.62, 602.95, 594.52
848.41, 728.57, 344.93
851.41, 728.26, 469.89
854.42, 727.95, 594.85
598.91, 473.89, 473.48
599.20, 473.99, 598.48
599.48, 474.10, 723.48
596.96, 598.87, 473.37
597.24, 598.98, 598.37
597.53, 599.09, 723.37
595.00, 723.85, 473.27
595.29, 723.96, 598.27
595.57, 724.07, 723.27
723.90, 475.84, 473.19
724.18, 475.95, 598.19
724.47, 476.05, 723.19
721.94, 600.82, 473.09
722.23, 600.93, 598.09
722.51, 601.04, 723.09
719.99, 725.81, 472.98
720.27, 725.92, 597.98
720.56, 726.02, 722.98
848.88, 477.79, 472.90
849.17, 477.90, 597.90
849.45, 478.01, 722.90
846.93, 602.78, 472.80
847.21, 602.89, 597.80
847.50, 602.99, 722.80
844.97, 727.76, 472.70
845.26, 727.87, 597.70
845.54, 727.98, 722.70
599.57, 476.62, 601.27
601.12, 477.07, 726.26
602.67, 477.52, 851.25
600.56, 601.62, 600.81
602.10, 602.06, 725.80
603.65, 602.51, 850.79
601.54, 726.61, 600.35
603.09, 727.06, 725.34
604.64, 727.51, 850.33
724.56, 475.63, 599.73
726.11, 476.08, 724.72
727.65, 476.53, 849.71
725.54, 600.63, 599.27
727.09, 601.07, 724.26
728.64, 601.52, 849.25
726.53, 725.62, 598.81
728.08, 726.07, 723.80
729.62, 726.52, 848.79
849.55, 474.64, 598.18
851.09, 475.09, 723.17
852.64, 475.54, 848.16
850.53, 599.64, 597.72
852.08, 600.08, 722.71
853.63, 600.53, 847.70
851.52, 724.63, 597.26
853.06, 725.08, 722.25
854.61, 725.53, 847.24
601.42, 599.20, 100.95
598.74, 599.23, 225.92
596.05, 599.25, 350.89
604.02, 724.17, 100.98
601.33, 724.20, 225.95
598.64, 724.23, 350.92
606.61, 849.14, 101.01
603.92, 849.17, 225.98
601.23, 849.20, 350.95
726.37, 596.60, 103.64
723.68, 596.63, 228.61
720.99, 596.66, 353.58
728.96, 721.58, 103.67
726.27, 721.61, 228.64
723.59, 721.63, 353.61
731.55, 846.55, 103.70
728.87, 846.58, 228.67
726.18, 846.61, 353.64
851.31, 594.01, 106.33
848.62, 594.04, 231.30
845.94, 594.07, 356.27
853.91, 718.98, 106.36
851.22, 719.01, 231.33
848.53, 719.04, 356.30
856.50, 843.96, 106.38
853.81, 843.99, 231.35
851.12, 844.01, 356.33
600.25, 599.90, 226.94
599.56, 601.21, 351.93
598.87, 602.52, 476.92
598.38, 724.88, 225.62
597.69, 726.19, 350.61
597.00, 727.50, 475.60
596.52, 849.86, 224.30
595.83, 851.17, 349.29
595.14, 852.48, 474.28
725.23, 601.77, 227.61
724.54, 603.08, 352.60
723.85, 604.39, 477.59
723.37, 726.75, 226.29
722.68, 728.06, 351.28
721.98, 729.37, 476.27
721.50, 851.73, 224.97
720.81, 853.04, 349.96
720.12, 854.35, 474.95
850.21, 603.64, 228.28
849.52, 604.95, 353.27
848.83, 606.26, 478.26
848.35, 728.62, 226.96
847.66, 729.93, 351.95
846.97, 731.24, 476.94
846.49, 853.60, 225.64
845.79, 854.91, 350.63
845.10, 856.22, 475.62
600.34, 598.72, 351.64
603.59, 600.76, 476.58
606.83, 602.81, 601.52
600.49, 723.70, 349.59
603.74, 725.74, 474.53
606.98, 727.79, 599.47
600.64, 848.68, 347.54
603.89, 850.73, 472.48
607.13, 852.77, 597.42
725.30, 598.51, 348.40
728.54, 600.56, 473.34
731.79, 602.60, 598.28
725.45, 723.49, 346.35
728.69, 725.54, 471.29
731.94, 727.58, 596.23
725.60, 848.48, 344.30
728.85, 850.52, 469.24
732.09, 852.57, 594.18
850.26, 598.31, 345.15
853.50, 600.35, 470.10
856.75, 602.40, 595.04
850.41, 723.29, 343.10
853.65, 725.33, 468.05
856.90, 727.38, 592.99
850.56, 848.27, 341.05
853.80, 850.32, 466.00
857.05, 852.36, 590.94
599.65, 598.62, 473.28
600.17, 599.19, 598.28
600.69, 599.75, 723.28
601.41, 723.61, 472.71
601.93, 724.17, 597.71
602.45, 724.74, 722.70
603.16, 848.59, 472.14
603.68, 849.16, 597.13
604.21, 849.72, 722.13
724.64, 596.86, 472.77
725.16, 597.43, 597.77
725.68, 597.99, 722.76
726.39, 721.85, 472.20
726.91, 722.41, 597.19
727.44, 722.98, 722.19
728.15, 846.83, 471.62
728.67, 847.40, 596.62
729.19, 847.97, 721.62
849.62, 595.10, 472.26
850.15, 595.67, 597.25
850.67, 596.24, 722.25
851.38, 720.09, 471.68
851.90, 720.66, 596.68
852.42, 721.22, 721.68
853.14, 845.08, 471.11
853.66, 845.64, 596.11
854.18, 846.21, 721.10
599.30, 601.65, 598.53
596.11, 599.99, 723.48
592.91, 598.32, 848.43
600.26, 726.64, 600.22
597.07, 724.97, 725.17
593.87, 723.31, 850.12
601.22, 851.62, 601.91
598.03, 849.96, 726.86
594.83, 848.29, 851.81
724.26, 600.65, 601.71
721.06, 598.99, 726.66
717.87, 597.32, 851.61
725.22, 725.64, 603.40
722.02, 723.97, 728.35
718.83, 722.31, 853.30
726.18, 850.62, 605.09
722.98, 848.96, 730.04
719.79, 847.29, 854.99
849.21, 599.65, 604.90
846.02, 597.98, 729.85
842.82, 596.32, 854.79
850.17, 724.63, 606.59
846.98, 722.97, 731.54
843.78, 721.30, 856.48
851.13, 849.62, 608.28
847.94, 847.95, 733.23
844.74, 846.29, 858.17
