27, 125, pa2-unknown-i-output1.txt
208.57,  208.22,  206.19
392.16,  407.43,  194.23
100.27, 100.55, 100.94
97.21, 97.05, 225.85
94.15, 93.55, 350.77
99.42, 225.50, 104.42
96.35, 222.00, 229.33
93.29, 218.50, 354.25
98.56, 350.45, 107.90
95.49, 346.95, 232.82
92.43, 343.44, 357.73
225.23, 101.32, 104.03
222.17, 97.82, 228.94
219.11, 94.32, 353.85
224.37, 226.27, 107.51
221.31, 222.77, 232.42
218.25, 219.27, 357.33
223.52, 351.22, 110.99
220.45, 347.72, 235.90
217.39, 344.22, 360.82
350.19, 102.09, 107.11
347.13, 98.59, 232.03
344.06, 95.09, 356.94
349.33, 227.04, 110.60
346.27, 223.54, 235.51
343.21, 220.04, 360.42
348.48, 351.99, 114.08
345.41, 348.49, 238.99
342.35, 344.99, 363.90
99.73, 100.20, 226.57
103.02, 98.55, 351.51
106.31, 96.90, 476.46
100.40, 225.19, 228.20
103.69, 223.54, 353.15
106.99, 221.89, 478.09
101.07, 350.18, 229.84
104.36, 348.52, 354.78
107.66, 346.87, 479.73
224.68, 99.57, 223.27
227.97, 97.92, 348.21
231.27, 96.27, 473.16
225.35, 224.56, 224.90
228.65, 222.91, 349.85
231.94, 221.26, 474.79
226.02, 349.55, 226.53
229.32, 347.90, 351.48
232.61, 346.25, 476.42
349.64, 98.94, 219.96
352.93, 97.29, 344.91
356.22, 95.64, 469.85
350.31, 223.93, 221.60
353.60, 222.28, 346.54
356.90, 220.63, 471.49
350.98, 348.92, 223.23
354.27, 347.27, 348.18
357.57, 345.62, 473.12
101.42, 100.98, 351.70
103.28, 98.31, 476.65
105.14, 95.64, 601.61
101.60, 225.96, 354.36
103.46, 223.29, 479.32
105.33, 220.62, 604.28
101.78, 350.93, 357.03
103.64, 348.26, 481.99
105.51, 345.59, 606.95
226.40, 100.84, 349.83
228.27, 98.17, 474.79
230.13, 95.50, 599.74
226.58, 225.81, 352.50
228.45, 223.14, 477.45
230.31, 220.47, 602.41
226.76, 350.79, 355.16
228.63, 348.12, 480.12
230.49, 345.45, 605.08
351.39, 100.70, 347.96
353.25, 98.03, 472.92
355.12, 95.36, 597.88
351.57, 225.67, 350.63
353.43, 223.00, 475.59
355.30, 220.33, 600.54
351.75, 350.64, 353.30
353.61, 347.97, 478.25
355.48, 345.30, 603.21
99.82, 100.66, 475.66
96.68, 101.18, 600.62
93.53, 101.69, 725.58
97.69, 225.64, 475.09
94.54, 226.16, 600.05
91.39, 226.67, 725.01
95.55, 350.62, 474.52
92.40, 351.14, 599.48
89.26, 351.65, 724.44
224.77, 102.81, 478.80
221.62, 103.33, 603.75
218.47, 103.84, 728.71
222.63, 227.79, 478.23
219.48, 228.31, 603.18
216.34, 228.82, 728.14
220.49, 352.77, 477.66
217.34, 353.29, 602.61
214.20, 353.80, 727.57
349.71, 104.96, 481.93
346.56, 105.48, 606.89
343.42, 105.99, 731.85
347.57, 229.94, 481.36
344.42, 230.46, 606.32
341.28, 230.98, 731.28
345.43, 354.92, 480.79
342.29, 355.44, 605.75
339.14, 355.96, 730.71
99.70, 101.78, 600.58
99.82, 100.85, 725.58
99.95, 99.91, 850.57
101.45, 226.77, 601.52
101.58, 225.83, 726.51
101.71, 224.89, 851.51
103.21, 351.75, 602.45
103.34, 350.81, 727.45
103.47, 349.88, 852.44
224.68, 100.03, 600.44
224.81, 99.09, 725.44
224.94, 98.15, 850.43
226.44, 225.01, 601.37
226.57, 224.07, 726.37
226.70, 223.14, 851.37
228.20, 349.99, 602.31
228.33, 349.06, 727.31
228.45, 348.12, 852.30
349.67, 98.27, 600.30
349.80, 97.33, 725.29
349.93, 96.40, 850.29
351.43, 223.25, 601.23
351.56, 222.32, 726.23
351.68, 221.38, 851.23
353.18, 348.24, 602.17
353.31, 347.30, 727.17
353.44, 346.36, 852.16
100.17, 223.12, 98.10
98.51, 219.74, 223.04
96.85, 216.36, 347.99
100.84, 348.07, 101.49
99.18, 344.69, 226.43
97.52, 341.31, 351.38
101.50, 473.02, 104.88
99.84, 469.64, 229.82
98.18, 466.26, 354.77
225.16, 222.41, 99.74
223.50, 219.03, 224.69
221.84, 215.65, 349.63
225.82, 347.36, 103.13
224.16, 343.98, 228.07
222.50, 340.60, 353.02
226.49, 472.31, 106.52
224.83, 468.93, 231.46
223.17, 465.55, 356.41
350.15, 221.70, 101.38
348.49, 218.32, 226.33
346.83, 214.94, 351.27
350.81, 346.65, 104.77
349.15, 343.27, 229.72
347.49, 339.89, 354.66
351.48, 471.60, 108.16
349.82, 468.22, 233.11
348.16, 464.84, 358.05
99.00, 224.86, 224.15
99.18, 224.12, 349.15
99.37, 223.37, 474.14
100.36, 349.85, 224.89
100.54, 349.11, 349.89
100.73, 348.36, 474.89
101.72, 474.84, 225.63
101.90, 474.10, 350.63
102.09, 473.35, 475.63
223.99, 223.50, 223.96
224.18, 222.76, 348.96
224.36, 222.01, 473.95
225.35, 348.49, 224.70
225.54, 347.75, 349.70
225.72, 347.00, 474.69
226.71, 473.48, 225.44
226.90, 472.74, 350.44
227.08, 471.99, 475.44
348.99, 222.14, 223.77
349.17, 221.40, 348.76
349.35, 220.66, 473.76
350.35, 347.13, 224.51
350.53, 346.39, 349.51
350.71, 345.65, 474.50
351.70, 472.12, 225.25
351.89, 471.38, 350.25
352.07, 470.64, 475.25
99.87, 226.65, 350.92
101.27, 226.66, 475.91
102.67, 226.66, 600.91
99.98, 351.65, 350.92
101.38, 351.66, 475.91
102.78, 351.66, 600.90
100.09, 476.65, 350.92
101.49, 476.66, 475.91
102.89, 476.66, 600.90
224.86, 226.54, 349.52
226.26, 226.54, 474.51
227.66, 226.54, 599.51
224.97, 351.54, 349.52
226.37, 351.54, 474.51
227.77, 351.54, 599.50
225.08, 476.54, 349.52
226.48, 476.54, 474.51
227.88, 476.54, 599.50
349.85, 226.43, 348.12
351.25, 226.43, 473.12
352.65, 226.43, 598.11
349.96, 351.43, 348.12
351.36, 351.43, 473.11
352.76, 351.43, 598.11
350.07, 476.43, 348.12
351.47, 476.43, 473.11
352.87, 476.43, 598.10
99.41, 223.51, 473.79
103.14, 223.05, 598.74
106.87, 222.59, 723.68
101.37, 348.49, 474.19
105.10, 348.03, 599.14
108.83, 347.57, 724.08
103.32, 473.48, 474.59
107.05, 473.02, 599.54
110.78, 472.56, 724.48
224.34, 221.57, 470.06
228.07, 221.11, 595.00
231.80, 220.65, 719.94
226.30, 346.55, 470.46
230.03, 346.09, 595.40
233.76, 345.63, 720.34
228.25, 471.53, 470.86
231.98, 471.08, 595.80
235.71, 470.62, 720.74
349.27, 219.63, 466.32
353.00, 219.17, 591.26
356.73, 218.71, 716.21
351.23, 344.61, 466.72
354.96, 344.15, 591.66
358.69, 343.69, 716.61
353.18, 469.59, 467.12
356.91, 469.13, 592.06
360.64, 468.68, 717.01
100.07, 226.95, 600.07
98.98, 225.12, 725.05
97.88, 223.29, 850.03
96.63, 351.89, 601.87
95.53, 350.06, 726.85
94.44, 348.23, 851.83
93.19, 476.83, 603.67
92.09, 475.00, 728.65
90.99, 473.17, 853.63
225.02, 230.38, 601.21
223.93, 228.55, 726.19
222.83, 226.72, 851.18
221.58, 355.32, 603.01
220.48, 353.49, 727.99
219.39, 351.66, 852.98
218.13, 480.26, 604.81
217.04, 478.43, 729.80
215.94, 476.60, 854.78
349.97, 233.81, 602.36
348.87, 231.98, 727.34
347.78, 230.14, 852.32
346.53, 358.75, 604.16
345.43, 356.92, 729.14
344.33, 355.08, 854.12
343.08, 483.69, 605.96
341.99, 481.86, 730.94
340.89, 480.02, 855.92
100.10, 349.90, 98.05
103.19, 347.24, 222.98
106.28, 344.58, 347.92
100.25, 474.87, 100.71
103.34, 472.21, 225.64
106.43, 469.55, 350.57
100.41, 599.84, 103.37
103.50, 597.18, 228.30
106.59, 594.52, 353.23
225.06, 349.81, 94.96
228.15, 347.15, 219.89
231.24, 344.49, 344.82
225.21, 474.78, 97.61
228.30, 472.12, 222.55
231.39, 469.46, 347.48
225.37, 599.75, 100.27
228.46, 597.09, 225.21
231.55, 594.43, 350.14
350.02, 349.72, 91.86
353.11, 347.06, 216.80
356.20, 344.40, 341.73
350.17, 474.69, 94.52
353.27, 472.03, 219.46
356.36, 469.37, 344.39
350.33, 599.66, 97.18
353.42, 597.00, 222.11
356.51, 594.34, 347.05
98.23, 351.38, 225.42
101.72, 349.97, 350.36
105.20, 348.57, 475.31
101.74, 476.33, 226.73
105.22, 474.92, 351.67
108.71, 473.51, 476.62
105.24, 601.27, 228.04
108.73, 599.86, 352.98
112.21, 598.46, 477.92
223.13, 347.92, 221.90
226.62, 346.51, 346.84
230.10, 345.10, 471.78
226.64, 472.86, 223.21
230.12, 471.45, 348.15
233.61, 470.05, 473.09
230.14, 597.80, 224.51
233.63, 596.40, 349.46
237.11, 594.99, 474.40
348.04, 344.45, 218.37
351.52, 343.04, 343.32
355.01, 341.64, 468.26
351.54, 469.39, 219.68
355.03, 467.99, 344.63
358.51, 466.58, 469.57
355.04, 594.34, 220.99
358.53, 592.93, 345.94
362.01, 591.53, 470.88
99.94, 348.67, 348.34
101.88, 348.04, 473.32
103.82, 347.40, 598.30
100.33, 473.67, 348.96
102.27, 473.03, 473.95
104.21, 472.40, 598.93
100.72, 598.67, 349.59
102.66, 598.03, 474.58
104.60, 597.40, 599.56
224.92, 348.29, 346.40
226.86, 347.65, 471.38
228.80, 347.02, 596.36
225.31, 473.29, 347.02
227.25, 472.65, 472.01
229.19, 472.02, 596.99
225.71, 598.28, 347.65
227.65, 597.65, 472.63
229.59, 597.02, 597.62
349.91, 347.90, 344.45
351.85, 347.27, 469.44
353.78, 346.64, 594.42
350.30, 472.90, 345.08
352.24, 472.27, 470.07
354.18, 471.63, 595.05
350.69, 597.90, 345.71
352.63, 597.27, 470.69
354.57, 596.63, 595.68
101.68, 351.65, 476.77
102.45, 354.92, 601.73
103.23, 358.19, 726.68
100.11, 476.60, 473.51
100.88, 479.86, 598.47
101.66, 483.13, 723.42
98.54, 601.54, 470.25
99.31, 604.81, 595.21
100.09, 608.08, 720.16
226.67, 353.20, 475.96
227.44, 356.47, 600.91
228.22, 359.74, 725.86
225.09, 478.15, 472.70
225.87, 481.41, 597.65
226.65, 484.68, 722.61
223.52, 603.09, 469.44
224.30, 606.36, 594.39
225.08, 609.63, 719.35
351.65, 354.75, 475.14
352.43, 358.02, 600.09
353.21, 361.29, 725.05
350.08, 479.70, 471.88
350.86, 482.97, 596.83
351.64, 486.23, 721.79
348.51, 604.64, 468.62
349.29, 607.91, 593.57
350.06, 611.18, 718.53
100.75, 348.72, 599.32
102.45, 350.42, 724.29
104.14, 352.12, 849.27
98.60, 473.69, 597.65
100.30, 475.39, 722.62
102.00, 477.09, 847.60
96.45, 598.66, 595.98
98.15, 600.36, 720.95
99.85, 602.06, 845.93
225.72, 350.84, 597.59
227.42, 352.54, 722.57
229.11, 354.24, 847.54
223.57, 475.81, 595.92
225.27, 477.51, 720.90
226.97, 479.21, 845.87
221.42, 600.78, 594.25
223.12, 602.48, 719.23
224.82, 604.18, 844.20
350.69, 352.97, 595.86
352.39, 354.67, 720.84
354.08, 356.37, 845.82
348.54, 477.94, 594.19
350.24, 479.64, 719.17
351.94, 481.34, 844.15
346.39, 602.91, 592.52
348.09, 604.61, 717.50
349.79, 606.31, 842.48
98.59, 475.13, 99.55
96.11, 474.26, 224.52
93.63, 473.39, 349.49
95.03, 600.08, 100.35
92.55, 599.21, 225.32
90.07, 598.33, 350.29
91.47, 725.02, 101.15
88.99, 724.15, 226.12
86.51, 723.28, 351.09
223.51, 478.68, 102.05
221.03, 477.80, 227.02
218.55, 476.93, 351.99
219.95, 603.62, 102.85
217.47, 602.75, 227.82
214.99, 601.88, 352.80
216.39, 728.57, 103.65
213.91, 727.70, 228.62
211.43, 726.83, 353.60
348.44, 482.22, 104.55
345.96, 481.35, 229.52
343.48, 480.48, 354.50
344.88, 607.17, 105.35
342.40, 606.29, 230.33
339.92, 605.42, 355.30
341.32, 732.11, 106.15
338.84, 731.24, 231.13
336.36, 730.37, 356.10
99.16, 475.49, 226.96
95.71, 476.12, 351.91
92.26, 476.74, 476.86
96.25, 600.45, 226.25
92.79, 601.08, 351.20
89.34, 601.71, 476.16
93.33, 725.42, 225.55
89.88, 726.05, 350.50
86.42, 726.67, 475.45
224.08, 478.43, 230.40
220.63, 479.05, 355.35
217.18, 479.68, 480.30
221.16, 603.39, 229.69
217.71, 604.02, 354.64
214.26, 604.64, 479.59
218.25, 728.35, 228.98
214.79, 728.98, 353.93
211.34, 729.61, 478.88
349.00, 481.36, 233.84
345.55, 481.99, 358.79
342.09, 482.62, 483.74
346.08, 606.33, 233.13
342.63, 606.95, 358.08
339.18, 607.58, 483.03
343.17, 731.29, 232.42
339.71, 731.92, 357.37
336.26, 732.54, 482.32
98.78, 474.56, 348.24
95.05, 476.27, 473.18
91.32, 477.98, 598.11
99.76, 599.55, 346.56
96.03, 601.26, 471.50
92.29, 602.96, 596.43
100.74, 724.53, 344.88
97.00, 726.24, 469.82
93.27, 727.95, 594.75
223.72, 473.64, 351.99
219.99, 475.34, 476.92
216.26, 477.05, 601.86
224.70, 598.62, 350.31
220.97, 600.33, 475.24
217.23, 602.04, 600.18
225.68, 723.61, 348.63
221.94, 725.31, 473.56
218.21, 727.02, 598.50
348.66, 472.71, 355.74
344.93, 474.42, 480.67
341.20, 476.13, 605.60
349.64, 597.69, 354.06
345.91, 599.40, 478.99
342.17, 601.11, 603.92
350.62, 722.68, 352.38
346.88, 724.39, 477.31
343.15, 726.10, 602.24
98.20, 476.78, 475.30
95.37, 480.10, 600.22
92.54, 483.42, 725.14
100.68, 601.71, 472.03
97.84, 605.03, 596.95
95.01, 608.36, 721.88
103.15, 726.64, 468.76
100.31, 729.97, 593.68
97.48, 733.29, 718.61
223.15, 474.38, 478.19
220.31, 477.70, 603.12
217.48, 481.03, 728.04
225.62, 599.31, 474.93
222.78, 602.64, 599.85
219.95, 605.96, 724.77
228.09, 724.25, 471.66
225.26, 727.57, 596.58
222.42, 730.89, 721.51
348.09, 471.98, 481.09
345.26, 475.31, 606.02
342.42, 478.63, 730.94
350.56, 596.92, 477.82
347.73, 600.24, 602.75
344.89, 603.57, 727.67
353.03, 721.85, 474.56
350.20, 725.17, 599.48
347.36, 728.50, 724.40
100.71, 476.17, 598.63
99.57, 472.56, 723.57
98.42, 468.95, 848.52
97.39, 601.08, 602.21
96.24, 597.47, 727.15
95.10, 593.86, 852.10
94.06, 725.98, 605.79
92.92, 722.37, 730.73
91.77, 718.76, 855.67
225.66, 479.46, 599.87
224.52, 475.85, 724.81
223.37, 472.24, 849.76
222.34, 604.37, 603.45
221.19, 600.76, 728.39
220.05, 597.15, 853.34
219.01, 729.27, 607.03
217.87, 725.66, 731.97
216.72, 722.05, 856.91
350.61, 482.75, 601.11
349.47, 479.14, 726.05
348.32, 475.53, 851.00
347.29, 607.66, 604.69
346.14, 604.05, 729.63
345.00, 600.44, 854.58
343.96, 732.56, 608.27
342.82, 728.95, 733.21
341.67, 725.34, 858.15
100.46, 599.85, 101.92
104.13, 596.65, 226.82
107.80, 593.44, 351.73
101.35, 724.81, 105.10
105.02, 721.60, 230.00
108.69, 718.40, 354.91
102.24, 849.76, 108.28
105.91, 846.56, 233.18
109.58, 843.35, 358.09
225.40, 599.05, 98.23
229.07, 595.85, 223.13
232.74, 592.64, 348.04
226.29, 724.01, 101.41
229.96, 720.81, 226.31
233.63, 717.60, 351.22
227.18, 848.97, 104.59
230.85, 845.76, 229.49
234.52, 842.56, 354.40
350.34, 598.26, 94.54
354.01, 595.05, 219.44
357.68, 591.85, 344.35
351.24, 723.21, 97.72
354.91, 720.01, 222.62
358.57, 716.80, 347.53
352.13, 848.17, 100.90
355.80, 844.96, 225.80
359.47, 841.76, 350.71
101.63, 599.35, 224.71
102.37, 597.04, 349.69
103.12, 594.74, 474.67
98.91, 724.30, 227.03
99.66, 721.99, 352.01
100.41, 719.69, 476.99
96.20, 849.24, 229.35
96.95, 846.94, 354.33
97.69, 844.64, 479.31
226.59, 602.07, 224.02
227.34, 599.77, 348.99
228.09, 597.47, 473.97
223.88, 727.02, 226.34
224.63, 724.72, 351.31
225.37, 722.41, 476.29
221.17, 851.97, 228.66
221.91, 849.67, 353.63
222.66, 847.36, 478.61
351.56, 604.80, 223.32
352.31, 602.50, 348.30
353.06, 600.19, 473.27
348.85, 729.75, 225.64
349.60, 727.45, 350.62
350.34, 725.14, 475.59
346.13, 854.70, 227.96
346.88, 852.39, 352.94
347.63, 850.09, 477.91
101.71, 601.43, 349.56
99.59, 603.65, 474.52
97.48, 605.86, 599.48
100.58, 726.40, 347.32
98.46, 728.62, 472.28
96.35, 730.84, 597.25
99.45, 851.38, 345.09
97.33, 853.60, 470.05
95.22, 855.81, 595.01
226.69, 602.60, 351.65
224.57, 604.81, 476.61
222.46, 607.03, 601.57
225.55, 727.57, 349.41
223.44, 729.79, 474.38
221.33, 732.00, 599.34
224.42, 852.55, 347.18
222.31, 854.76, 472.14
220.20, 856.98, 597.10
351.66, 603.77, 353.74
349.55, 605.98, 478.70
347.44, 608.20, 603.67
350.53, 728.74, 351.51
348.42, 730.96, 476.47
346.30, 733.17, 601.43
349.40, 853.72, 349.27
347.29, 855.93, 474.23
345.17, 858.15, 599.20
99.58, 598.40, 475.65
95.91, 595.46, 600.56
92.24, 592.51, 725.47
102.72, 723.33, 478.69
99.05, 720.38, 603.60
95.38, 717.43, 728.51
105.86, 848.25, 481.73
102.19, 845.30, 606.64
98.52, 842.36, 731.55
224.49, 595.18, 479.24
220.82, 592.23, 604.16
217.15, 589.28, 729.07
227.62, 720.10, 482.28
223.95, 717.16, 607.20
220.28, 714.21, 732.11
230.76, 845.03, 485.32
227.09, 842.08, 610.24
223.42, 839.13, 735.15
349.39, 591.95, 482.84
345.72, 589.01, 607.75
342.05, 586.06, 732.66
352.53, 716.88, 485.88
348.86, 713.93, 610.79
345.19, 710.98, 735.70
355.67, 841.80, 488.92
352.00, 838.85, 613.83
348.33, 835.91, 738.74
101.15, 600.82, 601.39
100.28, 603.52, 726.36
99.41, 606.22, 851.33
99.34, 725.78, 598.68
98.47, 728.48, 723.65
97.60, 731.17, 848.62
97.53, 850.74, 595.97
96.66, 853.43, 720.94
95.79, 856.13, 845.91
226.13, 602.65, 602.22
225.26, 605.35, 727.19
224.39, 608.04, 852.15
224.32, 727.61, 599.51
223.45, 730.31, 724.48
222.58, 733.00, 849.45
222.51, 852.57, 596.80
221.64, 855.26, 721.77
220.77, 857.96, 846.74
351.11, 604.48, 603.05
350.25, 607.18, 728.02
349.38, 609.87, 852.98
349.30, 729.44, 600.34
348.44, 732.13, 725.31
347.57, 734.83, 850.28
347.49, 854.39, 597.63
346.63, 857.09, 722.60
345.76, 859.79, 847.57
226.84, 100.51, 100.71
224.20, 99.27, 225.67
221.55, 98.03, 350.64
224.98, 225.49, 101.91
222.34, 224.25, 226.88
219.70, 223.01, 351.84
223.13, 350.48, 103.11
220.49, 349.23, 228.08
217.84, 347.99, 353.05
351.80, 102.34, 103.37
349.15, 101.10, 228.33
346.51, 99.86, 353.30
349.94, 227.32, 104.57
347.30, 226.08, 229.54
344.66, 224.84, 354.50
348.09, 352.30, 105.78
345.44, 351.06, 230.74
342.80, 349.82, 355.71
476.76, 104.17, 106.03
474.11, 102.93, 231.00
471.47, 101.69, 355.96
474.90, 229.15, 107.23
472.26, 227.91, 232.20
469.61, 226.67, 357.17
473.05, 354.13, 108.44
470.40, 352.89, 233.40
467.76, 351.65, 358.37
223.95, 101.75, 226.04
226.33, 102.69, 351.01
228.72, 103.63, 475.98
222.74, 226.74, 225.12
225.13, 227.68, 350.09
227.52, 228.62, 475.07
221.54, 351.73, 224.20
223.92, 352.67, 349.17
226.31, 353.62, 474.15
348.92, 102.94, 223.64
351.30, 103.88, 348.62
353.69, 104.82, 473.59
347.71, 227.93, 222.72
350.10, 228.87, 347.70
352.49, 229.81, 472.67
346.51, 352.92, 221.80
348.90, 353.86, 346.78
351.28, 354.80, 471.75
473.89, 104.12, 221.25
476.28, 105.07, 346.22
478.66, 106.01, 471.19
472.68, 229.11, 220.33
475.07, 230.06, 345.30
477.46, 231.00, 470.27
471.48, 354.11, 219.41
473.87, 355.05, 344.38
476.25, 355.99, 469.36
225.22, 99.70, 348.24
222.85, 99.78, 473.22
220.47, 99.86, 598.19
226.24, 224.69, 348.18
223.87, 224.77, 473.16
221.49, 224.85, 598.13
227.26, 349.69, 348.12
224.89, 349.77, 473.10
222.51, 349.85, 598.07
350.20, 98.68, 350.62
347.82, 98.76, 475.59
345.45, 98.84, 600.57
351.22, 223.68, 350.56
348.84, 223.76, 475.53
346.46, 223.84, 600.51
352.24, 348.67, 350.50
349.86, 348.75, 475.47
347.48, 348.83, 600.45
475.17, 97.66, 352.99
472.79, 97.74, 477.97
470.42, 97.82, 602.95
476.19, 222.66, 352.93
473.81, 222.74, 477.91
471.44, 222.82, 602.89
477.21, 347.66, 352.87
474.83, 347.73, 477.85
472.46, 347.81, 602.83
226.44, 98.13, 474.74
228.32, 98.77, 599.73
230.20, 99.42, 724.71
227.68, 223.12, 474.08
229.56, 223.77, 599.06
231.44, 224.41, 724.05
228.92, 348.11, 473.42
230.80, 348.76, 598.40
232.68, 349.40, 723.39
351.42, 96.88, 472.87
353.30, 97.52, 597.85
355.18, 98.17, 722.84
352.66, 221.87, 472.21
354.54, 222.51, 597.19
356.42, 223.16, 722.17
353.90, 346.86, 471.54
355.78, 347.51, 596.53
357.66, 348.15, 721.51
476.40, 95.63, 470.99
478.28, 96.27, 595.98
480.16, 96.92, 720.96
477.64, 220.62, 470.33
479.52, 221.26, 595.31
481.40, 221.91, 720.30
478.88, 345.61, 469.67
480.76, 346.26, 594.65
482.64, 346.90, 719.64
223.40, 100.79, 598.39
226.02, 97.72, 723.33
228.64, 94.66, 848.26
226.96, 225.70, 601.38
229.58, 222.64, 726.32
232.20, 219.57, 851.25
230.53, 350.61, 604.37
233.15, 347.55, 729.31
235.77, 344.48, 854.24
348.32, 97.29, 595.69
350.94, 94.22, 720.62
353.56, 91.16, 845.56
351.88, 222.20, 598.68
354.50, 219.14, 723.61
357.13, 216.07, 848.55
355.45, 347.11, 601.67
358.07, 344.05, 726.60
360.69, 340.98, 851.54
473.24, 93.79, 592.98
475.86, 90.72, 717.91
478.48, 87.66, 842.85
476.80, 218.70, 595.97
479.43, 215.63, 720.90
482.05, 212.57, 845.84
480.37, 343.61, 598.96
482.99, 340.55, 723.89
485.61, 337.48, 848.83
223.26, 223.15, 99.12
220.43, 222.70, 224.09
217.59, 222.25, 349.06
225.92, 348.12, 99.63
223.08, 347.67, 224.60
220.24, 347.22, 349.57
228.57, 473.09, 100.14
225.74, 472.64, 225.11
222.90, 472.19, 350.07
348.20, 220.48, 101.95
345.37, 220.04, 226.92
342.53, 219.59, 351.88
350.86, 345.45, 102.46
348.02, 345.01, 227.43
345.18, 344.56, 352.39
353.51, 470.42, 102.97
350.68, 469.98, 227.93
347.84, 469.53, 352.90
473.14, 217.82, 104.78
470.30, 217.37, 229.74
467.47, 216.92, 354.71
475.80, 342.79, 105.29
472.96, 342.34, 230.25
470.12, 341.89, 355.22
478.45, 467.76, 105.79
475.62, 467.31, 230.76
472.78, 466.86, 355.73
223.98, 226.92, 225.54
220.26, 226.21, 350.49
216.53, 225.49, 475.43
224.14, 351.92, 226.26
220.41, 351.20, 351.21
216.69, 350.49, 476.15
224.29, 476.92, 226.98
220.57, 476.20, 351.93
216.84, 475.49, 476.87
348.93, 226.74, 229.27
345.20, 226.03, 354.21
341.48, 225.31, 479.15
349.08, 351.74, 229.99
345.36, 351.03, 354.93
341.63, 350.31, 479.87
349.24, 476.74, 230.71
345.51, 476.02, 355.65
341.79, 475.31, 480.59
473.87, 226.57, 232.99
470.15, 225.85, 357.93
466.42, 225.14, 482.88
474.03, 351.56, 233.71
470.30, 350.85, 358.65
466.58, 350.13, 483.60
474.18, 476.56, 234.43
470.46, 475.85, 359.37
466.73, 475.13, 484.32
225.04, 224.24, 348.38
225.31, 224.44, 473.38
225.57, 224.63, 598.38
225.00, 349.24, 348.19
225.27, 349.44, 473.19
225.53, 349.63, 598.19
224.96, 474.24, 347.99
225.23, 474.44, 472.99
225.49, 474.63, 597.99
350.04, 224.28, 348.12
350.31, 224.47, 473.12
350.57, 224.67, 598.12
350.00, 349.28, 347.92
350.27, 349.47, 472.92
350.53, 349.67, 597.92
349.96, 474.28, 347.73
350.23, 474.47, 472.73
350.49, 474.67, 597.73
475.04, 224.32, 347.85
475.31, 224.51, 472.85
475.57, 224.71, 597.85
475.00, 349.32, 347.66
475.27, 349.51, 472.66
475.53, 349.71, 597.66
474.96, 474.32, 347.46
475.23, 474.51, 472.46
475.49, 474.71, 597.46
223.75, 223.16, 474.42
221.63, 221.38, 599.39
219.51, 219.61, 724.36
226.59, 348.11, 476.24
224.47, 346.34, 601.21
222.35, 344.57, 726.18
229.43, 473.07, 478.06
227.31, 471.29, 603.03
225.19, 469.52, 728.00
348.70, 220.29, 476.50
346.58, 218.51, 601.47
344.46, 216.74, 726.43
351.54, 345.24, 478.32
349.42, 343.47, 603.29
347.30, 341.69, 728.26
354.38, 470.19, 480.14
352.26, 468.42, 605.11
350.14, 466.65, 730.08
473.65, 217.41, 478.57
471.53, 215.64, 603.54
469.41, 213.87, 728.51
476.49, 342.37, 480.39
474.37, 340.60, 605.36
472.25, 338.82, 730.33
479.33, 467.32, 482.22
477.21, 465.55, 607.18
475.09, 463.78, 732.15
225.38, 225.08, 599.45
222.16, 228.52, 724.36
218.93, 231.96, 849.27
225.46, 350.03, 596.01
222.24, 353.47, 720.92
219.01, 356.91, 845.83
225.54, 474.98, 592.57
222.32, 478.42, 717.48
219.09, 481.86, 842.39
350.34, 225.09, 602.67
347.12, 228.52, 727.58
343.89, 231.96, 852.50
350.42, 350.04, 599.23
347.20, 353.48, 724.15
343.97, 356.92, 849.06
350.50, 474.99, 595.80
347.28, 478.43, 720.71
344.05, 481.87, 845.62
475.30, 225.09, 605.90
472.07, 228.53, 730.81
468.85, 231.97, 855.72
475.38, 350.05, 602.46
472.15, 353.49, 727.37
468.93, 356.92, 852.28
475.46, 475.00, 599.02
472.24, 478.44, 723.93
469.01, 481.88, 848.84
226.63, 350.51, 100.26
228.52, 352.73, 225.23
230.41, 354.96, 350.20
227.90, 475.48, 98.02
229.79, 477.71, 222.98
231.69, 479.94, 347.95
229.17, 600.45, 95.77
231.07, 602.68, 220.73
232.96, 604.91, 345.70
351.60, 349.20, 98.39
353.50, 351.43, 223.36
355.39, 353.66, 348.32
352.88, 474.17, 96.14
354.77, 476.40, 221.11
356.67, 478.63, 346.08
354.15, 599.14, 93.90
356.05, 601.37, 218.86
357.94, 603.60, 343.83
476.58, 347.89, 96.52
478.48, 350.12, 221.49
480.37, 352.35, 346.45
477.86, 472.86, 94.27
479.75, 475.09, 219.24
481.65, 477.32, 344.20
479.13, 597.84, 92.02
481.03, 600.06, 216.99
482.92, 602.29, 341.96
226.12, 349.01, 226.59
226.72, 346.98, 351.58
227.31, 344.96, 476.56
223.91, 473.98, 228.63
224.51, 471.95, 353.62
225.10, 469.92, 478.60
221.70, 598.94, 230.67
222.29, 596.91, 355.65
222.89, 594.88, 480.64
351.10, 351.23, 226.03
351.70, 349.21, 351.02
352.29, 347.18, 476.00
348.89, 476.20, 228.07
349.49, 474.17, 353.05
350.08, 472.14, 478.04
346.68, 601.16, 230.11
347.27, 599.13, 355.09
347.87, 597.11, 480.08
476.08, 353.46, 225.47
476.68, 351.43, 350.46
477.27, 349.40, 475.44
473.87, 478.42, 227.51
474.46, 476.39, 352.49
475.06, 474.36, 477.48
471.66, 603.38, 229.55
472.25, 601.35, 354.53
472.85, 599.33, 479.52
223.92, 350.52, 351.06
225.91, 353.82, 476.00
227.90, 357.12, 600.94
220.15, 475.42, 347.82
222.14, 478.73, 472.76
224.14, 482.03, 597.70
216.38, 600.33, 344.58
218.38, 603.63, 469.52
220.37, 606.93, 594.46
348.84, 354.24, 348.96
350.84, 357.54, 473.90
352.83, 360.84, 598.85
345.08, 479.14, 345.72
347.07, 482.44, 470.67
349.06, 485.74, 595.61
341.31, 604.04, 342.49
343.31, 607.34, 467.43
345.30, 610.64, 592.37
473.77, 357.95, 346.87
475.76, 361.25, 471.81
477.76, 364.55, 596.75
470.01, 482.85, 343.63
472.00, 486.15, 468.57
473.99, 489.45, 593.51
466.24, 607.75, 340.39
468.23, 611.05, 465.33
470.23, 614.35, 590.28
224.70, 348.01, 476.95
226.84, 347.01, 601.93
228.98, 346.01, 726.91
224.22, 473.01, 477.96
226.36, 472.01, 602.94
228.50, 471.01, 727.92
223.74, 598.00, 478.97
225.88, 597.00, 603.95
228.02, 596.00, 728.93
349.68, 348.51, 474.82
351.82, 347.51, 599.80
353.96, 346.51, 724.77
349.20, 473.50, 475.83
351.34, 472.50, 600.81
353.48, 471.50, 725.78
348.72, 598.50, 476.84
350.86, 597.50, 601.82
353.00, 596.50, 726.79
474.66, 349.01, 472.68
476.80, 348.00, 597.66
478.94, 347.00, 722.64
474.18, 474.00, 473.69
476.32, 473.00, 598.67
478.46, 472.00, 723.65
473.71, 599.00, 474.70
475.84, 597.99, 599.68
477.98, 596.99, 724.66
224.47, 350.06, 600.92
228.02, 348.71, 725.86
231.56, 347.36, 850.80
223.33, 475.05, 602.30
226.87, 473.70, 727.24
230.42, 472.35, 852.18
222.18, 600.04, 603.68
225.73, 598.69, 728.63
229.28, 597.34, 853.57
349.41, 351.25, 597.38
352.96, 349.90, 722.32
356.51, 348.54, 847.26
348.27, 476.23, 598.76
351.82, 474.88, 723.71
355.37, 473.53, 848.65
347.13, 601.22, 600.15
350.68, 599.87, 725.09
354.22, 598.52, 850.03
474.36, 352.43, 593.84
477.91, 351.08, 718.79
481.45, 349.73, 843.73
473.21, 477.42, 595.23
476.76, 476.06, 720.17
480.31, 474.71, 845.11
472.07, 602.40, 596.61
475.62, 601.05, 721.56
479.17, 599.70, 846.50
226.63, 473.15, 99.25
224.44, 474.72, 224.22
222.26, 476.28, 349.19
224.03, 598.12, 97.64
221.84, 599.68, 222.61
219.66, 601.24, 347.58
221.43, 723.08, 96.03
219.25, 724.64, 221.00
217.06, 726.21, 345.97
351.58, 475.78, 101.40
349.40, 477.34, 226.37
347.21, 478.91, 351.34
348.98, 600.74, 99.79
346.80, 602.31, 224.76
344.61, 603.87, 349.73
346.39, 725.71, 98.18
344.20, 727.27, 223.15
342.01, 728.83, 348.12
476.54, 478.41, 103.55
474.35, 479.97, 228.52
472.16, 481.53, 353.49
473.94, 603.37, 101.94
471.75, 604.93, 226.91
469.57, 606.50, 351.89
471.34, 728.33, 100.33
469.15, 729.89, 225.31
466.97, 731.46, 350.28
224.11, 474.18, 224.16
220.40, 473.33, 349.10
216.70, 472.48, 474.04
220.44, 599.12, 224.90
216.73, 598.27, 349.84
213.02, 597.43, 474.78
216.76, 724.07, 225.64
213.06, 723.22, 350.58
209.35, 722.37, 475.52
349.00, 477.83, 227.89
345.29, 476.98, 352.83
341.59, 476.13, 477.77
345.33, 602.77, 228.63
341.62, 601.92, 353.57
337.91, 601.08, 478.51
341.65, 727.72, 229.37
337.95, 726.87, 354.31
334.24, 726.02, 479.25
473.89, 481.48, 231.62
470.18, 480.63, 356.56
466.48, 479.78, 481.50
470.22, 606.42, 232.36
466.51, 605.57, 357.30
462.80, 604.72, 482.24
466.54, 731.36, 233.10
462.84, 730.52, 358.04
459.13, 729.67, 482.98
224.68, 473.73, 350.98
224.79, 474.83, 475.98
224.90, 475.94, 600.97
227.16, 598.70, 349.88
227.27, 599.81, 474.87
227.39, 600.91, 599.87
229.64, 723.67, 348.78
229.75, 724.78, 473.77
229.87, 725.88, 598.77
349.65, 471.25, 350.89
349.77, 472.35, 475.89
349.88, 473.45, 600.88
352.13, 596.22, 349.79
352.25, 597.32, 474.78
352.36, 598.42, 599.78
354.62, 721.19, 348.68
354.73, 722.29, 473.68
354.84, 723.39, 598.67
474.63, 468.77, 350.80
474.74, 469.87, 475.79
474.85, 470.97, 600.79
477.11, 593.74, 349.70
477.22, 594.84, 474.69
477.34, 595.94, 599.69
479.59, 718.71, 348.59
479.71, 719.81, 473.59
479.82, 720.91, 598.58
225.69, 473.71, 473.29
222.37, 475.80, 598.22
219.05, 477.90, 723.16
226.41, 598.69, 471.21
223.09, 600.78, 596.15
219.77, 602.88, 721.08
227.13, 723.67, 469.13
223.81, 725.76, 594.07
220.49, 727.86, 719.01
350.65, 473.04, 476.62
347.32, 475.14, 601.56
344.00, 477.23, 726.50
351.37, 598.02, 474.54
348.04, 600.12, 599.48
344.72, 602.22, 724.42
352.08, 723.00, 472.46
348.76, 725.10, 597.40
345.44, 727.20, 722.34
475.60, 472.38, 479.95
472.28, 474.48, 604.89
468.96, 476.57, 729.83
476.32, 597.36, 477.88
473.00, 599.46, 602.81
469.67, 601.55, 727.75
477.04, 722.34, 475.80
473.72, 724.44, 600.74
470.39, 726.53, 725.67
224.46, 475.92, 601.03
227.87, 479.30, 725.94
231.28, 482.68, 850.85
220.78, 600.83, 597.76
224.19, 604.21, 722.66
227.60, 607.58, 847.57
217.11, 725.73, 594.48
220.51, 729.11, 719.39
223.92, 732.49, 844.29
349.36, 479.51, 597.53
352.77, 482.89, 722.44
356.18, 486.27, 847.35
345.68, 604.41, 594.25
349.09, 607.79, 719.16
352.50, 611.17, 844.07
342.01, 729.32, 590.97
345.41, 732.69, 715.88
348.82, 736.07, 840.79
474.26, 483.09, 594.03
477.67, 486.47, 718.93
481.07, 489.85, 843.84
470.58, 608.00, 590.75
473.99, 611.38, 715.66
477.40, 614.75, 840.56
466.91, 732.90, 587.47
470.31, 736.28, 712.38
473.72, 739.66, 837.29
223.22, 598.01, 99.99
226.68, 597.56, 224.94
230.14, 597.11, 349.89
220.68, 722.99, 100.51
224.13, 722.54, 225.46
227.59, 722.08, 350.41
218.13, 847.96, 101.03
221.59, 847.51, 225.98
225.05, 847.06, 350.94
348.15, 600.57, 96.54
351.61, 600.12, 221.49
355.06, 599.67, 346.44
345.60, 725.55, 97.06
349.06, 725.10, 222.01
352.52, 724.64, 346.96
343.06, 850.52, 97.58
346.51, 850.07, 222.54
349.97, 849.62, 347.49
473.07, 603.13, 93.09
476.53, 602.68, 218.04
479.99, 602.23, 342.99
470.53, 728.11, 93.61
473.99, 727.66, 218.57
477.44, 727.20, 343.52
467.98, 853.08, 94.14
471.44, 852.63, 219.09
474.90, 852.18, 344.04
226.60, 601.87, 224.18
229.14, 603.06, 349.14
231.68, 604.26, 474.11
225.39, 726.86, 223.00
227.93, 728.05, 347.97
230.47, 729.25, 472.94
224.18, 851.84, 221.83
226.72, 853.04, 346.80
229.26, 854.24, 471.77
351.57, 603.05, 221.62
354.11, 604.25, 346.59
356.65, 605.45, 471.56
350.36, 728.04, 220.45
352.90, 729.24, 345.42
355.44, 730.44, 470.39
349.15, 853.03, 219.28
351.69, 854.23, 344.25
354.23, 855.42, 469.21
476.54, 604.24, 219.07
479.08, 605.44, 344.04
481.62, 606.63, 469.01
475.33, 729.23, 217.90
477.87, 730.43, 342.87
480.41, 731.62, 467.84
474.12, 854.22, 216.73
476.66, 855.41, 341.69
479.20, 856.61, 466.66
224.98, 598.87, 350.03
224.52, 600.25, 475.02
224.07, 601.63, 600.01
224.11, 723.86, 348.65
223.66, 725.24, 473.64
223.20, 726.62, 598.63
223.25, 848.85, 347.27
222.79, 850.23, 472.26
222.33, 851.61, 597.25
349.98, 599.75, 350.48
349.52, 601.12, 475.47
349.06, 602.50, 600.46
349.11, 724.74, 349.10
348.65, 726.11, 474.09
348.20, 727.49, 599.08
348.24, 849.73, 347.72
347.79, 851.10, 472.71
347.33, 852.48, 597.70
474.97, 600.62, 350.92
474.52, 601.99, 475.91
474.06, 603.37, 600.91
474.11, 725.61, 349.54
473.65, 726.98, 474.54
473.19, 728.36, 599.53
473.24, 850.60, 348.16
472.78, 851.97, 473.16
472.33, 853.35, 598.15
224.09, 599.42, 475.86
223.92, 601.51, 600.84
223.75, 603.60, 725.82
222.95, 724.39, 473.76
222.78, 726.48, 598.75
222.62, 728.58, 723.73
221.81, 849.37, 471.67
221.65, 851.46, 596.65
221.48, 853.55, 721.64
349.08, 600.56, 476.00
348.92, 602.65, 600.99
348.75, 604.74, 725.97
347.95, 725.53, 473.91
347.78, 727.62, 598.89
347.61, 729.71, 723.88
346.81, 850.51, 471.82
346.64, 852.60, 596.80
346.48, 854.69, 721.78
474.08, 601.70, 476.15
473.91, 603.79, 601.13
473.74, 605.88, 726.12
472.94, 726.67, 474.06
472.77, 728.76, 599.04
472.61, 730.85, 724.02
471.80, 851.65, 471.97
471.64, 853.74, 596.95
471.47, 855.83, 721.93
224.82, 598.06, 599.51
223.67, 596.22, 724.49
222.53, 594.38, 849.47
224.72, 723.05, 601.35
223.58, 721.21, 726.33
222.43, 719.37, 851.31
224.62, 848.04, 603.19
223.48, 846.20, 728.17
222.33, 844.36, 853.15
349.81, 598.14, 600.65
348.67, 596.30, 725.63
347.52, 594.46, 850.61
349.72, 723.13, 602.49
348.57, 721.29, 727.47
347.43, 719.45, 852.45
349.62, 848.12, 604.33
348.47, 846.28, 729.31
347.33, 844.44, 854.29
474.81, 598.22, 601.80
473.66, 596.38, 726.78
472.52, 594.54, 851.76
474.71, 723.21, 603.64
473.57, 721.37, 728.62
472.42, 719.53, 853.60
474.61, 848.20, 605.48
473.47, 846.36, 730.46
472.32, 844.52, 855.44
350.90, 100.64, 100.74
352.83, 98.47, 225.70
354.77, 96.31, 350.67
349.46, 225.61, 102.92
351.39, 223.44, 227.89
353.33, 221.28, 352.86
348.02, 350.58, 105.11
349.95, 348.42, 230.08
351.89, 346.25, 355.04
475.88, 102.11, 98.83
477.81, 99.95, 223.79
479.75, 97.78, 348.76
474.43, 227.08, 101.01
476.37, 224.92, 225.98
478.30, 222.75, 350.95
472.99, 352.06, 103.20
474.93, 349.89, 228.17
476.86, 347.73, 353.13
600.85, 103.59, 96.92
602.79, 101.42, 221.88
604.72, 99.26, 346.85
599.41, 228.56, 99.10
601.35, 226.39, 224.07
603.28, 224.23, 349.04
597.97, 353.53, 101.29
599.90, 351.37, 226.26
601.84, 349.20, 351.22
350.85, 99.85, 226.40
350.32, 99.37, 351.40
349.79, 98.89, 476.39
350.91, 224.85, 226.88
350.37, 224.37, 351.88
349.84, 223.89, 476.87
350.96, 349.85, 227.36
350.43, 349.37, 352.36
349.89, 348.89, 477.36
475.85, 99.79, 226.93
475.32, 99.31, 351.93
474.78, 98.83, 476.93
475.91, 224.79, 227.41
475.37, 224.31, 352.41
474.84, 223.83, 477.41
475.96, 349.79, 227.89
475.42, 349.31, 352.89
474.89, 348.83, 477.89
600.85, 99.74, 227.47
600.32, 99.26, 352.46
599.78, 98.78, 477.46
600.90, 224.74, 227.95
600.37, 224.26, 352.94
599.84, 223.78, 477.94
600.96, 349.74, 228.43
600.42, 349.26, 353.42
599.89, 348.78, 478.42
351.48, 101.53, 349.94
352.53, 102.58, 474.93
353.58, 103.63, 599.92
348.19, 226.48, 348.91
349.24, 227.53, 473.90
350.29, 228.59, 598.89
344.91, 351.43, 347.89
345.96, 352.49, 472.88
347.01, 353.54, 597.87
476.43, 104.80, 348.86
477.48, 105.86, 473.85
478.53, 106.91, 598.84
473.15, 229.76, 347.84
474.19, 230.81, 472.83
475.24, 231.86, 597.82
469.86, 354.71, 346.81
470.91, 355.76, 471.80
471.96, 356.81, 596.79
601.38, 108.08, 347.78
602.43, 109.13, 472.78
603.48, 110.19, 597.77
598.10, 233.03, 346.76
599.15, 234.08, 471.75
600.20, 235.14, 596.74
594.81, 357.98, 345.73
595.86, 359.04, 470.73
596.91, 360.09, 595.72
348.14, 101.90, 476.30
345.84, 101.13, 601.28
343.55, 100.35, 726.25
350.49, 226.87, 477.12
348.19, 226.10, 602.09
345.90, 225.33, 727.07
352.84, 351.85, 477.93
350.54, 351.08, 602.91
348.25, 350.30, 727.89
473.10, 99.53, 478.58
470.80, 98.76, 603.56
468.50, 97.99, 728.54
475.45, 224.51, 479.40
473.15, 223.74, 604.38
470.85, 222.96, 729.35
477.80, 349.48, 480.22
475.50, 348.71, 605.19
473.20, 347.94, 730.17
598.06, 97.17, 480.87
595.76, 96.40, 605.84
593.46, 95.62, 730.82
600.41, 222.14, 481.68
598.11, 221.37, 606.66
595.81, 220.60, 731.64
602.76, 347.12, 482.50
600.46, 346.35, 607.48
598.16, 345.57, 732.45
349.23, 99.68, 599.16
349.54, 99.24, 724.16
349.85, 98.80, 849.16
346.59, 224.65, 599.60
346.90, 224.21, 724.60
347.21, 223.78, 849.60
343.95, 349.63, 600.05
344.26, 349.19, 725.05
344.57, 348.75, 850.05
474.20, 102.32, 598.86
474.51, 101.88, 723.86
474.82, 101.44, 848.86
471.56, 227.29, 599.30
471.87, 226.85, 724.30
472.18, 226.42, 849.30
468.92, 352.27, 599.75
469.23, 351.83, 724.75
469.54, 351.39, 849.75
599.17, 104.96, 598.56
599.48, 104.52, 723.56
599.79, 104.08, 848.56
596.53, 229.93, 599.01
596.84, 229.50, 724.00
597.15, 229.06, 849.00
593.90, 354.91, 599.45
594.20, 354.47, 724.45
594.51, 354.03, 849.45
349.10, 225.10, 98.97
349.11, 222.18, 223.94
349.12, 219.26, 348.90
346.54, 350.04, 101.89
346.55, 347.12, 226.86
346.56, 344.20, 351.82
343.98, 474.98, 104.81
343.99, 472.06, 229.78
344.00, 469.14, 354.75
474.07, 227.66, 99.02
474.08, 224.74, 223.99
474.09, 221.82, 348.95
471.51, 352.60, 101.94
471.52, 349.68, 226.91
471.53, 346.76, 351.87
468.95, 477.54, 104.87
468.96, 474.62, 229.83
468.97, 471.70, 354.80
599.05, 230.22, 99.07
599.06, 227.30, 224.04
599.06, 224.37, 349.00
596.49, 355.16, 101.99
596.50, 352.24, 226.96
596.51, 349.31, 351.92
593.93, 480.10, 104.92
593.94, 477.18, 229.88
593.95, 474.25, 354.85
348.85, 224.98, 226.77
350.03, 227.39, 351.74
351.21, 229.79, 476.71
347.51, 349.95, 224.37
348.69, 352.36, 349.34
349.87, 354.76, 474.32
346.18, 474.92, 221.98
347.36, 477.33, 346.95
348.54, 479.73, 471.92
473.84, 226.29, 225.57
475.02, 228.70, 350.54
476.19, 231.11, 475.51
472.50, 351.26, 223.17
473.68, 353.67, 348.14
474.86, 356.08, 473.11
471.17, 476.23, 220.77
472.35, 478.64, 345.74
473.53, 481.05, 470.71
598.82, 227.60, 224.36
600.00, 230.01, 349.33
601.18, 232.42, 474.30
597.49, 352.57, 221.96
598.67, 354.98, 346.93
599.85, 357.39, 471.91
596.15, 477.54, 219.57
597.33, 479.95, 344.54
598.51, 482.36, 469.51
350.05, 223.49, 351.97
350.48, 227.05, 476.92
350.91, 230.61, 601.87
350.07, 348.44, 348.42
350.50, 352.00, 473.36
350.93, 355.56, 598.31
350.10, 473.39, 344.86
350.52, 476.95, 469.81
350.95, 480.51, 594.75
475.05, 223.46, 351.55
475.48, 227.02, 476.49
475.91, 230.58, 601.44
475.07, 348.41, 347.99
475.50, 351.97, 472.94
475.93, 355.52, 597.88
475.10, 473.36, 344.43
475.52, 476.92, 469.38
475.95, 480.47, 594.33
600.05, 223.42, 351.12
600.48, 226.98, 476.07
600.91, 230.54, 601.01
600.07, 348.37, 347.56
600.50, 351.93, 472.51
600.93, 355.49, 597.46
600.09, 473.32, 344.00
600.52, 476.88, 468.95
600.95, 480.44, 593.90
351.01, 224.50, 475.79
351.69, 226.72, 600.76
352.36, 228.93, 725.74
350.74, 349.48, 473.57
351.42, 351.70, 598.55
352.09, 353.91, 723.53
350.47, 474.46, 471.36
351.15, 476.68, 596.34
351.82, 478.89, 721.31
476.01, 224.76, 475.11
476.68, 226.98, 600.09
477.36, 229.19, 725.07
475.74, 349.74, 472.90
476.41, 351.96, 597.87
477.09, 354.17, 722.85
475.47, 474.72, 470.68
476.14, 476.94, 595.66
476.81, 479.15, 720.64
601.01, 225.02, 474.43
601.68, 227.24, 599.41
602.35, 229.45, 724.39
600.74, 350.00, 472.22
601.41, 352.22, 597.20
602.08, 354.43, 722.18
600.47, 474.98, 470.01
601.14, 477.20, 594.98
601.81, 479.41, 719.96
349.71, 223.12, 599.03
351.29, 220.51, 724.00
352.87, 217.91, 848.96
349.97, 348.10, 601.64
351.55, 345.49, 726.60
353.13, 342.88, 851.57
350.23, 473.07, 604.24
351.81, 470.46, 729.21
353.39, 467.85, 854.17
474.69, 222.90, 597.45
476.28, 220.29, 722.41
477.86, 217.68, 847.37
474.96, 347.87, 600.05
476.54, 345.26, 725.01
478.12, 342.65, 849.98
475.22, 472.84, 602.66
476.80, 470.23, 727.62
478.38, 467.62, 852.58
599.68, 222.67, 595.86
601.27, 220.06, 720.82
602.85, 217.45, 845.78
599.94, 347.64, 598.46
601.53, 345.03, 723.42
603.11, 342.43, 848.39
600.21, 472.61, 601.07
601.79, 470.01, 726.03
603.37, 467.40, 850.99
350.65, 351.75, 99.71
350.63, 352.01, 224.71
350.61, 352.26, 349.71
353.45, 476.72, 99.46
353.43, 476.97, 224.46
353.41, 477.23, 349.46
356.25, 601.69, 99.21
356.23, 601.94, 224.21
356.21, 602.19, 349.21
475.62, 348.96, 99.74
475.60, 349.21, 224.74
475.58, 349.46, 349.74
478.42, 473.92, 99.49
478.40, 474.18, 224.48
478.38, 474.43, 349.48
481.22, 598.89, 99.23
481.20, 599.14, 224.23
481.18, 599.40, 349.23
600.59, 346.16, 99.76
600.57, 346.41, 224.76
600.55, 346.66, 349.76
603.39, 471.13, 99.51
603.37, 471.38, 224.51
603.35, 471.63, 349.51
606.19, 596.09, 99.26
606.17, 596.35, 224.26
606.14, 596.60, 349.26
350.55, 350.42, 225.13
347.90, 352.87, 350.08
345.25, 355.31, 475.03
351.07, 475.40, 222.70
348.42, 477.84, 347.65
345.77, 480.28, 472.60
351.59, 600.37, 220.27
348.94, 602.82, 345.22
346.29, 605.26, 470.16
475.52, 349.95, 227.79
472.87, 352.40, 352.74
470.22, 354.84, 477.68
476.04, 474.93, 225.36
473.39, 477.37, 350.30
470.74, 479.81, 475.25
476.56, 599.90, 222.92
473.91, 602.35, 347.87
471.26, 604.79, 472.82
600.49, 349.48, 230.44
597.84, 351.93, 355.39
595.19, 354.37, 480.34
601.01, 474.46, 228.01
598.36, 476.90, 352.96
595.71, 479.35, 477.91
601.53, 599.44, 225.58
598.88, 601.88, 350.53
596.24, 604.32, 475.48
348.68, 350.06, 350.35
349.74, 350.26, 475.35
350.81, 350.46, 600.34
348.15, 475.06, 350.15
349.22, 475.26, 475.15
350.29, 475.46, 600.14
347.63, 600.06, 349.96
348.69, 600.26, 474.95
349.76, 600.46, 599.95
473.67, 350.58, 349.28
474.74, 350.78, 474.28
475.80, 350.99, 599.27
473.14, 475.58, 349.08
474.21, 475.78, 474.08
475.28, 475.99, 599.08
472.62, 600.58, 348.89
473.69, 600.78, 473.88
474.75, 600.98, 598.88
598.66, 351.11, 348.21
599.73, 351.31, 473.21
600.80, 351.51, 598.20
598.14, 476.10, 348.02
599.21, 476.31, 473.01
600.27, 476.51, 598.01
597.61, 601.10, 347.82
598.68, 601.31, 472.81
599.75, 601.51, 597.81
348.44, 349.72, 474.58
346.11, 347.05, 599.53
343.78, 344.38, 724.48
349.15, 474.69, 477.26
346.82, 472.02, 602.21
344.49, 469.35, 727.16
349.87, 599.66, 479.95
347.54, 596.99, 604.90
345.21, 594.32, 729.85
473.42, 348.95, 476.89
471.09, 346.28, 601.84
468.76, 343.62, 726.79
474.13, 473.92, 479.58
471.80, 471.25, 604.53
469.47, 468.58, 729.48
474.85, 598.89, 482.26
472.51, 596.22, 607.21
470.18, 593.55, 732.16
598.39, 348.19, 479.21
596.06, 345.52, 604.16
593.73, 342.85, 729.11
599.11, 473.16, 481.89
596.78, 470.49, 606.84
594.45, 467.82, 731.79
599.82, 598.13, 484.57
597.49, 595.46, 609.52
595.16, 592.79, 734.47
350.11, 350.68, 600.53
347.91, 352.34, 725.50
345.71, 354.00, 850.47
353.17, 475.64, 598.93
350.97, 477.30, 723.90
348.78, 478.96, 848.87
356.24, 600.59, 597.32
354.04, 602.25, 722.29
351.84, 603.91, 847.26
475.05, 347.64, 602.77
472.85, 349.30, 727.74
470.65, 350.97, 852.71
478.12, 472.60, 601.17
475.92, 474.26, 726.14
473.72, 475.92, 851.11
481.19, 597.55, 599.56
478.99, 599.21, 724.53
476.79, 600.87, 849.50
599.99, 344.60, 605.01
597.79, 346.27, 729.98
595.59, 347.93, 854.95
603.06, 469.56, 603.41
600.86, 471.22, 728.38
598.66, 472.88, 853.35
606.13, 594.51, 601.80
603.93, 596.17, 726.77
601.73, 597.83, 851.74
348.10, 473.04, 99.69
348.74, 471.22, 224.68
349.38, 469.40, 349.66
350.09, 598.02, 101.51
350.73, 596.19, 226.49
351.38, 594.37, 351.48
352.09, 722.99, 103.32
352.73, 721.16, 228.31
353.37, 719.34, 353.29
473.08, 471.06, 99.02
473.72, 469.24, 224.01
474.36, 467.41, 348.99
475.07, 596.03, 100.84
475.72, 594.21, 225.82
476.36, 592.38, 350.81
477.07, 721.00, 102.65
477.71, 719.18, 227.63
478.35, 717.35, 352.62
598.06, 469.07, 98.35
598.70, 467.25, 223.34
599.35, 465.43, 348.32
600.06, 594.05, 100.16
600.70, 592.22, 225.15
601.34, 590.40, 350.13
602.05, 719.02, 101.98
602.69, 717.19, 226.96
603.34, 715.37, 351.95
348.37, 475.71, 223.13
348.64, 475.07, 348.12
348.91, 474.42, 473.12
345.56, 600.68, 223.78
345.83, 600.04, 348.78
346.10, 599.39, 473.77
342.75, 725.65, 224.43
343.02, 725.00, 349.43
343.30, 724.36, 474.42
473.34, 478.52, 222.87
473.61, 477.88, 347.87
473.88, 477.23, 472.87
470.53, 603.49, 223.52
470.80, 602.85, 348.52
471.07, 602.20, 473.52
467.72, 728.46, 224.17
467.99, 727.81, 349.17
468.26, 727.17, 474.17
598.30, 481.33, 222.61
598.58, 480.69, 347.61
598.85, 480.04, 472.61
595.50, 606.30, 223.26
595.77, 605.65, 348.26
596.04, 605.01, 473.26
592.69, 731.27, 223.91
592.96, 730.62, 348.91
593.23, 729.98, 473.91
348.80, 475.38, 348.03
346.37, 474.93, 473.01
343.94, 474.48, 597.98
349.96, 600.38, 348.50
347.53, 599.93, 473.48
345.10, 599.48, 598.45
351.13, 725.37, 348.97
348.70, 724.92, 473.95
346.26, 724.47, 598.92
473.77, 474.21, 350.46
471.34, 473.76, 475.43
468.91, 473.31, 600.41
474.93, 599.20, 350.93
472.50, 598.75, 475.90
470.07, 598.31, 600.88
476.10, 724.20, 351.40
473.67, 723.75, 476.38
471.23, 723.30, 601.35
598.74, 473.04, 352.89
596.31, 472.59, 477.86
593.88, 472.14, 602.84
599.91, 598.03, 353.36
597.47, 597.58, 478.33
595.04, 597.13, 603.31
601.07, 723.02, 353.83
598.64, 722.58, 478.80
596.20, 722.13, 603.78
351.71, 474.74, 476.67
352.41, 471.95, 601.64
353.12, 469.15, 726.60
351.01, 599.71, 479.47
351.72, 596.91, 604.44
352.42, 594.12, 729.40
350.31, 724.68, 482.27
351.02, 721.88, 607.24
351.72, 719.08, 732.20
476.70, 475.45, 475.98
477.41, 472.66, 600.95
478.11, 469.86, 725.91
476.01, 600.42, 478.78
476.71, 597.62, 603.75
477.42, 594.83, 728.72
475.31, 725.39, 481.58
476.02, 722.59, 606.55
476.72, 719.79, 731.52
601.70, 476.17, 475.29
602.40, 473.37, 600.26
603.11, 470.57, 725.23
601.00, 601.13, 478.09
601.71, 598.34, 603.06
602.41, 595.54, 728.03
600.31, 726.10, 480.89
601.01, 723.30, 605.86
601.72, 720.51, 730.83
348.11, 476.46, 601.16
348.05, 476.01, 726.16
347.98, 475.56, 851.16
345.72, 601.44, 601.61
345.66, 600.99, 726.61
345.60, 600.54, 851.61
343.34, 726.41, 602.06
343.27, 725.96, 727.06
343.21, 725.52, 852.06
473.09, 478.85, 601.24
473.02, 478.40, 726.24
472.96, 477.95, 851.23
470.70, 603.82, 601.68
470.64, 603.37, 726.68
470.57, 602.93, 851.68
468.31, 728.80, 602.13
468.25, 728.35, 727.13
468.19, 727.90, 852.13
598.06, 481.23, 601.31
598.00, 480.78, 726.31
597.94, 480.33, 851.31
595.68, 606.21, 601.76
595.61, 605.76, 726.75
595.55, 605.31, 851.75
593.29, 731.19, 602.20
593.23, 730.74, 727.20
593.16, 730.29, 852.20
350.27, 599.64, 101.03
346.69, 603.07, 225.93
343.12, 606.50, 350.83
353.43, 724.55, 97.69
349.85, 727.98, 222.59
346.28, 731.41, 347.49
356.59, 849.47, 94.35
353.01, 852.90, 219.25
349.44, 856.33, 344.15
475.18, 596.57, 104.69
471.60, 600.01, 229.59
468.03, 603.44, 354.49
478.34, 721.49, 101.35
474.76, 724.92, 226.25
471.19, 728.35, 351.15
481.50, 846.40, 98.01
477.92, 849.84, 222.91
474.35, 853.27, 347.81
600.09, 593.51, 108.35
596.51, 596.94, 233.25
592.94, 600.37, 358.15
603.25, 718.43, 105.01
599.67, 721.86, 229.91
596.10, 725.29, 354.81
606.41, 843.34, 101.67
602.83, 846.77, 226.57
599.26, 850.20, 351.47
349.93, 599.58, 223.42
351.70, 598.78, 348.41
353.47, 597.98, 473.39
347.55, 724.56, 224.26
349.32, 723.75, 349.24
351.09, 722.95, 474.23
345.17, 849.53, 225.09
346.94, 848.73, 350.08
348.70, 847.93, 475.06
474.90, 601.98, 221.67
476.67, 601.17, 346.65
478.43, 600.37, 471.64
472.52, 726.95, 222.51
474.28, 726.15, 347.49
476.05, 725.35, 472.48
470.14, 851.93, 223.34
471.90, 851.12, 348.33
473.67, 850.32, 473.31
599.86, 604.37, 219.92
601.63, 603.57, 344.90
603.40, 602.76, 469.89
597.48, 729.34, 220.75
599.25, 728.54, 345.74
601.02, 727.74, 470.72
595.10, 854.32, 221.59
596.87, 853.52, 346.58
598.63, 852.71, 471.56
351.80, 599.73, 348.91
352.69, 596.76, 473.87
353.59, 593.79, 598.83
353.94, 724.67, 351.86
354.84, 721.70, 476.82
355.74, 718.74, 601.78
356.09, 849.62, 354.81
356.98, 846.65, 479.77
357.88, 843.68, 604.74
476.78, 597.60, 347.96
477.67, 594.63, 472.92
478.57, 591.67, 597.88
478.92, 722.55, 350.91
479.82, 719.58, 475.88
480.71, 716.61, 600.84
481.07, 847.50, 353.87
481.96, 844.53, 478.83
482.86, 841.56, 603.79
601.75, 595.48, 347.01
602.65, 592.51, 471.98
603.55, 589.54, 596.94
603.90, 720.43, 349.97
604.80, 717.46, 474.93
605.69, 714.49, 599.89
606.04, 845.37, 352.92
606.94, 842.40, 477.88
607.84, 839.44, 602.84
350.44, 598.83, 474.69
351.12, 600.86, 599.67
351.80, 602.90, 724.65
353.89, 723.76, 472.63
354.56, 725.80, 597.61
355.24, 727.83, 722.60
357.33, 848.70, 470.58
358.01, 850.73, 595.56
358.69, 852.77, 720.54
475.39, 595.37, 474.06
476.07, 597.41, 599.05
476.75, 599.44, 724.03
478.84, 720.31, 472.01
479.51, 722.34, 596.99
480.19, 724.38, 721.98
482.28, 845.24, 469.96
482.96, 847.28, 594.94
483.64, 849.31, 719.92
600.34, 591.92, 473.44
601.02, 593.95, 598.42
601.70, 595.99, 723.41
603.79, 716.85, 471.39
604.46, 718.89, 596.37
605.14, 720.92, 721.35
607.23, 841.79, 469.34
607.91, 843.82, 594.32
608.59, 845.86, 719.30
351.72, 601.17, 601.69
352.46, 600.28, 726.69
353.20, 599.40, 851.68
352.04, 726.16, 602.58
352.78, 725.28, 727.57
353.52, 724.40, 852.57
352.36, 851.16, 603.46
353.10, 850.28, 728.45
353.84, 849.39, 853.45
476.72, 600.85, 600.95
477.46, 599.97, 725.95
478.20, 599.08, 850.94
477.04, 725.85, 601.83
477.78, 724.96, 726.83
478.52, 724.08, 851.82
477.36, 850.84, 602.71
478.10, 849.96, 727.71
478.84, 849.08, 852.70
601.71, 600.54, 600.21
602.46, 599.65, 725.20
603.20, 598.77, 850.20
602.03, 725.53, 601.09
602.78, 724.65, 726.08
603.52, 723.77, 851.08
602.35, 850.53, 601.97
603.10, 849.65, 726.96
603.84, 848.76, 851.96
476.85, 99.13, 99.03
475.79, 98.53, 224.02
474.72, 97.93, 349.01
477.67, 224.12, 99.63
476.60, 223.53, 224.62
475.53, 222.93, 349.62
478.49, 349.12, 100.23
477.42, 348.52, 225.23
476.35, 347.93, 350.22
601.85, 98.31, 100.09
600.78, 97.71, 225.08
599.71, 97.11, 350.08
602.66, 223.30, 100.69
601.59, 222.71, 225.69
600.53, 222.11, 350.68
603.48, 348.30, 101.30
602.41, 347.70, 226.29
601.34, 347.10, 351.28
726.84, 97.49, 101.15
725.77, 96.89, 226.15
724.70, 96.29, 351.14
727.66, 222.48, 101.76
726.59, 221.88, 226.75
725.52, 221.29, 351.74
728.47, 347.48, 102.36
727.40, 346.88, 227.35
726.34, 346.28, 352.35
475.36, 99.37, 224.75
472.80, 98.66, 349.72
470.24, 97.96, 474.70
478.82, 224.32, 225.53
476.26, 223.61, 350.50
473.71, 222.91, 475.47
482.29, 349.27, 226.30
479.73, 348.56, 351.27
477.17, 347.86, 476.24
600.28, 95.89, 227.29
597.72, 95.18, 352.26
595.17, 94.48, 477.23
603.75, 220.84, 228.06
601.19, 220.13, 353.04
598.63, 219.43, 478.01
607.21, 345.79, 228.84
604.65, 345.08, 353.81
602.10, 344.38, 478.78
725.21, 92.41, 229.83
722.65, 91.70, 354.80
720.09, 91.00, 479.77
728.67, 217.36, 230.60
726.11, 216.65, 355.57
723.56, 215.95, 480.54
732.14, 342.31, 231.38
729.58, 341.60, 356.35
727.02, 340.90, 481.32
476.47, 99.87, 349.87
475.06, 96.22, 474.81
473.64, 92.56, 599.74
475.35, 224.81, 353.51
473.94, 221.16, 478.45
472.53, 217.51, 603.38
474.23, 349.75, 357.15
472.82, 346.10, 482.09
471.41, 342.45, 607.02
601.45, 100.95, 351.31
600.04, 97.29, 476.25
598.63, 93.64, 601.19
600.34, 225.89, 354.95
598.92, 222.23, 479.89
597.51, 218.58, 604.83
599.22, 350.83, 358.59
597.81, 347.18, 483.53
596.40, 343.52, 608.47
726.44, 102.02, 352.75
725.03, 98.37, 477.69
723.62, 94.72, 602.63
725.32, 226.96, 356.39
723.91, 223.31, 481.33
722.50, 219.66, 606.27
724.21, 351.91, 360.03
722.79, 348.25, 484.97
721.38, 344.60, 609.91
473.74, 98.51, 474.67
470.56, 99.35, 599.63
467.38, 100.19, 724.59
474.40, 223.51, 473.85
471.22, 224.34, 598.81
468.05, 225.18, 723.77
475.07, 348.50, 473.03
471.89, 349.34, 597.99
468.71, 350.18, 722.95
598.69, 97.87, 477.86
595.52, 98.70, 602.81
592.34, 99.54, 727.77
599.36, 222.86, 477.04
596.18, 223.70, 601.99
593.01, 224.54, 726.95
600.03, 347.86, 476.21
596.85, 348.69, 601.17
593.67, 349.53, 726.13
723.65, 97.22, 481.04
720.48, 98.06, 605.99
717.30, 98.90, 730.95
724.32, 222.22, 480.22
721.14, 223.05, 605.17
717.96, 223.89, 730.13
724.98, 347.21, 479.40
721.81, 348.05, 604.35
718.63, 348.89, 729.31
473.30, 99.17, 601.93
473.96, 96.95, 726.91
474.61, 94.74, 851.89
474.45, 224.14, 604.14
475.11, 221.93, 729.12
475.76, 219.71, 854.10
475.60, 349.12, 606.35
476.25, 346.90, 731.33
476.91, 344.69, 856.31
598.29, 98.03, 601.25
598.95, 95.82, 726.23
599.61, 93.60, 851.21
599.44, 223.01, 603.47
600.10, 220.79, 728.44
600.75, 218.57, 853.42
600.59, 347.98, 605.68
601.25, 345.77, 730.66
601.90, 343.55, 855.63
723.29, 96.90, 600.58
723.94, 94.68, 725.56
724.60, 92.46, 850.54
724.44, 221.87, 602.79
725.09, 219.66, 727.77
725.75, 217.44, 852.75
725.58, 346.85, 605.00
726.24, 344.63, 729.98
726.90, 342.41, 854.96
476.71, 225.71, 98.14
473.85, 226.00, 223.11
470.98, 226.28, 348.08
477.80, 350.70, 97.88
474.94, 350.99, 222.85
472.07, 351.28, 347.81
478.89, 475.70, 97.62
476.02, 475.99, 222.59
473.16, 476.27, 347.55
601.68, 224.63, 101.01
598.81, 224.91, 225.98
595.94, 225.20, 350.95
602.77, 349.62, 100.75
599.90, 349.91, 225.72
597.03, 350.20, 350.68
603.85, 474.62, 100.49
600.99, 474.90, 225.46
598.12, 475.19, 350.42
726.64, 223.54, 103.88
723.77, 223.83, 228.85
720.91, 224.12, 353.82
727.73, 348.54, 103.62
724.86, 348.83, 228.59
721.99, 349.11, 353.55
728.82, 473.53, 103.36
725.95, 473.82, 228.32
723.08, 474.11, 353.29
474.62, 223.74, 225.87
474.28, 223.21, 350.87
473.94, 222.68, 475.86
475.00, 348.74, 226.40
474.66, 348.21, 351.39
474.32, 347.68, 476.39
475.37, 473.73, 226.92
475.03, 473.21, 351.92
474.70, 472.68, 476.92
599.62, 223.36, 226.21
599.28, 222.83, 351.20
598.94, 222.31, 476.20
600.00, 348.36, 226.73
599.66, 347.83, 351.73
599.32, 347.30, 476.73
600.37, 473.36, 227.26
600.03, 472.83, 352.26
599.69, 472.30, 477.26
724.62, 222.98, 226.54
724.28, 222.45, 351.54
723.94, 221.93, 476.54
725.00, 347.98, 227.07
724.66, 347.45, 352.07
724.32, 346.93, 477.07
725.37, 472.98, 227.60
725.03, 472.45, 352.60
724.69, 471.92, 477.60
474.13, 223.45, 349.54
477.77, 223.52, 474.48
481.41, 223.59, 599.43
473.86, 348.45, 349.48
477.50, 348.52, 474.42
481.14, 348.59, 599.37
473.59, 473.45, 349.42
477.23, 473.52, 474.36
480.87, 473.59, 599.31
599.07, 223.72, 345.89
602.71, 223.78, 470.84
606.36, 223.85, 595.79
598.80, 348.72, 345.83
602.45, 348.78, 470.78
606.09, 348.85, 595.73
598.53, 473.72, 345.77
602.18, 473.78, 470.72
605.82, 473.85, 595.67
724.02, 223.98, 342.25
727.66, 224.05, 467.20
731.30, 224.12, 592.15
723.75, 348.98, 342.19
727.39, 349.05, 467.14
731.03, 349.12, 592.09
723.48, 473.98, 342.13
727.12, 474.05, 467.08
730.77, 474.12, 592.03
474.50, 223.23, 476.47
472.18, 221.09, 601.43
469.85, 218.96, 726.39
477.46, 348.18, 478.66
475.14, 346.04, 603.62
472.81, 343.90, 728.58
480.42, 473.12, 480.85
478.10, 470.98, 605.81
475.77, 468.85, 730.77
599.44, 220.23, 478.74
597.12, 218.09, 603.70
594.79, 215.96, 728.66
602.41, 345.17, 480.93
600.08, 343.04, 605.89
597.76, 340.90, 730.85
605.37, 470.12, 483.12
603.04, 467.98, 608.08
600.72, 465.85, 733.04
724.39, 217.23, 481.02
722.06, 215.09, 605.98
719.74, 212.95, 730.94
727.35, 342.17, 483.21
725.02, 340.04, 608.17
722.70, 337.90, 733.13
730.31, 467.12, 485.40
727.98, 464.98, 610.36
725.66, 462.85, 735.32
473.24, 224.64, 599.04
473.61, 221.73, 724.00
473.98, 218.82, 848.97
473.73, 349.61, 601.95
474.10, 346.69, 726.91
474.47, 343.78, 851.88
474.23, 474.57, 604.86
474.60, 471.66, 729.82
474.97, 468.75, 854.79
598.24, 224.16, 598.65
598.61, 221.24, 723.62
598.98, 218.33, 848.59
598.73, 349.12, 601.57
599.10, 346.21, 726.53
599.47, 343.30, 851.50
599.22, 474.09, 604.48
599.59, 471.17, 729.44
599.96, 468.26, 854.41
723.24, 223.67, 598.27
723.61, 220.76, 723.24
723.98, 217.85, 848.20
723.73, 348.64, 601.18
724.10, 345.73, 726.15
724.47, 342.81, 851.12
724.22, 473.60, 604.10
724.59, 470.69, 729.06
724.96, 467.78, 854.03
476.47, 351.55, 101.16
474.44, 354.05, 226.12
472.41, 356.55, 351.08
475.91, 476.52, 98.65
473.88, 479.02, 223.61
471.85, 481.53, 348.56
475.35, 601.50, 96.13
473.32, 604.00, 221.09
471.29, 606.50, 346.05
601.45, 352.15, 103.18
599.42, 354.65, 228.14
597.39, 357.16, 353.10
600.89, 477.12, 100.67
598.86, 479.63, 225.63
596.83, 482.13, 350.58
600.33, 602.10, 98.16
598.30, 604.60, 223.11
596.27, 607.10, 348.07
726.44, 352.75, 105.20
724.40, 355.25, 230.16
722.37, 357.76, 355.12
725.88, 477.72, 102.69
723.84, 480.23, 227.65
721.81, 482.73, 352.61
725.32, 602.70, 100.18
723.28, 605.20, 225.13
721.25, 607.70, 350.09
475.58, 348.21, 223.79
473.62, 347.95, 348.77
471.66, 347.69, 473.75
475.94, 473.21, 224.05
473.98, 472.95, 349.04
472.02, 472.69, 474.02
476.30, 598.21, 224.32
474.34, 597.95, 349.30
472.38, 597.68, 474.29
600.57, 347.85, 225.74
598.61, 347.58, 350.73
596.65, 347.32, 475.71
600.93, 472.85, 226.01
598.97, 472.58, 351.00
597.01, 472.32, 475.98
601.28, 597.84, 226.28
599.32, 597.58, 351.26
597.36, 597.32, 476.25
725.55, 347.48, 227.70
723.59, 347.22, 352.69
721.63, 346.96, 477.67
725.91, 472.48, 227.97
723.95, 472.22, 352.96
721.99, 471.96, 477.94
726.27, 597.48, 228.24
724.31, 597.22, 353.22
722.35, 596.96, 478.21
476.02, 349.70, 349.88
479.05, 349.47, 474.84
482.09, 349.24, 599.81
477.38, 474.69, 350.08
480.41, 474.46, 475.04
483.45, 474.23, 600.00
478.74, 599.68, 350.28
481.77, 599.45, 475.24
484.81, 599.22, 600.20
600.97, 348.34, 346.84
604.01, 348.11, 471.80
607.05, 347.88, 596.77
602.33, 473.33, 347.04
605.37, 473.10, 472.00
608.41, 472.87, 596.96
603.69, 598.33, 347.24
606.73, 598.10, 472.20
609.77, 597.87, 597.16
725.93, 346.99, 343.80
728.97, 346.76, 468.76
732.00, 346.53, 593.73
727.29, 471.98, 344.00
730.33, 471.75, 468.96
733.36, 471.52, 593.92
728.65, 596.97, 344.19
731.69, 596.74, 469.16
734.72, 596.51, 594.12
474.99, 350.43, 473.95
475.20, 348.69, 598.94
475.41, 346.96, 723.93
477.25, 475.39, 475.68
477.46, 473.66, 600.67
477.66, 471.92, 725.66
479.51, 600.36, 477.41
479.71, 598.63, 602.40
479.92, 596.89, 727.39
599.97, 348.17, 473.71
600.18, 346.44, 598.70
600.39, 344.70, 723.69
602.23, 473.14, 475.44
602.44, 471.40, 600.43
602.64, 469.67, 725.42
604.49, 598.11, 477.17
604.69, 596.37, 602.16
604.90, 594.64, 727.15
724.95, 345.92, 473.47
725.16, 344.18, 598.46
725.37, 342.45, 723.45
727.21, 470.88, 475.20
727.42, 469.15, 600.19
727.62, 467.41, 725.18
729.46, 595.85, 476.93
729.67, 594.12, 601.92
729.88, 592.38, 726.91
474.52, 348.81, 599.18
477.24, 347.16, 724.14
479.97, 345.51, 849.10
477.81, 473.75, 600.76
480.54, 472.10, 725.72
483.27, 470.46, 850.68
481.11, 598.70, 602.33
483.83, 597.05, 727.29
486.56, 595.40, 852.25
599.44, 345.55, 596.41
602.17, 343.90, 721.37
604.90, 342.25, 846.33
602.74, 470.49, 597.99
605.46, 468.85, 722.95
608.19, 467.20, 847.91
606.03, 595.44, 599.56
608.76, 593.79, 724.52
611.49, 592.14, 849.48
724.37, 342.29, 593.64
727.10, 340.64, 718.60
729.82, 338.99, 843.56
727.66, 467.23, 595.22
730.39, 465.59, 720.18
733.12, 463.94, 845.14
730.96, 592.18, 596.79
733.69, 590.53, 721.75
736.41, 588.89, 846.71
473.39, 476.92, 101.66
472.02, 474.32, 226.62
470.65, 471.71, 351.59
474.13, 601.90, 104.27
472.76, 599.29, 229.23
471.39, 596.68, 354.20
474.86, 726.87, 106.88
473.49, 724.26, 231.85
472.12, 721.66, 356.81
598.38, 476.16, 103.01
597.01, 473.56, 227.98
595.64, 470.95, 352.94
599.12, 601.13, 105.62
597.75, 598.53, 230.59
596.38, 595.92, 355.55
599.85, 726.10, 108.24
598.48, 723.50, 233.20
597.11, 720.89, 358.17
723.37, 475.40, 104.36
722.00, 472.80, 229.33
720.63, 470.19, 354.29
724.11, 600.37, 106.98
722.74, 597.77, 231.94
721.37, 595.16, 356.91
724.84, 725.34, 109.59
723.47, 722.74, 234.56
722.10, 720.13, 359.52
475.67, 476.53, 223.43
472.39, 476.55, 348.39
469.11, 476.57, 473.34
472.22, 601.48, 223.32
468.93, 601.50, 348.27
465.65, 601.52, 473.23
468.76, 726.43, 223.20
465.48, 726.45, 348.16
462.19, 726.48, 473.12
600.58, 479.99, 226.71
597.30, 480.01, 351.67
594.02, 480.03, 476.62
597.12, 604.94, 226.60
593.84, 604.96, 351.55
590.56, 604.98, 476.51
593.67, 729.89, 226.48
590.38, 729.91, 351.44
587.10, 729.94, 476.40
725.49, 483.45, 229.99
722.21, 483.47, 354.95
718.93, 483.49, 479.90
722.03, 608.40, 229.88
718.75, 608.42, 354.83
715.47, 608.44, 479.79
718.58, 733.35, 229.76
715.29, 733.37, 354.72
712.01, 733.40, 479.68
475.51, 476.75, 349.40
477.63, 476.39, 474.38
479.75, 476.03, 599.36
478.30, 601.72, 349.71
480.42, 601.36, 474.69
482.54, 601.00, 599.68
481.09, 726.69, 350.03
483.21, 726.33, 475.01
485.33, 725.97, 599.99
600.46, 473.97, 347.27
602.58, 473.61, 472.25
604.70, 473.25, 597.24
603.25, 598.94, 347.59
605.37, 598.58, 472.57
607.49, 598.22, 597.55
606.04, 723.91, 347.90
608.16, 723.55, 472.88
610.28, 723.19, 597.86
725.41, 471.19, 345.15
727.53, 470.83, 470.13
729.65, 470.47, 595.11
728.20, 596.16, 345.46
730.32, 595.80, 470.44
732.44, 595.44, 595.42
730.99, 721.13, 345.77
733.11, 720.77, 470.75
735.23, 720.41, 595.73
473.08, 473.06, 475.26
472.84, 474.72, 600.25
472.59, 476.39, 725.23
471.24, 598.03, 473.59
470.99, 599.70, 598.57
470.75, 601.37, 723.56
469.40, 723.01, 471.91
469.15, 724.67, 596.90
468.91, 726.34, 721.89
598.07, 474.90, 475.48
597.82, 476.57, 600.47
597.58, 478.24, 725.46
596.23, 599.88, 473.81
595.98, 601.55, 598.80
595.73, 603.21, 723.78
594.38, 724.85, 472.13
594.14, 726.52, 597.12
593.89, 728.19, 722.11
723.06, 476.75, 475.70
722.81, 478.42, 600.69
722.56, 480.08, 725.68
721.21, 601.72, 474.03
720.97, 603.39, 599.02
720.72, 605.06, 724.01
719.37, 726.70, 472.36
719.12, 728.37, 597.34
718.88, 730.04, 722.33
474.54, 474.92, 599.46
472.21, 477.67, 724.41
469.88, 480.43, 849.36
473.00, 599.88, 596.68
470.67, 602.63, 721.63
468.34, 605.39, 846.58
471.47, 724.84, 593.90
469.14, 727.59, 718.85
466.81, 730.35, 843.80
599.51, 476.51, 601.76
597.18, 479.26, 726.71
594.85, 482.01, 851.65
597.97, 601.47, 598.98
595.64, 604.22, 723.92
593.31, 606.97, 848.87
596.44, 726.43, 596.20
594.11, 729.18, 721.14
591.78, 731.93, 846.09
724.48, 478.10, 604.05
722.15, 480.85, 729.00
719.82, 483.60, 853.95
722.94, 603.06, 601.27
720.61, 605.81, 726.22
718.28, 608.56, 851.17
721.41, 728.02, 598.49
719.08, 730.77, 723.44
716.75, 733.52, 848.39
476.02, 598.17, 98.03
479.19, 597.37, 222.99
482.36, 596.58, 347.95
475.10, 723.16, 98.85
478.27, 722.37, 223.81
481.44, 721.58, 348.76
474.18, 848.15, 99.66
477.35, 847.36, 224.62
480.52, 846.57, 349.58
600.98, 599.11, 94.87
604.15, 598.31, 219.83
607.32, 597.52, 344.78
600.06, 724.10, 95.69
603.23, 723.31, 220.64
606.40, 722.52, 345.60
599.14, 849.09, 96.50
602.31, 848.30, 221.46
605.48, 847.51, 346.41
725.93, 600.04, 91.71
729.10, 599.25, 216.66
732.27, 598.46, 341.62
725.02, 725.04, 92.52
728.19, 724.25, 217.48
731.36, 723.45, 342.43
724.10, 850.03, 93.34
727.27, 849.24, 218.29
730.44, 848.45, 343.25
476.23, 601.09, 224.51
477.10, 600.08, 349.50
477.97, 599.07, 474.50
475.02, 726.08, 225.53
475.89, 725.07, 350.52
476.76, 724.06, 475.52
473.81, 851.07, 226.55
474.68, 850.06, 351.54
475.55, 849.05, 476.54
601.22, 602.30, 223.65
602.09, 601.29, 348.64
602.96, 600.28, 473.63
600.01, 727.29, 224.67
600.88, 726.28, 349.66
601.75, 725.27, 474.65
598.80, 852.28, 225.69
599.67, 851.27, 350.68
600.54, 850.26, 475.67
726.21, 603.52, 222.79
727.08, 602.51, 347.78
727.95, 601.50, 472.77
725.00, 728.51, 223.81
725.87, 727.50, 348.80
726.74, 726.49, 473.79
723.79, 853.50, 224.83
724.66, 852.49, 349.82
725.53, 851.48, 474.81
476.38, 601.91, 348.41
479.11, 601.41, 473.38
481.84, 600.91, 598.35
477.92, 726.90, 348.87
480.65, 726.40, 473.84
483.38, 725.90, 598.81
479.47, 851.89, 349.33
482.19, 851.39, 474.30
484.92, 850.89, 599.27
601.34, 600.38, 345.67
604.07, 599.88, 470.64
606.80, 599.38, 595.61
602.89, 725.37, 346.14
605.61, 724.87, 471.11
608.34, 724.37, 596.08
604.43, 850.36, 346.60
607.15, 849.86, 471.57
609.88, 849.36, 596.54
726.30, 598.85, 342.94
729.03, 598.35, 467.91
731.76, 597.85, 592.88
727.85, 723.84, 343.40
730.57, 723.34, 468.37
733.30, 722.84, 593.34
729.39, 848.82, 343.87
732.11, 848.33, 468.84
734.84, 847.83, 593.81
474.80, 600.81, 473.42
474.82, 600.19, 598.42
474.84, 599.56, 723.41
471.62, 725.77, 474.04
471.65, 725.14, 599.04
471.67, 724.52, 724.04
468.45, 850.72, 474.66
468.47, 850.10, 599.66
468.50, 849.48, 724.66
599.76, 603.98, 473.41
599.78, 603.36, 598.41
599.80, 602.74, 723.41
596.58, 728.94, 474.03
596.61, 728.32, 599.03
596.63, 727.69, 724.03
593.41, 853.90, 474.66
593.43, 853.28, 599.66
593.46, 852.65, 724.65
724.72, 607.16, 473.40
724.74, 606.53, 598.40
724.76, 605.91, 723.40
721.54, 732.12, 474.03
721.57, 731.49, 599.02
721.59, 730.87, 724.02
718.37, 857.07, 474.65
718.39, 856.45, 599.65
718.42, 855.83, 724.65
475.98, 599.36, 599.55
474.29, 596.97, 724.52
472.59, 594.57, 849.49
476.23, 724.34, 601.95
474.53, 721.94, 726.92
472.84, 719.55, 851.88
476.48, 849.31, 604.35
474.78, 846.92, 729.31
473.09, 844.53, 854.28
600.97, 599.08, 601.24
599.28, 596.69, 726.21
597.58, 594.29, 851.18
601.22, 724.06, 603.64
599.52, 721.66, 728.61
597.83, 719.27, 853.57
601.47, 849.04, 606.04
599.77, 846.64, 731.00
598.07, 844.25, 855.97
725.96, 598.80, 602.94
724.26, 596.41, 727.90
722.57, 594.02, 852.87
726.21, 723.78, 605.33
724.51, 721.39, 730.30
722.81, 718.99, 855.26
726.45, 848.76, 607.73
724.76, 846.36, 732.70
723.06, 843.97, 857.66
599.89, 100.92, 101.45
601.01, 101.18, 226.44
602.13, 101.45, 351.44
600.35, 225.92, 101.18
601.47, 226.18, 226.18
602.59, 226.45, 351.17
600.81, 350.92, 100.91
601.93, 351.18, 225.91
603.05, 351.44, 350.90
724.88, 100.46, 100.33
726.01, 100.72, 225.32
727.13, 100.98, 350.32
725.34, 225.46, 100.06
726.47, 225.72, 225.05
727.59, 225.98, 350.05
725.80, 350.45, 99.79
726.92, 350.72, 224.79
728.05, 350.98, 349.78
849.88, 100.00, 99.21
851.00, 100.26, 224.20
852.12, 100.52, 349.20
850.34, 224.99, 98.94
851.46, 225.26, 223.93
852.58, 225.52, 348.93
850.80, 349.99, 98.67
851.92, 350.26, 223.66
853.04, 350.52, 348.66
598.28, 100.99, 226.23
594.89, 100.73, 351.18
591.49, 100.47, 476.13
600.54, 225.97, 226.55
597.14, 225.71, 351.50
593.74, 225.45, 476.46
602.79, 350.95, 226.87
599.40, 350.69, 351.83
596.00, 350.43, 476.78
723.22, 98.73, 229.62
719.82, 98.47, 354.57
716.42, 98.20, 479.53
725.47, 223.71, 229.94
722.07, 223.45, 354.90
718.68, 223.18, 479.85
727.72, 348.69, 230.27
724.33, 348.43, 355.22
720.93, 348.16, 480.17
848.15, 96.47, 233.01
844.75, 96.20, 357.96
841.36, 95.94, 482.92
850.40, 221.45, 233.33
847.01, 221.18, 358.29
843.61, 220.92, 483.24
852.66, 346.43, 233.66
849.26, 346.16, 358.61
845.87, 345.90, 483.56
601.45, 101.60, 350.09
603.80, 100.89, 475.07
606.14, 100.17, 600.04
603.33, 226.58, 350.77
605.68, 225.87, 475.74
608.03, 225.16, 600.72
605.22, 351.57, 351.45
607.56, 350.85, 476.42
609.91, 350.14, 601.40
726.41, 99.73, 347.73
728.76, 99.02, 472.71
731.11, 98.30, 597.68
728.30, 224.71, 348.41
730.64, 224.00, 473.39
732.99, 223.29, 598.36
730.18, 349.70, 349.09
732.53, 348.98, 474.07
734.88, 348.27, 599.04
851.38, 97.86, 345.37
853.72, 97.14, 470.35
856.07, 96.43, 595.33
853.26, 222.84, 346.05
855.61, 222.13, 471.03
857.96, 221.41, 596.00
855.14, 347.83, 346.73
857.49, 347.11, 471.71
859.84, 346.40, 596.68
599.50, 100.73, 473.83
598.83, 101.13, 598.83
598.16, 101.52, 723.83
603.15, 225.68, 473.45
602.48, 226.07, 598.45
601.81, 226.47, 723.45
606.80, 350.62, 473.08
606.13, 351.02, 598.08
605.45, 351.42, 723.07
724.45, 97.09, 474.51
723.78, 97.48, 599.51
723.10, 97.88, 724.51
728.10, 222.03, 474.14
727.42, 222.43, 599.14
726.75, 222.82, 724.13
731.74, 346.98, 473.76
731.07, 347.38, 598.76
730.40, 347.77, 723.76
849.39, 93.44, 475.20
848.72, 93.84, 600.19
848.05, 94.23, 725.19
853.04, 218.39, 474.82
852.37, 218.78, 599.82
851.70, 219.18, 724.82
856.69, 343.33, 474.44
856.02, 343.73, 599.44
855.34, 344.13, 724.44
598.42, 98.18, 598.23
596.57, 97.69, 723.21
594.71, 97.19, 848.20
597.34, 223.18, 598.71
595.49, 222.68, 723.69
593.63, 222.18, 848.68
596.26, 348.17, 599.19
594.41, 347.67, 724.17
592.55, 347.18, 849.16
723.40, 99.26, 600.09
721.55, 98.76, 725.07
719.69, 98.26, 850.06
722.32, 224.25, 600.57
720.47, 223.75, 725.55
718.61, 223.26, 850.54
721.24, 349.25, 601.05
719.39, 348.75, 726.03
717.53, 348.25, 851.02
848.39, 100.33, 601.94
846.53, 99.83, 726.93
844.68, 99.34, 851.92
847.31, 225.33, 602.43
845.45, 224.83, 727.41
843.59, 224.33, 852.40
846.22, 350.32, 602.91
844.37, 349.82, 727.89
842.51, 349.32, 852.88
599.14, 224.58, 99.53
596.86, 221.72, 224.47
594.59, 218.85, 349.42
601.90, 349.52, 102.44
599.62, 346.65, 227.39
597.34, 343.79, 352.34
604.66, 474.46, 105.36
602.38, 471.59, 230.30
600.10, 468.72, 355.25
724.09, 221.77, 101.74
721.81, 218.91, 226.68
719.53, 216.04, 351.63
726.84, 346.71, 104.65
724.57, 343.84, 229.60
722.29, 340.98, 354.55
729.60, 471.64, 107.57
727.33, 468.78, 232.52
725.05, 465.91, 357.46
849.03, 218.96, 103.95
846.76, 216.10, 228.90
844.48, 213.23, 353.84
851.79, 343.90, 106.86
849.52, 341.03, 231.81
847.24, 338.17, 356.76
854.55, 468.83, 109.78
852.28, 465.97, 234.73
850.00, 463.10, 359.67
598.56, 225.65, 224.26
600.40, 223.11, 349.22
602.23, 220.57, 474.18
600.57, 350.61, 226.77
602.40, 348.07, 351.73
604.23, 345.53, 476.69
602.57, 475.57, 229.28
604.40, 473.03, 354.24
606.24, 470.49, 479.20
723.54, 223.68, 222.38
725.37, 221.14, 347.34
727.20, 218.61, 472.30
725.54, 348.64, 224.89
727.37, 346.10, 349.85
729.20, 343.56, 474.81
727.54, 473.60, 227.40
729.37, 471.06, 352.36
731.21, 468.52, 477.32
848.51, 221.72, 220.51
850.34, 219.18, 345.47
852.17, 216.64, 470.43
850.51, 346.68, 223.02
852.34, 344.14, 347.98
854.17, 341.60, 472.94
852.51, 471.64, 225.53
854.34, 469.10, 350.49
856.18, 466.56, 475.45
599.48, 224.85, 351.21
598.06, 224.49, 476.20
596.65, 224.13, 601.19
602.95, 349.80, 351.61
601.53, 349.44, 476.60
600.12, 349.08, 601.59
606.42, 474.75, 352.00
605.00, 474.39, 476.99
603.58, 474.03, 601.99
724.43, 221.37, 352.62
723.01, 221.01, 477.61
721.59, 220.66, 602.60
727.89, 346.32, 353.01
726.48, 345.97, 478.00
725.06, 345.61, 603.00
731.36, 471.27, 353.41
729.95, 470.92, 478.40
728.53, 470.56, 603.39
849.37, 217.90, 354.02
847.95, 217.54, 479.01
846.54, 217.18, 604.01
852.84, 342.85, 354.42
851.42, 342.49, 479.41
850.00, 342.13, 604.40
856.31, 467.80, 354.82
854.89, 467.44, 479.81
853.47, 467.09, 604.80
600.33, 223.28, 473.83
601.70, 223.37, 598.82
603.07, 223.45, 723.81
598.75, 348.27, 473.76
600.13, 348.36, 598.75
601.50, 348.44, 723.75
597.18, 473.26, 473.69
598.55, 473.35, 598.69
599.92, 473.43, 723.68
725.31, 224.86, 472.46
726.68, 224.94, 597.45
728.06, 225.03, 722.44
723.74, 349.85, 472.39
725.11, 349.93, 597.38
726.48, 350.02, 722.37
722.16, 474.84, 472.32
723.53, 474.92, 597.31
724.91, 475.01, 722.31
850.29, 226.43, 471.08
851.67, 226.52, 596.07
853.04, 226.60, 721.07
848.72, 351.42, 471.01
850.09, 351.51, 596.01
851.46, 351.59, 721.00
847.14, 476.41, 470.95
848.52, 476.50, 595.94
849.89, 476.58, 720.93
601.97, 224.56, 599.32
598.47, 223.47, 724.26
594.97, 222.38, 849.21
600.73, 349.55, 600.37
597.23, 348.46, 725.32
593.73, 347.37, 850.26
599.49, 474.54, 601.42
595.99, 473.45, 726.37
592.49, 472.36, 851.32
726.92, 225.77, 602.83
723.42, 224.68, 727.78
719.91, 223.59, 852.72
725.68, 350.76, 603.88
722.18, 349.67, 728.83
718.67, 348.58, 853.78
724.44, 475.75, 604.94
720.94, 474.66, 729.88
717.43, 473.57, 854.83
851.86, 226.98, 606.34
848.36, 225.89, 731.29
844.86, 224.80, 856.23
850.62, 351.97, 607.40
847.12, 350.88, 732.34
843.62, 349.79, 857.29
849.38, 476.96, 608.45
845.88, 475.87, 733.40
842.38, 474.78, 858.34
600.82, 348.47, 98.48
602.25, 348.94, 223.47
603.68, 349.41, 348.46
598.25, 473.44, 98.04
599.68, 473.91, 223.03
601.11, 474.38, 348.02
595.68, 598.41, 97.60
597.11, 598.88, 222.59
598.53, 599.36, 347.58
725.79, 351.04, 97.04
727.22, 351.51, 222.03
728.65, 351.98, 347.03
723.22, 476.01, 96.60
724.64, 476.48, 221.59
726.07, 476.95, 346.58
720.64, 600.98, 96.16
722.07, 601.45, 221.15
723.50, 601.93, 346.14
850.76, 353.60, 95.61
852.18, 354.08, 220.60
853.61, 354.55, 345.59
848.18, 478.58, 95.16
849.61, 479.05, 220.15
851.04, 479.52, 345.15
845.61, 603.55, 94.72
847.04, 604.02, 219.71
848.46, 604.49, 344.70
599.45, 351.39, 224.62
596.12, 352.04, 349.57
592.79, 352.69, 474.52
601.88, 476.36, 224.03
598.55, 477.02, 348.98
595.22, 477.67, 473.94
604.30, 601.34, 223.44
600.97, 601.99, 348.40
597.64, 602.64, 473.35
724.38, 348.98, 227.96
721.05, 349.63, 352.91
717.72, 350.28, 477.87
726.81, 473.95, 227.37
723.48, 474.61, 352.33
720.15, 475.26, 477.28
729.23, 598.93, 226.78
725.90, 599.58, 351.74
722.57, 600.23, 476.69
849.31, 346.57, 231.30
845.98, 347.22, 356.25
842.65, 347.87, 481.21
851.74, 471.54, 230.71
848.41, 472.20, 355.67
845.08, 472.85, 480.62
854.17, 596.52, 230.13
850.84, 597.17, 355.08
847.51, 597.82, 480.03
601.18, 350.52, 348.07
604.67, 352.22, 473.01
608.16, 353.92, 597.94
604.72, 475.46, 346.27
608.21, 477.16, 471.21
611.70, 478.86, 596.15
608.26, 600.39, 344.47
611.75, 602.09, 469.41
615.25, 603.79, 594.35
726.08, 346.93, 344.62
729.57, 348.63, 469.56
733.06, 350.33, 594.50
729.62, 471.87, 342.82
733.11, 473.57, 467.76
736.60, 475.27, 592.70
733.16, 596.80, 341.03
736.65, 598.50, 465.97
740.15, 600.20, 590.91
850.98, 343.34, 341.18
854.47, 345.04, 466.12
857.96, 346.74, 591.06
854.52, 468.28, 339.38
858.01, 469.97, 464.32
861.51, 471.67, 589.26
858.06, 593.21, 337.58
861.56, 594.91, 462.52
865.05, 596.61, 587.46
601.68, 350.68, 475.78
600.88, 352.26, 600.77
600.07, 353.84, 725.76
597.99, 475.62, 474.18
597.18, 477.20, 599.17
596.38, 478.78, 724.16
594.30, 600.55, 472.58
593.49, 602.13, 597.57
592.69, 603.71, 722.55
726.62, 354.39, 476.54
725.82, 355.96, 601.53
725.02, 357.54, 726.52
722.93, 479.32, 474.94
722.13, 480.90, 599.93
721.32, 482.48, 724.91
719.24, 604.26, 473.34
718.43, 605.84, 598.32
717.63, 607.41, 723.31
851.56, 358.09, 477.30
850.76, 359.67, 602.28
849.96, 361.25, 727.27
847.87, 483.02, 475.69
847.07, 484.60, 600.68
846.27, 486.18, 725.67
844.18, 607.96, 474.09
843.38, 609.54, 599.08
842.57, 611.12, 724.07
601.61, 349.92, 600.28
601.93, 346.47, 725.24
602.24, 343.02, 850.19
604.65, 474.83, 603.73
604.97, 471.38, 728.68
605.29, 467.93, 853.63
607.70, 599.75, 607.17
608.01, 596.30, 732.12
608.33, 592.85, 857.07
726.57, 346.88, 599.88
726.89, 343.43, 724.84
727.21, 339.98, 849.79
729.61, 471.80, 603.33
729.93, 468.35, 728.28
730.25, 464.90, 853.23
732.66, 596.71, 606.77
732.97, 593.26, 731.72
733.29, 589.81, 856.67
851.53, 343.85, 599.48
851.85, 340.40, 724.43
852.17, 336.95, 849.39
854.58, 468.77, 602.92
854.89, 465.32, 727.88
855.21, 461.87, 852.83
857.62, 593.68, 606.37
857.94, 590.23, 731.32
858.25, 586.78, 856.27
598.78, 474.90, 99.57
596.73, 471.80, 224.52
594.67, 468.70, 349.46
600.69, 599.84, 102.70
598.64, 596.74, 227.65
596.58, 593.64, 352.59
602.60, 724.79, 105.83
600.55, 721.69, 230.78
598.49, 718.59, 355.72
723.75, 472.94, 101.58
721.70, 469.84, 226.52
719.64, 466.74, 351.47
725.66, 597.88, 104.71
723.61, 594.78, 229.65
721.55, 591.68, 354.60
727.57, 722.83, 107.84
725.52, 719.73, 232.78
723.46, 716.63, 357.73
848.72, 470.97, 103.58
846.66, 467.87, 228.53
844.61, 464.77, 353.47
850.63, 595.92, 106.71
848.57, 592.82, 231.66
846.52, 589.72, 356.60
852.54, 720.87, 109.84
850.48, 717.77, 234.79
848.43, 714.67, 359.73
598.97, 476.94, 225.41
599.29, 474.48, 350.39
599.60, 472.02, 475.36
597.63, 601.91, 227.87
597.95, 599.45, 352.85
598.26, 596.99, 477.82
596.30, 726.88, 230.33
596.61, 724.42, 355.31
596.93, 721.96, 480.29
723.96, 478.28, 225.12
724.28, 475.83, 350.10
724.59, 473.37, 475.07
722.63, 603.25, 227.58
722.94, 600.79, 352.56
723.26, 598.34, 477.53
721.29, 728.22, 230.05
721.60, 725.76, 355.02
721.92, 723.31, 480.00
848.96, 479.63, 224.83
849.27, 477.17, 349.81
849.59, 474.71, 474.78
847.62, 604.60, 227.29
847.93, 602.14, 352.27
848.25, 599.68, 477.25
846.28, 729.57, 229.76
846.60, 727.11, 354.73
846.91, 724.65, 479.71
600.96, 473.88, 350.10
598.57, 471.95, 475.06
596.18, 470.03, 600.03
603.15, 598.84, 352.07
600.76, 596.92, 477.03
598.37, 594.99, 601.99
605.34, 723.81, 354.04
602.95, 721.88, 479.00
600.56, 719.96, 603.96
725.92, 471.65, 352.46
723.53, 469.73, 477.42
721.14, 467.80, 602.38
728.11, 596.62, 354.42
725.72, 594.69, 479.39
723.33, 592.77, 604.35
730.30, 721.58, 356.39
727.91, 719.66, 481.35
725.52, 717.73, 606.32
850.88, 469.42, 354.81
848.49, 467.50, 479.78
846.10, 465.57, 604.74
853.07, 594.39, 356.78
850.68, 592.46, 481.74
848.29, 590.54, 606.71
855.26, 719.35, 358.75
852.87, 717.43, 483.71
850.48, 715.51, 608.67
599.77, 473.52, 474.08
601.91, 474.45, 599.05
604.06, 475.38, 724.03
603.42, 598.47, 473.08
605.57, 599.40, 598.06
607.72, 600.33, 723.04
607.08, 723.41, 472.09
609.23, 724.34, 597.07
611.37, 725.27, 722.05
724.69, 469.85, 471.96
726.84, 470.78, 596.93
728.99, 471.71, 721.91
728.35, 594.79, 470.96
730.50, 595.72, 595.94
732.65, 596.66, 720.92
732.01, 719.74, 469.97
734.15, 720.67, 594.95
736.30, 721.60, 719.93
849.62, 466.18, 469.84
851.77, 467.11, 594.82
853.92, 468.04, 719.79
853.28, 591.12, 468.84
855.43, 592.05, 593.82
857.57, 592.98, 718.80
856.93, 716.06, 467.85
859.08, 717.00, 592.83
861.23, 717.93, 717.81
601.72, 474.60, 598.58
599.27, 474.33, 723.55
596.81, 474.07, 848.53
601.72, 599.60, 598.84
599.26, 599.33, 723.81
596.81, 599.07, 848.79
601.72, 724.60, 599.10
599.26, 724.33, 724.07
596.80, 724.07, 849.05
726.70, 474.60, 601.03
724.24, 474.33, 726.01
721.79, 474.07, 850.98
726.70, 599.59, 601.29
724.24, 599.33, 726.27
721.78, 599.07, 851.24
726.69, 724.59, 601.55
724.23, 724.33, 726.53
721.78, 724.07, 851.51
851.68, 474.59, 603.49
849.22, 474.33, 728.46
846.76, 474.07, 853.44
851.67, 599.59, 603.75
849.21, 599.33, 728.73
846.76, 599.07, 853.70
851.67, 724.59, 604.01
849.21, 724.33, 728.99
846.75, 724.07, 853.96
598.56, 599.91, 100.18
599.90, 598.64, 225.16
601.25, 597.37, 350.15
602.00, 724.86, 101.41
603.35, 723.59, 226.40
604.70, 722.32, 351.38
605.45, 849.81, 102.64
606.80, 848.54, 227.63
608.15, 847.26, 352.62
723.50, 596.48, 98.79
724.85, 595.21, 223.78
726.20, 593.94, 348.76
726.95, 721.43, 100.03
728.30, 720.16, 225.01
729.65, 718.89, 350.00
730.39, 846.37, 101.26
731.74, 845.10, 226.25
733.09, 843.83, 351.23
848.45, 593.05, 97.41
849.80, 591.78, 222.39
851.14, 590.51, 347.38
851.89, 718.00, 98.64
853.24, 716.73, 223.63
854.59, 715.45, 348.61
855.34, 842.94, 99.87
856.69, 841.67, 224.86
858.04, 840.40, 349.85
599.90, 599.59, 224.70
599.72, 600.47, 349.70
599.55, 601.36, 474.70
599.56, 724.58, 223.82
599.39, 725.47, 348.81
599.21, 726.36, 473.81
599.23, 849.58, 222.93
599.06, 850.47, 347.93
598.88, 851.35, 472.92
724.90, 599.92, 224.88
724.72, 600.81, 349.87
724.55, 601.69, 474.87
724.56, 724.92, 223.99
724.39, 725.80, 348.99
724.21, 726.69, 473.98
724.23, 849.91, 223.10
724.06, 850.80, 348.10
723.88, 851.69, 473.10
849.89, 600.26, 225.05
849.72, 601.14, 350.04
849.55, 602.03, 475.04
849.56, 725.25, 224.16
849.39, 726.14, 349.16
849.21, 727.03, 474.15
849.23, 850.25, 223.27
849.06, 851.13, 348.27
848.88, 852.02, 473.27
601.26, 601.71, 351.64
603.43, 604.75, 476.58
605.61, 607.79, 601.53
597.73, 726.63, 348.66
599.91, 729.67, 473.60
602.08, 732.71, 598.55
594.20, 851.54, 345.68
596.38, 854.58, 470.63
598.55, 857.62, 595.57
726.19, 605.19, 349.38
728.37, 608.23, 474.32
730.54, 611.27, 599.26
722.66, 730.10, 346.40
724.84, 733.14, 471.34
727.01, 736.18, 596.29
719.13, 855.02, 343.42
721.31, 858.06, 468.36
723.48, 861.10, 593.31
851.12, 608.66, 347.12
853.30, 611.70, 472.06
855.47, 614.74, 597.00
847.59, 733.58, 344.14
849.77, 736.62, 469.08
851.94, 739.66, 594.03
844.06, 858.49, 341.16
846.24, 861.53, 466.10
848.42, 864.57, 591.05
599.82, 601.11, 473.67
602.69, 601.07, 598.64
605.56, 601.04, 723.61
600.85, 726.11, 473.68
603.72, 726.07, 598.65
606.59, 726.03, 723.62
601.88, 851.10, 473.70
604.75, 851.07, 598.66
607.62, 851.03, 723.63
724.78, 600.08, 470.80
727.65, 600.04, 595.77
730.52, 600.01, 720.73
725.81, 725.07, 470.81
728.68, 725.04, 595.78
731.55, 725.00, 720.75
726.84, 850.07, 470.82
729.72, 850.03, 595.79
732.59, 850.00, 720.76
849.74, 599.05, 467.93
852.61, 599.01, 592.90
855.49, 598.98, 717.86
850.78, 724.04, 467.94
853.65, 724.01, 592.91
856.52, 723.97, 717.88
851.81, 849.04, 467.95
854.68, 849.00, 592.92
857.55, 848.97, 717.89
601.16, 600.22, 600.74
602.64, 597.85, 725.71
604.13, 595.48, 850.68
602.07, 725.20, 603.10
603.56, 722.83, 728.07
605.05, 720.46, 853.03
602.99, 850.17, 605.46
604.48, 847.80, 730.43
605.96, 845.43, 855.39
726.14, 599.33, 599.23
727.63, 596.96, 724.20
729.12, 594.59, 849.17
727.06, 724.31, 601.59
728.55, 721.94, 726.56
730.03, 719.57, 851.53
727.98, 849.28, 603.95
729.47, 846.91, 728.92
730.95, 844.54, 853.89
851.13, 598.44, 597.73
852.62, 596.07, 722.70
854.10, 593.70, 847.67
852.05, 723.42, 600.09
853.54, 721.05, 725.06
855.02, 718.68, 850.03
852.97, 848.39, 602.45
854.45, 846.02, 727.42
855.94, 843.65, 852.39
