27, 125, pa2-debug-f-output1.txt
190.47,  194.70,  195.03
396.82,  400.38,  208.80
99.60, 99.70, 100.36
101.17, 101.29, 225.34
102.74, 102.89, 350.32
100.91, 224.68, 98.75
102.48, 226.28, 223.73
104.05, 227.88, 348.71
102.22, 349.66, 97.13
103.79, 351.26, 222.11
105.36, 352.86, 347.09
224.58, 98.37, 98.81
226.15, 99.97, 223.79
227.72, 101.56, 348.77
225.89, 223.35, 97.19
227.46, 224.95, 222.17
229.03, 226.55, 347.15
227.20, 348.33, 95.58
228.77, 349.93, 220.56
230.34, 351.53, 345.54
349.57, 97.04, 97.26
351.14, 98.64, 222.24
352.71, 100.24, 347.22
350.87, 222.02, 95.64
352.44, 223.62, 220.62
354.01, 225.22, 345.60
352.18, 347.00, 94.02
353.75, 348.60, 219.00
355.32, 350.20, 343.98
99.73, 99.85, 226.20
97.45, 99.31, 351.17
95.17, 98.76, 476.15
97.10, 224.82, 226.69
94.82, 224.28, 351.67
92.54, 223.74, 476.65
94.47, 349.79, 227.18
92.19, 349.25, 352.16
89.91, 348.71, 477.14
224.68, 102.47, 228.49
222.40, 101.93, 353.46
220.12, 101.39, 478.44
222.05, 227.44, 228.98
219.77, 226.90, 353.96
217.49, 226.36, 478.94
219.42, 352.41, 229.47
217.14, 351.87, 354.45
214.86, 351.33, 479.43
349.63, 105.09, 230.78
347.35, 104.55, 355.75
345.07, 104.01, 480.73
347.00, 230.06, 231.27
344.72, 229.52, 356.25
342.44, 228.98, 481.23
344.37, 355.03, 231.76
342.09, 354.49, 356.74
339.81, 353.95, 481.72
101.38, 99.95, 350.75
105.02, 101.47, 475.69
108.66, 102.99, 600.63
98.07, 224.89, 349.33
101.71, 226.42, 474.26
105.35, 227.94, 599.20
94.76, 349.84, 347.90
98.40, 351.37, 472.84
102.04, 352.89, 597.77
226.28, 103.21, 347.07
229.93, 104.74, 472.01
233.57, 106.26, 596.95
222.98, 228.16, 345.65
226.62, 229.68, 470.58
230.26, 231.21, 595.52
219.67, 353.11, 344.22
223.31, 354.63, 469.16
226.95, 356.16, 594.09
351.19, 106.48, 343.39
354.83, 108.00, 468.33
358.47, 109.53, 593.27
347.88, 231.43, 341.97
351.52, 232.95, 466.90
355.16, 234.47, 591.84
344.57, 356.37, 340.54
348.21, 357.90, 465.48
351.85, 359.42, 590.41
101.15, 98.74, 474.22
98.21, 101.91, 599.14
95.27, 105.09, 724.07
104.82, 223.64, 471.13
101.88, 226.82, 596.05
98.94, 230.00, 720.98
108.48, 348.55, 468.04
105.54, 351.73, 592.96
102.60, 354.90, 717.89
226.06, 95.15, 477.25
223.12, 98.32, 602.17
220.18, 101.50, 727.10
229.73, 220.05, 474.16
226.79, 223.23, 599.08
223.85, 226.40, 724.01
233.40, 344.96, 471.07
230.46, 348.14, 595.99
227.52, 351.31, 720.92
350.98, 91.55, 480.28
348.04, 94.73, 605.20
345.10, 97.91, 730.13
354.64, 216.46, 477.19
351.70, 219.64, 602.11
348.76, 222.81, 727.04
358.31, 341.37, 474.10
355.37, 344.55, 599.02
352.43, 347.72, 723.95
98.20, 99.79, 598.34
96.76, 102.67, 723.30
95.32, 105.55, 848.26
95.71, 224.73, 595.43
94.27, 227.61, 720.39
92.83, 230.49, 845.35
93.22, 349.67, 592.52
91.78, 352.55, 717.48
90.34, 355.44, 842.44
223.17, 102.31, 599.72
221.73, 105.19, 724.68
220.29, 108.07, 849.64
220.68, 227.25, 596.81
219.24, 230.13, 721.77
217.80, 233.02, 846.73
218.19, 352.19, 593.90
216.75, 355.07, 718.86
215.31, 357.96, 843.82
348.13, 104.83, 601.11
346.69, 107.71, 726.06
345.25, 110.60, 851.02
345.64, 229.77, 598.19
344.20, 232.65, 723.15
342.77, 235.54, 848.11
343.16, 354.71, 595.28
341.72, 357.60, 720.24
340.28, 360.48, 845.20
99.61, 223.48, 99.13
101.94, 226.61, 224.07
104.27, 229.74, 349.01
96.29, 348.40, 96.07
98.62, 351.53, 221.01
100.95, 354.66, 345.95
92.97, 473.32, 93.00
95.31, 476.45, 217.94
97.64, 479.57, 342.88
224.54, 226.74, 96.72
226.87, 229.87, 221.66
229.20, 232.99, 346.60
221.22, 351.65, 93.65
223.56, 354.78, 218.59
225.89, 357.91, 343.53
217.91, 476.57, 90.59
220.24, 479.70, 215.53
222.57, 482.83, 340.47
349.47, 229.99, 94.31
351.81, 233.12, 219.25
354.14, 236.25, 344.18
346.16, 354.91, 91.24
348.49, 358.04, 216.18
350.82, 361.17, 341.12
342.84, 479.83, 88.17
345.17, 482.96, 213.11
347.51, 486.09, 338.05
98.93, 224.88, 226.90
99.63, 225.75, 351.89
100.32, 226.61, 476.89
98.55, 349.88, 226.04
99.24, 350.74, 351.03
99.94, 351.61, 476.03
98.16, 474.88, 225.18
98.86, 475.74, 350.17
99.56, 476.60, 475.17
223.93, 225.26, 226.20
224.62, 226.13, 351.20
225.32, 226.99, 476.19
223.54, 350.26, 225.34
224.24, 351.12, 350.34
224.94, 351.98, 475.33
223.16, 475.26, 224.48
223.86, 476.12, 349.48
224.55, 476.98, 474.47
348.93, 225.64, 225.50
349.62, 226.50, 350.50
350.32, 227.37, 475.49
348.54, 350.64, 224.64
349.24, 351.50, 349.64
349.93, 352.36, 474.63
348.16, 475.63, 223.78
348.85, 476.50, 348.78
349.55, 477.36, 473.77
100.76, 225.61, 350.26
97.03, 225.42, 475.20
93.31, 225.24, 600.15
103.43, 350.58, 350.52
99.70, 350.39, 475.47
95.98, 350.21, 600.41
106.10, 475.55, 350.79
102.37, 475.37, 475.74
98.65, 475.18, 600.68
225.67, 222.93, 353.98
221.95, 222.75, 478.92
218.22, 222.56, 603.87
228.34, 347.90, 354.24
224.62, 347.72, 479.19
220.89, 347.53, 604.13
231.01, 472.88, 354.51
227.29, 472.69, 479.45
223.56, 472.50, 604.40
350.59, 220.26, 357.70
346.86, 220.07, 482.64
343.14, 219.88, 607.59
353.26, 345.23, 357.96
349.53, 345.04, 482.91
345.81, 344.86, 607.85
355.93, 470.20, 358.23
352.20, 470.01, 483.17
348.48, 469.83, 608.12
99.66, 223.80, 473.46
98.86, 226.41, 598.43
98.06, 229.03, 723.40
103.11, 348.72, 470.87
102.31, 351.34, 595.84
101.51, 353.96, 720.81
106.55, 473.65, 468.27
105.75, 476.27, 593.24
104.95, 478.89, 718.21
224.61, 220.37, 474.34
223.81, 222.99, 599.31
223.01, 225.61, 724.28
228.06, 345.29, 471.74
227.26, 347.91, 596.71
226.46, 350.53, 721.68
231.50, 470.22, 469.14
230.70, 472.84, 594.11
229.90, 475.46, 719.08
349.56, 216.94, 475.21
348.76, 219.56, 600.18
347.96, 222.18, 725.15
353.01, 341.87, 472.61
352.21, 344.49, 597.58
351.41, 347.11, 722.55
356.45, 466.79, 470.02
355.65, 469.41, 594.99
354.85, 472.03, 719.96
101.52, 224.55, 598.32
100.56, 224.71, 723.32
99.60, 224.87, 848.31
98.26, 349.51, 598.14
97.30, 349.67, 723.13
96.33, 349.83, 848.13
94.99, 474.46, 597.95
94.03, 474.62, 722.95
93.07, 474.79, 847.94
226.48, 227.82, 599.28
225.52, 227.98, 724.27
224.55, 228.14, 849.27
223.21, 352.77, 599.09
222.25, 352.94, 724.09
221.29, 353.10, 849.08
219.94, 477.73, 598.91
218.98, 477.89, 723.90
218.02, 478.05, 848.90
351.43, 231.09, 600.23
350.47, 231.25, 725.23
349.51, 231.41, 850.23
348.16, 356.04, 600.05
347.20, 356.20, 725.04
346.24, 356.37, 850.04
344.90, 481.00, 599.86
343.94, 481.16, 724.86
342.97, 481.32, 849.85
98.15, 348.14, 99.38
95.62, 345.38, 224.32
93.10, 342.62, 349.27
95.75, 473.09, 102.09
93.22, 470.33, 227.04
90.70, 467.57, 351.98
93.35, 598.04, 104.80
90.83, 595.28, 229.75
88.30, 592.52, 354.69
223.10, 350.48, 101.96
220.57, 347.72, 226.90
218.05, 344.97, 351.85
220.70, 475.43, 104.67
218.18, 472.67, 229.61
215.65, 469.91, 354.56
218.31, 600.38, 107.38
215.78, 597.62, 232.32
213.25, 594.86, 357.27
348.05, 352.82, 104.54
345.53, 350.07, 229.48
343.00, 347.31, 354.43
345.65, 477.77, 107.25
343.13, 475.01, 232.19
340.60, 472.25, 357.14
343.26, 602.72, 109.96
340.73, 599.96, 234.90
338.20, 597.20, 359.85
100.49, 348.30, 224.20
102.67, 349.45, 349.17
104.85, 350.59, 474.15
97.20, 473.26, 223.11
99.39, 474.40, 348.09
101.57, 475.54, 473.07
93.92, 598.21, 222.03
96.10, 599.35, 347.01
98.28, 600.49, 471.98
225.43, 351.57, 221.99
227.61, 352.71, 346.96
229.79, 353.85, 471.94
222.14, 476.52, 220.90
224.33, 477.66, 345.88
226.51, 478.80, 470.85
218.86, 601.47, 219.82
221.04, 602.61, 344.79
223.22, 603.76, 469.77
350.37, 354.83, 219.77
352.55, 355.98, 344.75
354.73, 357.12, 469.73
347.08, 479.79, 218.69
349.26, 480.93, 343.67
351.45, 482.07, 468.64
343.80, 604.74, 217.61
345.98, 605.88, 342.58
348.16, 607.02, 467.56
100.50, 351.19, 350.28
100.55, 348.84, 475.26
100.61, 346.50, 600.24
97.20, 476.12, 352.63
97.26, 473.78, 477.61
97.31, 471.43, 602.58
93.90, 601.06, 354.98
93.96, 598.71, 479.95
94.02, 596.36, 604.93
225.45, 354.49, 350.29
225.51, 352.14, 475.26
225.57, 349.79, 600.24
222.15, 479.42, 352.63
222.21, 477.07, 477.61
222.27, 474.73, 602.59
218.86, 604.36, 354.98
218.92, 602.01, 479.96
218.97, 599.66, 604.94
350.41, 357.78, 350.29
350.47, 355.44, 475.27
350.52, 353.09, 600.25
347.11, 482.72, 352.64
347.17, 480.37, 477.61
347.23, 478.03, 602.59
343.81, 607.65, 354.98
343.87, 605.31, 479.96
343.93, 602.96, 604.94
99.30, 351.69, 473.15
100.05, 348.25, 598.10
100.80, 344.81, 723.05
96.80, 476.62, 476.60
97.55, 473.18, 601.55
98.30, 469.74, 726.50
94.30, 601.55, 480.06
95.05, 598.10, 605.01
95.80, 594.66, 729.96
224.28, 354.21, 472.47
225.02, 350.77, 597.42
225.77, 347.33, 722.37
221.78, 479.14, 475.92
222.52, 475.70, 600.87
223.27, 472.25, 725.82
219.28, 604.07, 479.38
220.03, 600.62, 604.33
220.77, 597.18, 729.28
349.25, 356.73, 471.79
350.00, 353.29, 596.74
350.75, 349.85, 721.69
346.75, 481.66, 475.24
347.50, 478.22, 600.19
348.25, 474.77, 725.15
344.25, 606.59, 478.70
345.00, 603.14, 603.65
345.75, 599.70, 728.60
100.55, 351.21, 601.65
103.46, 349.64, 726.60
106.37, 348.08, 851.56
98.37, 476.18, 603.26
101.28, 474.61, 728.22
104.19, 473.05, 853.18
96.18, 601.15, 604.88
99.09, 599.58, 729.84
102.00, 598.02, 854.79
225.50, 353.43, 598.77
228.41, 351.86, 723.72
231.32, 350.30, 848.68
223.31, 478.40, 600.38
226.22, 476.83, 725.34
229.13, 475.27, 850.30
221.13, 603.37, 602.00
224.04, 601.80, 726.96
226.95, 600.24, 851.91
350.44, 355.65, 595.89
353.35, 354.08, 720.84
356.26, 352.52, 845.80
348.26, 480.62, 597.50
351.17, 479.05, 722.46
354.08, 477.49, 847.42
346.08, 605.59, 599.12
348.99, 604.02, 724.08
351.90, 602.46, 849.03
101.19, 476.61, 100.60
103.08, 474.06, 225.56
104.96, 471.51, 350.52
103.03, 601.58, 103.13
104.91, 599.02, 228.09
106.80, 596.47, 353.04
104.87, 726.54, 105.65
106.75, 723.98, 230.61
108.63, 721.43, 355.57
226.17, 474.82, 98.68
228.05, 472.26, 223.64
229.93, 469.71, 348.60
228.00, 599.78, 101.20
229.89, 597.22, 226.16
231.77, 594.67, 351.12
229.84, 724.74, 103.73
231.72, 722.18, 228.69
233.61, 719.63, 353.65
351.14, 473.02, 96.76
353.02, 470.47, 221.72
354.91, 467.91, 346.68
352.98, 597.98, 99.28
354.86, 595.43, 224.24
356.74, 592.87, 349.20
354.81, 722.94, 101.81
356.69, 720.39, 226.77
358.58, 717.83, 351.73
100.07, 476.82, 225.10
99.26, 474.48, 350.08
98.44, 472.15, 475.05
101.27, 601.79, 227.44
100.45, 599.46, 352.41
99.63, 597.12, 477.39
102.46, 726.76, 229.78
101.65, 724.43, 354.75
100.83, 722.10, 479.73
225.06, 475.61, 225.89
224.25, 473.27, 350.87
223.43, 470.94, 475.85
226.26, 600.58, 228.23
225.44, 598.25, 353.21
224.63, 595.91, 478.19
227.46, 725.55, 230.57
226.64, 723.22, 355.55
225.82, 720.89, 480.52
350.06, 474.39, 226.69
349.24, 472.06, 351.66
348.42, 469.73, 476.64
351.25, 599.37, 229.03
350.43, 597.04, 354.00
349.62, 594.70, 478.98
352.45, 724.34, 231.37
351.63, 722.01, 356.34
350.81, 719.68, 481.32
100.30, 475.25, 351.47
98.41, 477.98, 476.43
96.51, 480.72, 601.38
103.75, 600.17, 348.79
101.85, 602.91, 473.75
99.96, 605.64, 598.70
107.19, 725.10, 346.11
105.30, 727.83, 471.06
103.41, 730.56, 596.02
225.23, 471.84, 353.44
223.34, 474.58, 478.39
221.45, 477.31, 603.35
228.68, 596.77, 350.76
226.79, 599.50, 475.71
224.90, 602.23, 600.67
232.13, 721.69, 348.07
230.24, 724.42, 473.03
228.35, 727.16, 597.99
350.17, 468.44, 355.40
348.28, 471.17, 480.36
346.39, 473.90, 605.31
353.62, 593.36, 352.72
351.73, 596.09, 477.68
349.84, 598.83, 602.63
357.07, 718.28, 350.04
355.18, 721.02, 475.00
353.29, 723.75, 599.95
100.22, 475.97, 474.18
97.37, 472.22, 599.09
94.52, 468.46, 724.01
98.16, 600.90, 477.89
95.31, 597.14, 602.80
92.46, 593.39, 727.71
96.10, 725.82, 481.59
93.25, 722.07, 606.51
90.40, 718.32, 731.42
225.17, 477.94, 477.10
222.32, 474.19, 602.01
219.47, 470.44, 726.92
223.11, 602.87, 480.80
220.26, 599.12, 605.71
217.41, 595.36, 730.62
221.05, 727.80, 484.51
218.20, 724.04, 609.42
215.35, 720.29, 734.33
350.12, 479.91, 480.01
347.27, 476.16, 604.92
344.42, 472.41, 729.83
348.06, 604.84, 483.71
345.21, 601.09, 608.62
342.36, 597.34, 733.53
346.00, 729.77, 487.42
343.15, 726.02, 612.33
340.30, 722.27, 737.24
101.41, 473.09, 600.89
102.22, 469.44, 725.83
103.03, 465.79, 850.78
99.47, 598.03, 604.55
100.28, 594.37, 729.49
101.09, 590.72, 854.44
97.53, 722.96, 608.21
98.34, 719.31, 733.16
99.15, 715.66, 858.10
226.39, 475.06, 600.14
227.20, 471.41, 725.08
228.01, 467.75, 850.02
224.45, 599.99, 603.80
225.26, 596.34, 728.74
226.07, 592.69, 853.69
222.51, 724.92, 607.46
223.32, 721.27, 732.41
224.13, 717.62, 857.35
351.37, 477.02, 599.38
352.18, 473.37, 724.33
352.99, 469.72, 849.27
349.43, 601.95, 603.05
350.24, 598.30, 727.99
351.05, 594.65, 852.94
347.50, 726.88, 606.71
348.30, 723.23, 731.65
349.11, 719.58, 856.60
100.98, 598.30, 99.44
100.55, 598.08, 224.44
100.13, 597.85, 349.44
102.52, 723.29, 99.67
102.10, 723.07, 224.67
101.67, 722.84, 349.67
104.06, 848.28, 99.90
103.64, 848.06, 224.90
103.21, 847.83, 349.90
225.97, 596.76, 99.87
225.54, 596.53, 224.86
225.12, 596.31, 349.86
227.51, 721.75, 100.09
227.09, 721.52, 225.09
226.66, 721.30, 350.09
229.05, 846.74, 100.32
228.63, 846.51, 225.32
228.20, 846.29, 350.32
350.96, 595.21, 100.29
350.53, 594.99, 225.29
350.11, 594.76, 350.29
352.50, 720.20, 100.52
352.07, 719.98, 225.52
351.65, 719.76, 350.52
354.04, 845.19, 100.75
353.62, 844.97, 225.75
353.19, 844.75, 350.74
99.59, 600.58, 226.21
102.46, 603.83, 351.14
105.33, 607.08, 476.06
101.74, 725.52, 222.92
104.61, 728.77, 347.84
107.47, 732.02, 472.77
103.88, 850.46, 219.62
106.75, 853.71, 344.55
109.62, 856.95, 469.47
224.54, 598.37, 223.40
227.41, 601.61, 348.33
230.28, 604.86, 473.25
226.69, 723.31, 220.11
229.55, 726.55, 345.03
232.42, 729.80, 469.96
228.83, 848.24, 216.81
231.70, 851.49, 341.73
234.57, 854.74, 466.66
349.49, 596.15, 220.59
352.36, 599.40, 345.52
355.23, 602.64, 470.44
351.64, 721.09, 217.30
354.50, 724.33, 342.22
357.37, 727.58, 467.15
353.78, 846.03, 214.00
356.65, 849.27, 338.92
359.51, 852.52, 463.85
99.58, 599.75, 351.24
99.41, 599.31, 476.23
99.24, 598.87, 601.23
102.34, 724.72, 351.68
102.16, 724.28, 476.68
101.99, 723.83, 601.68
105.09, 849.69, 352.13
104.92, 849.25, 477.13
104.75, 848.80, 602.13
224.55, 596.99, 351.40
224.38, 596.55, 476.40
224.21, 596.11, 601.40
227.31, 721.96, 351.84
227.13, 721.52, 476.84
226.96, 721.08, 601.84
230.06, 846.93, 352.29
229.89, 846.49, 477.29
229.72, 846.05, 602.29
349.52, 594.24, 351.56
349.35, 593.80, 476.56
349.18, 593.35, 601.56
352.28, 719.21, 352.01
352.10, 718.77, 477.01
351.93, 718.32, 602.01
355.03, 844.18, 352.45
354.86, 843.73, 477.45
354.69, 843.29, 602.45
99.40, 601.92, 473.16
96.77, 600.63, 598.13
94.14, 599.33, 723.10
102.97, 726.87, 474.53
100.35, 725.57, 599.50
97.72, 724.27, 724.47
106.55, 851.81, 475.90
103.92, 850.51, 600.87
101.29, 849.22, 725.84
224.32, 598.32, 475.75
221.69, 597.03, 600.72
219.07, 595.73, 725.68
227.90, 723.26, 477.12
225.27, 721.97, 602.09
222.64, 720.67, 727.05
231.47, 848.20, 478.49
228.84, 846.91, 603.46
226.21, 845.61, 728.43
349.24, 594.72, 478.34
346.61, 593.42, 603.31
343.99, 592.13, 728.27
352.82, 719.66, 479.71
350.19, 718.37, 604.68
347.56, 717.07, 729.64
356.39, 844.60, 481.08
353.76, 843.31, 606.05
351.13, 842.01, 731.01
98.55, 598.27, 599.23
100.93, 599.90, 724.20
103.30, 601.52, 849.16
101.23, 723.23, 597.55
103.61, 724.86, 722.52
105.98, 726.48, 847.49
103.91, 848.19, 595.87
106.28, 849.82, 720.84
108.66, 851.44, 845.81
223.50, 595.56, 596.89
225.88, 597.19, 721.86
228.25, 598.82, 846.82
226.18, 720.52, 595.21
228.56, 722.15, 720.18
230.93, 723.78, 845.15
228.86, 845.48, 593.53
231.23, 847.11, 718.50
233.61, 848.74, 843.47
348.45, 592.86, 594.55
350.83, 594.48, 719.52
353.20, 596.11, 844.48
351.13, 717.82, 592.87
353.50, 719.44, 717.84
355.88, 721.07, 842.81
353.81, 842.78, 591.20
356.18, 844.40, 716.16
358.56, 846.03, 841.13
226.67, 101.78, 98.17
224.12, 99.68, 223.13
221.56, 97.58, 348.08
226.75, 226.76, 100.27
224.20, 224.66, 225.23
221.64, 222.56, 350.18
226.83, 351.74, 102.37
224.28, 349.64, 227.33
221.72, 347.55, 352.28
351.65, 101.65, 100.72
349.09, 99.56, 225.68
346.53, 97.46, 350.64
351.73, 226.64, 102.82
349.17, 224.54, 227.78
346.62, 222.44, 352.74
351.81, 351.62, 104.92
349.25, 349.52, 229.88
346.70, 347.42, 354.84
476.62, 101.53, 103.28
474.06, 99.43, 228.23
471.51, 97.33, 353.19
476.70, 226.51, 105.38
474.15, 224.41, 230.33
471.59, 222.32, 355.29
476.78, 351.50, 107.48
474.23, 349.40, 232.43
471.67, 347.30, 357.39
223.43, 101.85, 226.58
220.42, 102.48, 351.55
217.40, 103.12, 476.51
224.15, 226.84, 225.97
221.13, 227.48, 350.93
218.12, 228.12, 475.89
224.86, 351.84, 225.35
221.85, 352.48, 350.31
218.84, 353.11, 475.27
348.39, 101.15, 229.60
345.38, 101.78, 354.56
342.37, 102.42, 479.53
349.11, 226.14, 228.98
346.09, 226.78, 353.94
343.08, 227.42, 478.91
349.82, 351.14, 228.36
346.81, 351.78, 353.32
343.80, 352.41, 478.29
473.35, 100.45, 232.62
470.34, 101.08, 357.58
467.33, 101.72, 482.54
474.07, 225.44, 232.00
471.06, 226.08, 356.96
468.04, 226.72, 481.92
474.79, 350.44, 231.38
471.77, 351.08, 356.34
468.76, 351.71, 481.30
223.54, 99.97, 349.81
226.14, 102.17, 474.76
228.73, 104.38, 599.72
226.07, 224.92, 347.55
228.67, 227.13, 472.51
231.26, 229.33, 597.46
228.60, 349.88, 345.29
231.19, 352.08, 470.25
233.79, 354.29, 595.20
348.49, 97.39, 347.26
351.08, 99.60, 472.21
353.68, 101.81, 597.17
351.02, 222.35, 345.00
353.61, 224.55, 469.96
356.21, 226.76, 594.91
353.55, 347.30, 342.75
356.14, 349.51, 467.70
358.74, 351.71, 592.65
473.44, 94.82, 344.71
476.03, 97.03, 469.67
478.63, 99.23, 594.62
475.97, 219.77, 342.45
478.56, 221.98, 467.41
481.16, 224.18, 592.36
478.49, 344.73, 340.20
481.09, 346.93, 465.15
483.68, 349.14, 590.10
223.86, 101.40, 473.27
220.36, 101.56, 598.22
216.85, 101.72, 723.17
220.72, 226.36, 473.02
217.22, 226.52, 597.97
213.71, 226.68, 722.92
217.58, 351.32, 472.77
214.08, 351.48, 597.73
210.57, 351.64, 722.68
348.77, 104.54, 476.77
345.27, 104.70, 601.72
341.76, 104.86, 726.67
345.63, 229.50, 476.52
342.13, 229.66, 601.47
338.62, 229.82, 726.42
342.49, 354.46, 476.27
338.99, 354.62, 601.23
335.48, 354.78, 726.18
473.68, 107.69, 480.27
470.18, 107.85, 605.22
466.67, 108.01, 730.17
470.54, 232.65, 480.02
467.04, 232.81, 604.97
463.53, 232.97, 729.92
467.40, 357.61, 479.78
463.90, 357.77, 604.73
460.39, 357.93, 729.68
226.08, 101.17, 598.91
228.70, 97.97, 723.84
231.32, 94.77, 848.77
226.25, 226.13, 602.11
228.87, 222.93, 727.04
231.49, 219.73, 851.97
226.42, 351.09, 605.30
229.04, 347.89, 730.23
231.66, 344.69, 855.17
351.05, 101.07, 596.28
353.67, 97.87, 721.22
356.29, 94.67, 846.15
351.22, 226.03, 599.48
353.84, 222.83, 724.41
356.46, 219.63, 849.34
351.39, 350.99, 602.68
354.01, 347.79, 727.61
356.63, 344.59, 852.54
476.02, 100.97, 593.66
478.64, 97.76, 718.59
481.26, 94.56, 843.52
476.19, 225.92, 596.86
478.81, 222.72, 721.79
481.43, 219.52, 846.72
476.36, 350.88, 600.06
478.98, 347.68, 724.99
481.60, 344.48, 849.92
225.56, 224.70, 99.01
223.56, 226.53, 223.99
221.57, 228.35, 348.96
224.97, 349.68, 97.18
222.97, 351.51, 222.15
220.98, 353.34, 347.12
224.38, 474.67, 95.34
222.38, 476.50, 220.31
220.39, 478.32, 345.28
350.54, 225.32, 101.00
348.55, 227.15, 225.97
346.55, 228.97, 350.94
349.95, 350.30, 99.16
347.96, 352.13, 224.13
345.96, 353.96, 349.10
349.36, 475.29, 97.33
347.37, 477.12, 222.30
345.37, 478.94, 347.27
475.52, 225.94, 102.98
473.53, 227.76, 227.95
471.54, 229.59, 352.92
474.93, 350.92, 101.15
472.94, 352.75, 226.12
470.95, 354.58, 351.09
474.34, 475.91, 99.31
472.35, 477.74, 224.28
470.36, 479.56, 349.25
225.14, 224.26, 223.93
221.72, 227.89, 348.84
218.30, 231.52, 473.74
226.28, 349.21, 220.34
222.86, 352.84, 345.24
219.44, 356.46, 470.14
227.41, 474.15, 216.74
223.99, 477.78, 341.64
220.57, 481.41, 466.54
350.09, 223.23, 227.39
346.67, 226.86, 352.29
343.25, 230.49, 477.19
351.22, 348.17, 223.79
347.80, 351.80, 348.69
344.38, 355.43, 473.59
352.36, 473.11, 220.19
348.94, 476.74, 345.09
345.52, 480.37, 469.99
475.04, 222.19, 230.84
471.62, 225.82, 355.74
468.20, 229.45, 480.64
476.17, 347.14, 227.24
472.75, 350.77, 352.14
469.33, 354.40, 477.04
477.30, 472.08, 223.64
473.88, 475.71, 348.54
470.46, 479.34, 473.44
223.29, 225.84, 350.78
223.08, 226.40, 475.78
222.86, 226.96, 600.78
222.99, 350.84, 350.22
222.78, 351.40, 475.22
222.57, 351.96, 600.22
222.70, 475.84, 349.66
222.49, 476.40, 474.66
222.27, 476.96, 599.66
348.29, 226.14, 350.99
348.08, 226.70, 475.99
347.86, 227.26, 600.99
347.99, 351.14, 350.43
347.78, 351.70, 475.43
347.57, 352.26, 600.43
347.70, 476.14, 349.87
347.48, 476.70, 474.87
347.27, 477.26, 599.87
473.29, 226.44, 351.20
473.08, 227.00, 476.20
472.86, 227.56, 601.20
472.99, 351.44, 350.64
472.78, 352.00, 475.64
472.57, 352.55, 600.64
472.70, 476.44, 350.08
472.48, 476.99, 475.08
472.27, 477.55, 600.08
225.25, 225.51, 474.19
222.26, 222.61, 599.12
219.27, 219.71, 724.05
222.07, 350.44, 477.01
219.07, 347.54, 601.94
216.08, 344.64, 726.87
218.88, 475.36, 479.83
215.89, 472.47, 604.76
212.89, 469.57, 729.69
350.18, 228.63, 477.25
347.18, 225.73, 602.18
344.19, 222.83, 727.12
346.99, 353.55, 480.08
344.00, 350.66, 605.01
341.00, 347.76, 729.94
343.80, 478.48, 482.90
340.81, 475.58, 607.83
337.82, 472.69, 732.76
475.10, 231.75, 480.32
472.11, 228.85, 605.25
469.12, 225.95, 730.18
471.91, 356.67, 483.14
468.92, 353.77, 608.07
465.93, 350.88, 733.00
468.73, 481.60, 485.96
465.73, 478.70, 610.89
462.74, 475.80, 735.82
223.34, 223.48, 598.96
225.46, 223.81, 723.95
227.58, 224.15, 848.93
222.53, 348.48, 598.64
224.65, 348.81, 723.63
226.77, 349.14, 848.61
221.72, 473.47, 598.32
223.84, 473.81, 723.31
225.96, 474.14, 848.29
348.32, 224.28, 596.84
350.44, 224.62, 721.82
352.56, 224.95, 846.80
347.51, 349.28, 596.52
349.63, 349.61, 721.50
351.75, 349.95, 846.48
346.70, 474.28, 596.20
348.82, 474.61, 721.18
350.94, 474.94, 846.16
473.30, 225.09, 594.72
475.42, 225.42, 719.70
477.54, 225.75, 844.68
472.49, 350.08, 594.40
474.61, 350.42, 719.38
476.73, 350.75, 844.36
471.68, 475.08, 594.08
473.80, 475.41, 719.06
475.92, 475.75, 844.04
226.23, 348.24, 100.66
223.17, 345.50, 225.60
220.11, 342.76, 350.53
224.27, 473.20, 103.36
221.21, 470.46, 228.29
218.15, 467.72, 353.22
222.32, 598.16, 106.05
219.26, 595.42, 230.98
216.19, 592.68, 355.91
351.18, 350.13, 103.77
348.11, 347.39, 228.70
345.05, 344.65, 353.63
349.22, 475.09, 106.46
346.16, 472.35, 231.39
343.10, 469.61, 356.33
347.27, 600.04, 109.15
344.20, 597.30, 234.09
341.14, 594.56, 359.02
476.12, 352.02, 106.87
473.06, 349.28, 231.80
470.00, 346.54, 356.74
474.17, 476.98, 109.56
471.11, 474.24, 234.50
468.04, 471.50, 359.43
472.21, 601.93, 112.26
469.15, 599.19, 237.19
466.09, 596.45, 362.12
225.69, 348.97, 225.55
226.20, 348.88, 350.55
226.70, 348.78, 475.55
228.98, 473.93, 225.63
229.48, 473.84, 350.63
229.99, 473.74, 475.63
232.27, 598.89, 225.71
232.77, 598.79, 350.71
233.27, 598.70, 475.71
350.65, 345.69, 225.04
351.15, 345.59, 350.04
351.65, 345.50, 475.04
353.94, 470.65, 225.12
354.44, 470.55, 350.12
354.94, 470.45, 475.12
357.22, 595.60, 225.21
357.72, 595.51, 350.21
358.23, 595.41, 475.21
475.60, 342.40, 224.54
476.11, 342.31, 349.54
476.61, 342.21, 474.54
478.89, 467.36, 224.62
479.39, 467.26, 349.62
479.90, 467.17, 474.62
482.18, 592.32, 224.70
482.68, 592.22, 349.70
483.18, 592.12, 474.70
223.91, 348.94, 350.85
223.62, 351.13, 475.83
223.33, 353.32, 600.81
221.15, 473.89, 348.65
220.86, 476.08, 473.63
220.57, 478.28, 598.61
218.39, 598.84, 346.45
218.10, 601.03, 471.43
217.81, 603.23, 596.41
348.88, 351.71, 351.09
348.59, 353.90, 476.07
348.30, 356.09, 601.05
346.12, 476.66, 348.89
345.83, 478.85, 473.87
345.54, 481.04, 598.85
343.36, 601.61, 346.70
343.07, 603.80, 471.68
342.78, 605.99, 596.66
473.85, 354.47, 351.33
473.56, 356.66, 476.31
473.27, 358.85, 601.29
471.09, 479.42, 349.13
470.80, 481.61, 474.11
470.51, 483.80, 599.09
468.33, 604.37, 346.94
468.04, 606.56, 471.92
467.75, 608.75, 596.90
223.74, 348.44, 475.93
226.24, 346.08, 600.89
228.73, 343.73, 725.84
225.32, 473.40, 478.26
227.82, 471.05, 603.21
230.31, 468.69, 728.16
226.90, 598.37, 480.58
229.40, 596.02, 605.53
231.89, 593.66, 730.49
348.71, 346.90, 473.41
351.20, 344.55, 598.36
353.70, 342.19, 723.32
350.29, 471.87, 475.73
352.78, 469.52, 600.69
355.27, 467.16, 725.64
351.87, 596.84, 478.06
354.36, 594.49, 603.01
356.85, 592.13, 727.96
473.68, 345.37, 470.89
476.17, 343.02, 595.84
478.66, 340.66, 720.79
475.25, 470.34, 473.21
477.75, 467.98, 598.17
480.24, 465.63, 723.12
476.83, 595.31, 475.54
479.33, 592.95, 600.49
481.82, 590.60, 725.44
224.78, 351.71, 599.58
223.90, 348.39, 724.53
223.02, 345.06, 849.48
226.90, 476.65, 602.92
226.02, 473.32, 727.87
225.14, 470.00, 852.83
229.02, 601.59, 606.26
228.14, 598.26, 731.21
227.27, 594.94, 856.17
349.76, 349.57, 600.40
348.88, 346.24, 725.35
348.00, 342.92, 850.31
351.88, 474.51, 603.74
351.00, 471.18, 728.69
350.12, 467.85, 853.65
354.00, 599.44, 607.08
353.12, 596.12, 732.03
352.25, 592.79, 856.99
474.74, 347.42, 601.22
473.86, 344.10, 726.17
472.98, 340.77, 851.13
476.86, 472.36, 604.56
475.98, 469.04, 729.51
475.10, 465.71, 854.47
478.98, 597.30, 607.90
478.10, 593.97, 732.85
477.22, 590.65, 857.81
224.78, 473.16, 98.09
225.62, 471.68, 223.08
226.47, 470.21, 348.07
224.17, 598.15, 99.57
225.02, 596.67, 224.56
225.87, 595.20, 349.55
223.56, 723.14, 101.05
224.41, 721.66, 226.04
225.26, 720.19, 351.03
349.77, 473.77, 97.25
350.62, 472.30, 222.24
351.47, 470.83, 347.23
349.16, 598.76, 98.73
350.01, 597.29, 223.72
350.86, 595.82, 348.71
348.56, 723.75, 100.21
349.41, 722.28, 225.20
350.25, 720.80, 350.18
474.77, 474.39, 96.41
475.62, 472.92, 221.40
476.46, 471.44, 346.39
474.16, 599.38, 97.89
475.01, 597.91, 222.88
475.86, 596.43, 347.87
473.55, 724.37, 99.37
474.40, 722.90, 224.35
475.25, 721.42, 349.34
226.94, 475.47, 226.65
228.19, 477.12, 351.63
229.44, 478.78, 476.61
226.95, 600.46, 224.99
228.20, 602.11, 349.97
229.45, 603.77, 474.96
226.95, 725.44, 223.33
228.20, 727.10, 348.32
229.45, 728.76, 473.30
351.93, 475.44, 225.40
353.18, 477.10, 350.38
354.43, 478.76, 475.36
351.94, 600.43, 223.74
353.19, 602.09, 348.72
354.44, 603.74, 473.71
351.95, 725.42, 222.08
353.20, 727.08, 347.07
354.45, 728.73, 472.05
476.93, 475.42, 224.15
478.18, 477.08, 349.13
479.43, 478.73, 474.11
476.93, 600.41, 222.49
478.18, 602.06, 347.47
479.43, 603.72, 472.46
476.94, 725.40, 220.83
478.19, 727.05, 345.82
479.44, 728.71, 470.80
225.32, 473.71, 348.94
226.08, 473.31, 473.93
226.84, 472.91, 598.93
225.50, 598.71, 349.33
226.26, 598.31, 474.33
227.02, 597.91, 599.33
225.68, 723.71, 349.73
226.44, 723.31, 474.73
227.20, 722.91, 599.73
350.32, 473.53, 348.17
351.08, 473.13, 473.17
351.84, 472.73, 598.17
350.50, 598.53, 348.57
351.26, 598.13, 473.57
352.02, 597.73, 598.57
350.68, 723.53, 348.97
351.44, 723.13, 473.97
352.20, 722.73, 598.96
475.31, 473.35, 347.41
476.07, 472.95, 472.41
476.84, 472.56, 597.40
475.49, 598.35, 347.81
476.26, 597.95, 472.81
477.02, 597.55, 597.80
475.67, 723.35, 348.21
476.44, 722.95, 473.20
477.20, 722.55, 598.20
226.18, 474.93, 473.53
228.95, 474.69, 598.50
231.72, 474.45, 723.47
224.75, 599.93, 473.80
227.52, 599.68, 598.77
230.29, 599.44, 723.74
223.32, 724.92, 474.07
226.09, 724.68, 599.04
228.86, 724.43, 724.01
351.15, 476.37, 470.76
353.92, 476.13, 595.73
356.69, 475.89, 720.70
349.71, 601.36, 471.03
352.48, 601.12, 596.00
355.25, 600.88, 720.97
348.28, 726.35, 471.31
351.05, 726.11, 596.28
353.82, 725.87, 721.25
476.11, 477.81, 467.99
478.88, 477.57, 592.96
481.65, 477.32, 717.93
474.68, 602.80, 468.27
477.45, 602.56, 593.24
480.22, 602.32, 718.21
473.24, 727.79, 468.54
476.01, 727.55, 593.51
478.78, 727.31, 718.48
224.70, 473.81, 601.30
223.77, 475.13, 726.29
222.84, 476.45, 851.28
222.98, 598.79, 599.97
222.05, 600.11, 724.96
221.13, 601.43, 849.95
221.27, 723.77, 598.64
220.34, 725.09, 723.63
219.41, 726.41, 848.62
349.69, 475.54, 602.22
348.76, 476.86, 727.20
347.83, 478.18, 852.19
347.97, 600.52, 600.88
347.04, 601.84, 725.87
346.11, 603.16, 850.86
346.25, 725.50, 599.55
345.32, 726.82, 724.54
344.39, 728.14, 849.53
474.67, 477.26, 603.13
473.74, 478.58, 728.12
472.81, 479.90, 853.11
472.95, 602.24, 601.79
472.02, 603.56, 726.78
471.09, 604.88, 851.77
471.24, 727.22, 600.46
470.31, 728.54, 725.45
469.38, 729.86, 850.44
223.98, 598.26, 99.44
223.13, 595.13, 224.40
222.28, 592.01, 349.36
227.33, 723.17, 102.59
226.48, 720.05, 227.54
225.63, 716.93, 352.50
230.68, 848.09, 105.73
229.83, 844.96, 230.69
228.98, 841.84, 355.65
348.93, 594.89, 100.21
348.08, 591.76, 225.17
347.23, 588.64, 350.13
352.28, 719.80, 103.35
351.43, 716.68, 228.31
350.58, 713.56, 353.27
355.63, 844.72, 106.50
354.78, 841.59, 231.46
353.93, 838.47, 356.41
473.89, 591.51, 100.98
473.03, 588.39, 225.94
472.18, 585.27, 350.89
477.24, 716.43, 104.12
476.38, 713.31, 229.08
475.53, 710.18, 354.04
480.59, 841.35, 107.27
479.73, 838.22, 232.22
478.88, 835.10, 357.18
224.75, 598.31, 223.86
224.98, 598.96, 348.86
225.22, 599.61, 473.86
221.84, 723.27, 223.22
222.08, 723.92, 348.22
222.31, 724.57, 473.21
218.93, 848.24, 222.57
219.17, 848.89, 347.57
219.40, 849.54, 472.57
349.71, 601.21, 223.61
349.95, 601.86, 348.61
350.18, 602.51, 473.61
346.81, 726.18, 222.97
347.04, 726.83, 347.97
347.28, 727.48, 472.96
343.90, 851.14, 222.33
344.13, 851.79, 347.32
344.37, 852.44, 472.32
474.68, 604.12, 223.36
474.92, 604.77, 348.36
475.15, 605.42, 473.36
471.77, 729.09, 222.72
472.01, 729.73, 347.72
472.24, 730.38, 472.71
468.87, 854.05, 222.08
469.10, 854.70, 347.07
469.33, 855.35, 472.07
225.53, 598.34, 349.30
225.48, 595.54, 474.27
225.42, 592.75, 599.24
223.86, 723.29, 352.09
223.80, 720.50, 477.06
223.75, 717.71, 602.03
222.19, 848.25, 354.88
222.13, 845.46, 479.85
222.08, 842.67, 604.82
350.52, 600.01, 349.40
350.46, 597.21, 474.37
350.40, 594.42, 599.34
348.85, 724.96, 352.19
348.79, 722.17, 477.16
348.73, 719.38, 602.13
347.18, 849.92, 354.98
347.12, 847.13, 479.95
347.06, 844.34, 604.92
475.51, 601.67, 349.49
475.45, 598.88, 474.46
475.39, 596.09, 599.43
473.84, 726.63, 352.29
473.78, 723.84, 477.25
473.72, 721.05, 602.22
472.17, 851.59, 355.08
472.11, 848.80, 480.05
472.05, 846.00, 605.02
223.55, 598.30, 474.44
225.74, 597.25, 599.42
227.94, 596.20, 724.39
225.31, 723.28, 475.46
227.50, 722.23, 600.44
229.69, 721.18, 725.41
227.06, 848.26, 476.48
229.25, 847.21, 601.46
231.45, 846.16, 726.43
348.52, 596.56, 472.23
350.71, 595.51, 597.21
352.91, 594.46, 722.19
350.27, 721.54, 473.25
352.47, 720.49, 598.23
354.66, 719.44, 723.20
352.03, 846.53, 474.27
354.22, 845.48, 599.25
356.42, 844.43, 724.22
473.49, 594.82, 470.02
475.68, 593.77, 595.00
477.87, 592.72, 719.98
475.24, 719.81, 471.04
477.44, 718.76, 596.02
479.63, 717.71, 721.00
477.00, 844.79, 472.06
479.19, 843.74, 597.04
481.38, 842.69, 722.02
225.60, 601.71, 600.44
224.11, 603.49, 725.41
222.63, 605.27, 850.39
227.42, 726.69, 598.68
225.93, 728.47, 723.65
224.45, 730.25, 848.63
229.24, 851.66, 596.92
227.75, 853.44, 721.90
226.26, 855.22, 846.87
350.58, 599.91, 601.95
349.09, 601.70, 726.93
347.61, 603.48, 851.90
352.40, 724.89, 600.19
350.91, 726.67, 725.17
349.42, 728.45, 850.15
354.21, 849.86, 598.43
352.73, 851.64, 723.41
351.24, 853.43, 848.39
475.56, 598.12, 603.46
474.07, 599.90, 728.44
472.58, 601.68, 853.42
477.37, 723.09, 601.70
475.89, 724.87, 726.68
474.40, 726.65, 851.66
479.19, 848.07, 599.94
477.71, 849.85, 724.92
476.22, 851.63, 849.90
348.13, 100.96, 100.66
347.46, 100.75, 225.66
346.80, 100.55, 350.66
345.50, 225.93, 100.86
344.83, 225.72, 225.85
344.17, 225.52, 350.85
342.87, 350.90, 101.05
342.20, 350.70, 226.04
341.54, 350.49, 351.04
473.10, 103.59, 101.33
472.43, 103.38, 226.33
471.77, 103.18, 351.33
470.47, 228.56, 101.52
469.80, 228.35, 226.52
469.14, 228.15, 351.52
467.84, 353.53, 101.71
467.17, 353.32, 226.71
466.51, 353.12, 351.71
598.07, 106.21, 102.00
597.40, 106.01, 227.00
596.74, 105.80, 351.99
595.44, 231.19, 102.19
594.77, 230.98, 227.19
594.11, 230.78, 352.19
592.81, 356.16, 102.38
592.14, 355.95, 227.38
591.48, 355.75, 352.38
348.19, 101.56, 223.26
344.53, 102.77, 348.20
340.88, 103.98, 473.14
351.55, 226.51, 222.15
347.90, 227.72, 347.09
344.25, 228.93, 472.03
354.92, 351.46, 221.04
351.27, 352.67, 345.98
347.61, 353.88, 470.92
473.09, 98.22, 226.95
469.43, 99.43, 351.89
465.78, 100.64, 476.83
476.46, 223.17, 225.84
472.80, 224.38, 350.78
469.15, 225.59, 475.72
479.83, 348.12, 224.72
476.17, 349.33, 349.66
472.52, 350.54, 474.60
597.99, 94.89, 230.63
594.33, 96.10, 355.57
590.68, 97.31, 480.51
601.36, 219.84, 229.52
597.70, 221.05, 354.46
594.05, 222.26, 479.40
604.73, 344.79, 228.41
601.07, 346.00, 353.35
597.42, 347.21, 478.29
348.58, 101.91, 349.36
350.77, 103.10, 474.33
352.96, 104.29, 599.31
349.30, 226.90, 348.16
351.49, 228.09, 473.13
353.68, 229.28, 598.11
350.02, 351.89, 346.95
352.21, 353.08, 471.93
354.40, 354.27, 596.90
473.56, 101.17, 347.17
475.75, 102.36, 472.15
477.94, 103.55, 597.13
474.28, 226.16, 345.97
476.47, 227.35, 470.95
478.66, 228.54, 595.92
475.00, 351.16, 344.77
477.19, 352.35, 469.75
479.37, 353.53, 594.72
598.54, 100.43, 344.99
600.73, 101.62, 469.97
602.92, 102.81, 594.94
599.26, 225.43, 343.79
601.45, 226.62, 468.77
603.64, 227.80, 593.74
599.97, 350.42, 342.59
602.16, 351.61, 467.56
604.35, 352.80, 592.54
352.00, 98.05, 474.84
350.87, 97.83, 599.84
349.75, 97.61, 724.83
353.04, 223.04, 475.07
351.91, 222.83, 600.06
350.79, 222.61, 725.06
354.08, 348.04, 475.30
352.95, 347.82, 600.29
351.83, 347.61, 725.29
476.99, 97.01, 475.96
475.86, 96.79, 600.96
474.74, 96.57, 725.95
478.03, 222.00, 476.19
476.90, 221.78, 601.19
475.78, 221.57, 726.18
479.07, 347.00, 476.42
477.94, 346.78, 601.41
476.82, 346.56, 726.41
601.98, 95.96, 477.08
600.85, 95.75, 602.08
599.73, 95.53, 727.07
603.02, 220.96, 477.31
601.89, 220.74, 602.31
600.77, 220.53, 727.30
604.06, 345.95, 477.54
602.94, 345.74, 602.53
601.81, 345.52, 727.53
350.69, 101.33, 598.99
354.21, 100.52, 723.94
357.74, 99.72, 848.89
347.67, 226.29, 599.88
351.19, 225.48, 724.83
354.72, 224.68, 849.78
344.65, 351.25, 600.77
348.18, 350.44, 725.72
351.70, 349.64, 850.67
475.60, 104.37, 595.49
479.13, 103.57, 720.44
482.65, 102.76, 845.38
472.58, 229.33, 596.38
476.11, 228.53, 721.33
479.63, 227.72, 846.27
469.56, 354.29, 597.27
473.09, 353.49, 722.21
476.61, 352.68, 847.16
600.51, 107.41, 591.98
604.04, 106.61, 716.93
607.57, 105.80, 841.88
597.50, 232.37, 592.87
601.02, 231.57, 717.82
604.55, 230.76, 842.77
594.48, 357.33, 593.76
598.00, 356.53, 718.71
601.53, 355.73, 843.66
349.73, 225.25, 99.58
347.78, 222.97, 224.54
345.83, 220.69, 349.50
353.17, 350.18, 101.91
351.23, 347.90, 226.87
349.28, 345.62, 351.84
356.62, 475.11, 104.24
354.67, 472.83, 229.21
352.72, 470.55, 354.17
474.67, 221.77, 101.46
472.72, 219.49, 226.42
470.77, 217.21, 351.39
478.11, 346.70, 103.79
476.16, 344.42, 228.76
474.22, 342.14, 353.72
481.56, 471.63, 106.13
479.61, 469.35, 231.09
477.66, 467.07, 356.06
599.61, 218.29, 103.34
597.66, 216.01, 228.31
595.71, 213.73, 353.27
603.05, 343.22, 105.68
601.10, 340.94, 230.64
599.15, 338.66, 355.61
606.49, 468.15, 108.01
604.55, 465.87, 232.98
602.60, 463.59, 357.94
349.07, 226.17, 223.39
346.08, 227.76, 348.34
343.10, 229.35, 473.30
346.60, 351.14, 221.74
343.62, 352.73, 346.70
340.63, 354.32, 471.65
344.13, 476.10, 220.09
341.15, 477.69, 345.05
338.17, 479.28, 470.00
474.01, 228.68, 226.34
471.02, 230.27, 351.29
468.04, 231.86, 476.25
471.54, 353.65, 224.69
468.56, 355.24, 349.65
465.57, 356.82, 474.60
469.07, 478.61, 223.04
466.09, 480.20, 348.00
463.11, 481.79, 472.95
598.95, 231.19, 229.29
595.96, 232.78, 354.24
592.98, 234.37, 479.20
596.48, 356.15, 227.64
593.50, 357.74, 352.60
590.51, 359.33, 477.55
594.01, 481.12, 225.99
591.03, 482.71, 350.95
588.05, 484.30, 475.90
350.98, 223.46, 350.23
350.61, 220.87, 475.20
350.24, 218.28, 600.18
354.24, 348.39, 352.83
353.87, 345.80, 477.80
353.50, 343.21, 602.77
357.50, 473.32, 355.42
357.13, 470.73, 480.40
356.76, 468.15, 605.37
475.94, 220.19, 350.53
475.57, 217.61, 475.51
475.20, 215.02, 600.48
479.20, 345.12, 353.13
478.83, 342.54, 478.10
478.45, 339.95, 603.08
482.46, 470.05, 355.73
482.09, 467.47, 480.70
481.71, 464.88, 605.67
600.89, 216.93, 350.84
600.52, 214.34, 475.81
600.15, 211.75, 600.78
604.15, 341.86, 353.43
603.78, 339.27, 478.41
603.41, 336.68, 603.38
607.41, 466.79, 356.03
607.04, 464.20, 481.00
606.67, 461.61, 605.98
351.55, 225.01, 476.29
355.31, 227.65, 601.20
359.07, 230.29, 726.12
353.69, 349.96, 473.58
357.45, 352.60, 598.50
361.21, 355.24, 723.41
355.83, 474.91, 470.88
359.59, 477.56, 595.79
363.35, 480.20, 720.71
476.47, 222.79, 472.57
480.23, 225.43, 597.49
483.99, 228.07, 722.41
478.61, 347.74, 469.87
482.37, 350.38, 594.78
486.13, 353.02, 719.70
480.75, 472.69, 467.16
484.51, 475.34, 592.08
488.27, 477.98, 716.99
601.40, 220.57, 468.86
605.16, 223.21, 593.78
608.92, 225.85, 718.69
603.54, 345.52, 466.15
607.30, 348.16, 591.07
611.06, 350.80, 715.99
605.68, 470.47, 463.45
609.44, 473.12, 588.36
613.20, 475.76, 713.28
349.58, 225.89, 601.56
348.65, 226.54, 726.55
347.72, 227.19, 851.55
347.36, 350.87, 600.89
346.44, 351.52, 725.89
345.51, 352.17, 850.88
345.15, 475.85, 600.23
344.22, 476.50, 725.22
343.29, 477.15, 850.22
474.56, 228.12, 602.47
473.63, 228.76, 727.47
472.70, 229.41, 852.46
472.34, 353.10, 601.81
471.41, 353.74, 726.80
470.48, 354.39, 851.80
470.12, 478.07, 601.15
469.19, 478.72, 726.14
468.26, 479.37, 851.14
599.54, 230.34, 603.39
598.61, 230.99, 728.39
597.68, 231.64, 853.38
597.32, 355.32, 602.73
596.39, 355.97, 727.72
595.46, 356.61, 852.72
595.10, 480.30, 602.06
594.17, 480.94, 727.06
593.24, 481.59, 852.05
351.40, 349.71, 98.49
349.31, 347.64, 223.46
347.22, 345.57, 348.42
352.43, 474.69, 100.58
350.34, 472.62, 225.55
348.24, 470.54, 350.51
353.45, 599.67, 102.67
351.36, 597.60, 227.64
349.27, 595.52, 352.60
476.38, 348.65, 100.56
474.29, 346.58, 225.53
472.20, 344.51, 350.49
477.40, 473.63, 102.65
475.31, 471.56, 227.62
473.22, 469.49, 352.58
478.43, 598.61, 104.74
476.34, 596.54, 229.71
474.25, 594.46, 354.67
601.36, 347.59, 102.64
599.27, 345.52, 227.60
597.18, 343.45, 352.57
602.38, 472.57, 104.73
600.29, 470.50, 229.69
598.20, 468.43, 354.66
603.41, 597.55, 106.82
601.32, 595.48, 231.78
599.23, 593.40, 356.75
351.47, 348.75, 225.64
354.90, 347.93, 350.59
358.32, 347.11, 475.55
351.15, 473.75, 226.47
354.58, 472.93, 351.42
358.00, 472.11, 476.37
350.84, 598.75, 227.30
354.26, 597.93, 352.25
357.69, 597.11, 477.20
476.42, 349.09, 222.22
479.85, 348.27, 347.17
483.27, 347.45, 472.12
476.11, 474.09, 223.05
479.53, 473.27, 348.00
482.96, 472.45, 472.95
475.79, 599.09, 223.88
479.21, 598.27, 348.83
482.64, 597.45, 473.78
601.38, 349.43, 218.80
604.80, 348.61, 343.75
608.23, 347.79, 468.70
601.06, 474.43, 219.63
604.48, 473.61, 344.58
607.91, 472.79, 469.53
600.74, 599.43, 220.46
604.17, 598.61, 345.41
607.59, 597.79, 470.36
350.14, 348.98, 348.99
350.94, 352.70, 473.93
351.73, 356.42, 598.88
353.45, 473.88, 345.25
354.25, 477.60, 470.20
355.04, 481.32, 595.14
356.76, 598.78, 341.51
357.56, 602.50, 466.46
358.35, 606.22, 591.40
475.09, 345.65, 348.29
475.89, 349.36, 473.24
476.69, 353.08, 598.18
478.41, 470.55, 344.56
479.20, 474.26, 469.50
480.00, 477.98, 594.44
481.72, 595.45, 340.82
482.51, 599.16, 465.76
483.31, 602.88, 590.70
600.05, 342.31, 347.60
600.84, 346.03, 472.54
601.64, 349.75, 597.48
603.36, 467.21, 343.86
604.16, 470.93, 468.80
604.95, 474.65, 593.74
606.67, 592.11, 340.12
607.47, 595.83, 465.06
608.26, 599.55, 590.01
350.63, 351.45, 473.87
353.62, 349.92, 598.83
356.60, 348.39, 723.78
348.43, 476.42, 475.46
351.41, 474.89, 600.41
354.40, 473.36, 725.37
346.22, 601.39, 477.04
349.21, 599.86, 601.99
352.19, 598.33, 726.95
475.58, 353.69, 470.92
478.56, 352.17, 595.87
481.55, 350.64, 720.83
473.37, 478.67, 472.50
476.36, 477.14, 597.45
479.34, 475.61, 722.41
471.17, 603.64, 474.08
474.15, 602.11, 599.04
477.14, 600.58, 723.99
600.52, 355.94, 467.96
603.51, 354.41, 592.91
606.49, 352.88, 717.87
598.32, 480.91, 469.54
601.30, 479.38, 594.49
604.29, 477.85, 719.45
596.11, 605.88, 471.12
599.10, 604.35, 596.08
602.08, 602.82, 721.03
350.77, 350.18, 599.54
352.84, 348.23, 724.51
354.91, 346.28, 849.48
348.72, 475.15, 601.52
350.79, 473.20, 726.49
352.86, 471.25, 851.46
346.67, 600.11, 603.51
348.74, 598.16, 728.48
350.81, 596.22, 853.44
475.74, 352.26, 597.51
477.81, 350.31, 722.47
479.88, 348.36, 847.44
473.69, 477.23, 599.49
475.76, 475.28, 724.46
477.82, 473.33, 849.42
471.64, 602.20, 601.47
473.71, 600.25, 726.44
475.77, 598.30, 851.41
600.71, 354.35, 595.47
602.77, 352.40, 720.44
604.84, 350.45, 845.41
598.66, 479.31, 597.45
600.72, 477.36, 722.42
602.79, 475.41, 847.39
596.60, 604.28, 599.44
598.67, 602.33, 724.41
600.74, 600.38, 849.37
351.31, 476.17, 98.30
350.92, 474.55, 223.29
350.53, 472.93, 348.28
353.34, 601.15, 99.93
352.95, 599.52, 224.92
352.56, 597.90, 349.91
355.38, 726.12, 101.56
354.99, 724.50, 226.55
354.59, 722.87, 351.54
476.29, 474.14, 98.67
475.90, 472.51, 223.66
475.51, 470.89, 348.65
478.33, 599.11, 100.30
477.93, 597.48, 225.29
477.54, 595.86, 350.28
480.36, 724.08, 101.93
479.97, 722.46, 226.92
479.58, 720.83, 351.91
601.28, 472.10, 99.03
600.88, 470.47, 224.02
600.49, 468.85, 349.01
603.31, 597.07, 100.66
602.92, 595.44, 225.65
602.53, 593.82, 350.64
605.34, 722.04, 102.29
604.95, 720.42, 227.28
604.56, 718.79, 352.27
351.60, 475.04, 226.23
350.52, 472.44, 351.20
349.44, 469.83, 476.17
351.68, 600.01, 228.84
350.60, 597.41, 353.81
349.52, 594.80, 478.78
351.75, 724.99, 231.45
350.67, 722.38, 356.41
349.59, 719.78, 481.38
476.60, 474.94, 227.31
475.52, 472.34, 352.28
474.44, 469.73, 477.25
476.67, 599.92, 229.92
475.59, 597.31, 354.89
474.51, 594.71, 479.85
476.75, 724.89, 232.52
475.67, 722.28, 357.49
474.59, 719.68, 482.46
601.59, 474.85, 228.39
600.51, 472.24, 353.36
599.43, 469.64, 478.33
601.67, 599.82, 231.00
600.59, 597.21, 355.96
599.51, 594.61, 480.93
601.74, 724.79, 233.60
600.66, 722.19, 358.57
599.58, 719.58, 483.54
349.92, 475.71, 350.63
347.68, 475.58, 475.61
345.45, 475.45, 600.59
351.12, 600.70, 350.78
348.88, 600.57, 475.76
346.65, 600.44, 600.74
352.32, 725.70, 350.94
350.09, 725.57, 475.92
347.85, 725.43, 600.90
474.89, 474.50, 352.86
472.66, 474.37, 477.84
470.42, 474.24, 602.82
476.09, 599.50, 353.02
473.86, 599.37, 478.00
471.63, 599.24, 602.98
477.29, 724.49, 353.17
475.06, 724.36, 478.15
472.83, 724.23, 603.13
599.86, 473.30, 355.09
597.63, 473.17, 480.07
595.40, 473.04, 605.05
601.07, 598.29, 355.25
598.83, 598.16, 480.23
596.60, 598.03, 605.21
602.27, 723.29, 355.40
600.03, 723.16, 480.38
597.80, 723.03, 605.36
350.95, 476.09, 476.71
348.23, 476.48, 601.68
345.51, 476.86, 726.65
351.90, 601.09, 476.35
349.19, 601.47, 601.32
346.47, 601.86, 726.29
352.86, 726.09, 475.98
350.14, 726.47, 600.95
347.43, 726.85, 725.92
475.91, 475.15, 479.43
473.20, 475.53, 604.40
470.48, 475.91, 729.37
476.87, 600.14, 479.07
474.15, 600.53, 604.04
471.44, 600.91, 729.01
477.82, 725.14, 478.70
475.11, 725.52, 603.67
472.39, 725.90, 728.64
600.88, 474.20, 482.15
598.16, 474.58, 607.12
595.45, 474.97, 732.09
601.83, 599.20, 481.78
599.12, 599.58, 606.75
596.40, 599.96, 731.72
602.79, 724.19, 481.42
600.07, 724.57, 606.39
597.36, 724.96, 731.36
349.44, 475.38, 600.73
352.47, 478.69, 725.65
355.51, 482.00, 850.57
346.95, 600.32, 597.49
349.98, 603.62, 722.41
353.01, 606.93, 847.33
344.45, 725.25, 594.24
347.48, 728.56, 719.16
350.52, 731.86, 844.08
474.38, 477.80, 597.64
477.41, 481.11, 722.55
480.45, 484.41, 847.47
471.88, 602.73, 594.39
474.92, 606.04, 719.31
477.95, 609.35, 844.23
469.39, 727.66, 591.14
472.42, 730.97, 716.06
475.45, 734.28, 840.98
599.32, 480.21, 594.54
602.35, 483.52, 719.46
605.38, 486.83, 844.38
596.82, 605.15, 591.29
599.86, 608.45, 716.21
602.89, 611.76, 841.13
594.33, 730.08, 588.04
597.36, 733.39, 712.96
600.39, 736.69, 837.88
349.37, 599.96, 98.49
349.27, 597.42, 223.46
349.17, 594.88, 348.44
347.12, 724.91, 101.02
347.02, 722.37, 226.00
346.91, 719.84, 350.97
344.87, 849.87, 103.56
344.77, 847.33, 228.54
344.66, 844.79, 353.51
474.35, 602.21, 98.64
474.25, 599.67, 223.61
474.14, 597.13, 348.58
472.10, 727.16, 101.17
472.00, 724.62, 226.15
471.89, 722.08, 351.12
469.85, 852.12, 103.71
469.75, 849.58, 228.68
469.64, 847.04, 353.66
599.33, 604.46, 98.78
599.23, 601.92, 223.76
599.12, 599.38, 348.73
597.08, 729.41, 101.32
596.98, 726.87, 226.29
596.87, 724.33, 351.27
594.83, 854.36, 103.86
594.72, 851.83, 228.83
594.62, 849.29, 353.81
351.05, 599.44, 223.86
354.23, 602.20, 348.79
357.40, 604.96, 473.72
350.41, 724.41, 221.12
353.58, 727.17, 346.05
356.76, 729.93, 470.98
349.77, 849.38, 218.38
352.94, 852.14, 343.31
356.11, 854.89, 468.24
476.01, 600.02, 220.68
479.19, 602.77, 345.60
482.36, 605.53, 470.53
475.37, 724.99, 217.93
478.54, 727.74, 342.86
481.71, 730.50, 467.79
474.72, 849.95, 215.19
477.90, 852.71, 340.12
481.07, 855.47, 465.05
600.97, 600.59, 217.49
604.14, 603.35, 342.42
607.32, 606.11, 467.35
600.33, 725.56, 214.75
603.50, 728.32, 339.68
606.67, 731.07, 464.61
599.68, 850.53, 212.01
602.86, 853.29, 336.94
606.03, 856.04, 461.86
348.73, 600.76, 349.32
350.17, 602.22, 474.30
351.60, 603.67, 599.28
351.64, 725.71, 347.82
353.07, 727.17, 472.81
354.51, 728.63, 597.79
354.54, 850.67, 346.33
355.98, 852.13, 471.32
357.42, 853.59, 596.30
473.68, 597.83, 347.91
475.12, 599.29, 472.89
476.56, 600.75, 597.88
476.59, 722.79, 346.42
478.03, 724.25, 471.40
479.47, 725.70, 596.39
479.50, 847.75, 344.93
480.94, 849.20, 469.91
482.38, 850.66, 594.90
598.64, 594.91, 346.51
600.08, 596.36, 471.49
601.52, 597.82, 596.47
601.55, 719.86, 345.02
602.99, 721.32, 470.00
604.43, 722.78, 594.98
604.46, 844.82, 343.52
605.90, 846.28, 468.51
607.34, 847.74, 593.49
348.40, 598.13, 475.71
349.16, 594.51, 600.66
349.93, 590.89, 725.60
350.48, 723.06, 479.32
351.25, 719.44, 604.26
352.01, 715.82, 729.21
352.57, 847.99, 482.93
353.33, 844.37, 607.87
354.09, 840.75, 732.82
473.38, 596.07, 474.89
474.14, 592.45, 599.83
474.91, 588.83, 724.78
475.46, 721.00, 478.50
476.23, 717.38, 603.44
476.99, 713.76, 728.39
477.55, 845.93, 482.10
478.31, 842.31, 607.05
479.07, 838.69, 731.99
598.36, 594.01, 474.06
599.12, 590.39, 599.01
599.89, 586.77, 723.95
600.44, 718.94, 477.67
601.21, 715.32, 602.62
601.97, 711.70, 727.56
602.53, 843.87, 481.28
603.29, 840.25, 606.23
604.05, 836.63, 731.17
350.46, 600.69, 599.16
354.13, 601.24, 724.11
357.79, 601.78, 849.05
347.22, 725.65, 598.71
350.89, 726.19, 723.66
354.55, 726.74, 848.60
343.98, 850.61, 598.27
347.65, 851.15, 723.21
351.31, 851.69, 848.16
475.37, 603.92, 595.48
479.03, 604.46, 720.43
482.70, 605.01, 845.38
472.13, 728.88, 595.04
475.79, 729.42, 719.98
479.45, 729.96, 844.93
468.89, 853.83, 594.59
472.55, 854.38, 719.53
476.21, 854.92, 844.48
600.27, 607.15, 591.81
603.94, 607.69, 716.75
607.60, 608.23, 841.70
597.03, 732.10, 591.36
600.69, 732.65, 716.30
604.36, 733.19, 841.25
593.79, 857.06, 590.91
597.45, 857.60, 715.86
601.12, 858.15, 840.80
476.84, 101.82, 100.31
477.02, 99.84, 225.30
477.20, 97.85, 350.28
473.99, 226.77, 102.30
474.17, 224.79, 227.28
474.36, 222.80, 352.27
471.14, 351.73, 104.29
471.33, 349.74, 229.27
471.51, 347.76, 354.26
601.80, 104.67, 100.17
601.99, 102.69, 225.16
602.17, 100.70, 350.14
598.96, 229.62, 102.16
599.14, 227.64, 227.15
599.33, 225.65, 352.13
596.11, 354.58, 104.15
596.29, 352.59, 229.13
596.48, 350.60, 354.12
726.77, 107.52, 100.03
726.95, 105.54, 225.02
727.14, 103.55, 350.00
723.92, 232.47, 102.02
724.11, 230.49, 227.01
724.29, 228.50, 351.99
721.08, 357.42, 104.01
721.26, 355.44, 229.00
721.45, 353.45, 353.98
474.24, 100.95, 226.69
476.66, 98.43, 351.64
479.09, 95.90, 476.59
473.44, 225.92, 229.23
475.87, 223.40, 354.18
478.29, 220.87, 479.14
472.64, 350.90, 231.78
475.07, 348.37, 356.73
477.49, 345.84, 481.68
599.21, 101.80, 224.28
601.64, 99.27, 349.23
604.06, 96.75, 474.18
598.41, 226.77, 226.82
600.84, 224.24, 351.77
603.27, 221.72, 476.73
597.62, 351.74, 229.37
600.04, 349.22, 354.32
602.47, 346.69, 479.27
724.19, 102.65, 221.87
726.61, 100.12, 346.82
729.04, 97.59, 471.77
723.39, 227.62, 224.41
725.81, 225.09, 349.37
728.24, 222.56, 474.32
722.59, 352.59, 226.96
725.02, 350.06, 351.91
727.44, 347.54, 476.86
474.34, 101.48, 350.21
476.81, 105.07, 475.14
479.28, 108.66, 600.06
472.88, 226.42, 346.65
475.35, 230.01, 471.57
477.81, 233.60, 596.50
471.42, 351.36, 343.09
473.88, 354.95, 468.01
476.35, 358.54, 592.94
599.31, 102.87, 347.70
601.78, 106.46, 472.63
604.24, 110.05, 597.55
597.85, 227.82, 344.14
600.31, 231.40, 469.07
602.78, 234.99, 593.99
596.38, 352.76, 340.58
598.85, 356.35, 465.51
601.32, 359.93, 590.43
724.28, 104.27, 345.20
726.74, 107.86, 470.12
729.21, 111.45, 595.05
722.81, 229.21, 341.64
725.28, 232.80, 466.56
727.75, 236.39, 591.48
721.35, 354.15, 338.08
723.82, 357.74, 463.00
726.28, 361.33, 587.92
473.27, 98.21, 476.72
471.24, 101.19, 601.67
469.22, 104.18, 726.61
474.68, 223.16, 473.76
472.65, 226.15, 598.70
470.63, 229.14, 723.65
476.09, 348.12, 470.79
474.06, 351.11, 595.74
472.04, 354.09, 720.69
598.24, 96.85, 478.78
596.22, 99.83, 603.72
594.19, 102.82, 728.67
599.65, 221.80, 475.81
597.63, 224.79, 600.76
595.60, 227.78, 725.71
601.06, 346.76, 472.85
599.04, 349.75, 597.80
597.01, 352.73, 722.75
723.22, 95.48, 480.84
721.19, 98.47, 605.78
719.17, 101.46, 730.73
724.63, 220.44, 477.87
722.60, 223.43, 602.82
720.58, 226.41, 727.77
726.04, 345.40, 474.91
724.01, 348.38, 599.86
721.99, 351.37, 724.80
476.32, 99.48, 600.74
473.16, 103.02, 725.65
469.99, 106.57, 850.56
475.31, 224.42, 597.17
472.15, 227.97, 722.08
468.98, 231.51, 846.99
474.30, 349.37, 593.60
471.14, 352.91, 718.51
467.97, 356.46, 843.42
601.28, 100.57, 603.88
598.11, 104.12, 728.79
594.94, 107.67, 853.70
600.27, 225.52, 600.31
597.10, 229.07, 725.22
593.93, 232.61, 850.13
599.26, 350.46, 596.73
596.09, 354.01, 721.64
592.93, 357.56, 846.55
726.23, 101.67, 607.02
723.07, 105.22, 731.93
719.90, 108.76, 856.83
725.23, 226.62, 603.44
722.06, 230.16, 728.35
718.89, 233.71, 853.26
724.22, 351.56, 599.87
721.05, 355.11, 724.78
717.88, 358.65, 849.69
475.71, 223.28, 100.31
479.27, 223.87, 225.25
482.83, 224.47, 350.20
473.36, 348.25, 99.78
476.92, 348.85, 224.72
480.48, 349.44, 349.67
471.01, 473.23, 99.25
474.57, 473.83, 224.19
478.12, 474.42, 349.14
600.64, 225.61, 96.74
604.20, 226.21, 221.68
607.76, 226.80, 346.63
598.29, 350.59, 96.21
601.85, 351.19, 221.16
605.40, 351.78, 346.10
595.93, 475.57, 95.68
599.49, 476.16, 220.63
603.05, 476.76, 345.57
725.57, 227.95, 93.17
729.13, 228.55, 218.12
732.68, 229.14, 343.06
723.21, 352.93, 92.64
726.77, 353.52, 217.59
730.33, 354.12, 342.53
720.86, 477.90, 92.11
724.42, 478.50, 217.06
727.98, 479.09, 342.01
475.38, 223.15, 226.49
476.59, 225.70, 351.46
477.81, 228.25, 476.43
476.48, 348.11, 223.93
477.69, 350.67, 348.90
478.91, 353.22, 473.86
477.58, 473.08, 221.37
478.80, 475.63, 346.33
480.01, 478.19, 471.30
600.37, 222.02, 225.30
601.58, 224.57, 350.26
602.80, 227.12, 475.23
601.47, 346.99, 222.73
602.68, 349.54, 347.70
603.90, 352.09, 472.67
602.57, 471.96, 220.17
603.79, 474.51, 345.14
605.00, 477.06, 470.11
725.36, 220.89, 224.10
726.57, 223.44, 349.07
727.79, 226.00, 474.04
726.46, 345.86, 221.54
727.67, 348.41, 346.51
728.89, 350.97, 471.48
727.56, 470.83, 218.98
728.77, 473.38, 343.95
729.99, 475.93, 468.91
475.65, 224.82, 349.13
479.08, 225.82, 474.07
482.52, 226.82, 599.02
477.20, 349.80, 348.08
480.64, 350.80, 473.03
484.08, 351.81, 597.98
478.76, 474.79, 347.03
482.20, 475.79, 471.98
485.63, 476.79, 596.93
600.59, 223.23, 345.70
604.03, 224.23, 470.65
607.46, 225.24, 595.60
602.15, 348.22, 344.66
605.58, 349.22, 469.61
609.02, 350.22, 594.55
603.70, 473.20, 343.61
607.14, 474.21, 468.56
610.58, 475.21, 593.51
725.53, 221.65, 342.28
728.97, 222.65, 467.23
732.41, 223.65, 592.18
727.09, 346.63, 341.23
730.53, 347.64, 466.18
733.96, 348.64, 591.13
728.65, 471.62, 340.19
732.08, 472.62, 465.14
735.52, 473.62, 590.09
473.92, 224.27, 473.31
473.49, 221.60, 598.29
473.06, 218.93, 723.26
471.96, 349.22, 475.97
471.53, 346.56, 600.95
471.10, 343.89, 725.92
469.99, 474.18, 478.63
469.56, 471.51, 603.61
469.13, 468.85, 728.58
598.90, 226.22, 473.79
598.48, 223.55, 598.76
598.05, 220.89, 723.73
596.94, 351.18, 476.45
596.51, 348.51, 601.42
596.08, 345.84, 726.39
594.98, 476.13, 479.11
594.55, 473.47, 604.08
594.12, 470.80, 729.05
723.89, 228.18, 474.26
723.46, 225.51, 599.23
723.03, 222.84, 724.20
721.92, 353.13, 476.92
721.50, 350.47, 601.89
721.07, 347.80, 726.86
719.96, 478.09, 479.58
719.53, 475.42, 604.55
719.10, 472.75, 729.52
473.59, 226.56, 600.98
472.79, 226.05, 725.98
471.99, 225.54, 850.98
470.77, 351.53, 601.48
469.97, 351.02, 726.48
469.18, 350.50, 851.47
467.96, 476.50, 601.97
467.16, 475.98, 726.97
466.36, 475.47, 851.97
598.55, 229.37, 601.79
597.75, 228.86, 726.79
596.96, 228.35, 851.79
595.74, 354.34, 602.29
594.94, 353.83, 727.29
594.14, 353.31, 852.28
592.92, 479.31, 602.78
592.13, 478.79, 727.78
591.33, 478.28, 852.78
723.52, 232.18, 602.60
722.72, 231.67, 727.60
721.92, 231.16, 852.60
720.70, 357.15, 603.10
719.91, 356.64, 728.09
719.11, 356.12, 853.09
717.89, 482.12, 603.59
717.09, 481.61, 728.59
716.29, 481.09, 853.59
474.03, 348.73, 100.32
472.05, 349.34, 225.30
470.07, 349.95, 350.29
475.63, 473.72, 99.74
473.65, 474.33, 224.72
471.67, 474.93, 349.71
477.23, 598.71, 99.16
475.25, 599.32, 224.14
473.27, 599.92, 349.12
599.01, 347.15, 102.31
597.03, 347.75, 227.29
595.05, 348.36, 352.28
600.61, 472.13, 101.73
598.62, 472.74, 226.71
596.64, 473.35, 351.69
602.20, 597.12, 101.15
600.22, 597.73, 226.13
598.24, 598.34, 351.11
723.98, 345.56, 104.30
722.00, 346.16, 229.28
720.02, 346.77, 354.26
725.58, 470.55, 103.72
723.60, 471.15, 228.70
721.62, 471.76, 353.68
727.18, 595.53, 103.14
725.20, 596.14, 228.12
723.21, 596.75, 353.10
476.98, 350.64, 224.62
478.95, 348.30, 349.59
480.92, 345.95, 474.55
479.34, 475.60, 226.93
481.31, 473.25, 351.89
483.27, 470.91, 476.85
481.70, 600.56, 229.24
483.66, 598.21, 354.20
485.63, 595.87, 479.16
601.95, 348.32, 222.61
603.91, 345.98, 347.57
605.88, 343.63, 472.54
604.30, 473.28, 224.92
606.27, 470.94, 349.88
608.24, 468.59, 474.84
606.66, 598.24, 227.23
608.63, 595.89, 352.19
610.59, 593.55, 477.15
726.91, 346.00, 220.60
728.87, 343.66, 345.56
730.84, 341.31, 470.53
729.26, 470.96, 222.91
731.23, 468.62, 347.87
733.20, 466.27, 472.83
731.62, 595.92, 225.22
733.59, 593.57, 350.18
735.55, 591.23, 475.14
474.45, 348.29, 350.89
472.42, 345.37, 475.84
470.39, 342.44, 600.79
471.63, 473.22, 353.77
469.60, 470.30, 478.71
467.57, 467.38, 603.66
468.81, 598.16, 356.64
466.78, 595.24, 481.59
464.75, 592.31, 606.54
599.41, 351.06, 352.99
597.37, 348.14, 477.94
595.34, 345.21, 602.89
596.59, 476.00, 355.86
594.55, 473.07, 480.81
592.52, 470.15, 605.76
593.77, 600.93, 358.74
591.73, 598.01, 483.69
589.70, 595.08, 608.64
724.36, 353.83, 355.09
722.32, 350.91, 480.03
720.29, 347.98, 604.98
721.54, 478.77, 357.96
719.50, 475.84, 482.91
717.47, 472.92, 607.86
718.72, 603.70, 360.84
716.68, 600.78, 485.79
714.65, 597.85, 610.74
476.14, 349.33, 474.25
479.07, 351.65, 599.19
482.00, 353.98, 724.14
475.45, 474.31, 471.94
478.39, 476.63, 596.88
481.32, 478.95, 721.83
474.77, 599.28, 469.63
477.70, 601.61, 594.58
480.63, 603.93, 719.52
601.11, 349.96, 471.30
604.04, 352.29, 596.25
606.97, 354.61, 721.19
600.42, 474.94, 469.00
603.35, 477.26, 593.94
606.28, 479.59, 718.89
599.73, 599.92, 466.69
602.66, 602.24, 591.63
605.59, 604.56, 716.58
726.07, 350.60, 468.36
729.00, 352.92, 593.31
731.93, 355.24, 718.25
725.38, 475.57, 466.05
728.31, 477.90, 591.00
731.24, 480.22, 715.94
724.69, 600.55, 463.75
727.63, 602.87, 588.69
730.56, 605.20, 713.64
474.54, 348.74, 600.20
476.29, 351.50, 725.16
478.04, 354.27, 850.11
476.36, 473.70, 597.41
478.12, 476.46, 722.37
479.87, 479.22, 847.33
478.19, 598.65, 594.63
479.94, 601.42, 719.58
481.69, 604.18, 844.54
599.52, 346.88, 598.49
601.27, 349.64, 723.45
603.02, 352.40, 848.40
601.34, 471.84, 595.70
603.09, 474.60, 720.66
604.84, 477.36, 845.62
603.16, 596.79, 592.92
604.91, 599.55, 717.87
606.66, 602.31, 842.83
724.49, 345.02, 596.78
726.24, 347.78, 721.74
727.99, 350.54, 846.69
726.31, 469.97, 593.99
728.06, 472.74, 718.95
729.82, 475.50, 843.91
728.14, 594.93, 591.21
729.89, 597.69, 716.16
731.64, 600.45, 841.12
476.96, 474.96, 100.52
473.22, 471.44, 225.41
469.48, 467.92, 350.31
479.04, 599.89, 104.10
475.30, 596.37, 228.99
471.56, 592.85, 353.89
481.11, 724.82, 107.68
477.37, 721.30, 232.58
473.63, 717.79, 357.47
601.89, 472.78, 104.20
598.15, 469.26, 229.09
594.41, 465.74, 353.99
603.96, 597.71, 107.78
600.22, 594.19, 232.67
596.48, 590.67, 357.57
606.04, 722.64, 111.36
602.30, 719.13, 236.26
598.56, 715.61, 361.15
726.82, 470.60, 107.88
723.08, 467.08, 232.77
719.34, 463.56, 357.67
728.89, 595.53, 111.46
725.15, 592.01, 236.35
721.41, 588.50, 361.25
730.97, 720.47, 115.04
727.22, 716.95, 239.94
723.48, 713.43, 364.83
475.67, 473.98, 226.06
475.75, 476.95, 351.03
475.83, 479.92, 475.99
474.52, 598.94, 223.09
474.60, 601.91, 348.06
474.68, 604.88, 473.02
473.37, 723.90, 220.12
473.45, 726.87, 345.09
473.53, 729.84, 470.05
600.67, 475.13, 225.96
600.74, 478.10, 350.92
600.82, 481.07, 475.88
599.52, 600.09, 222.99
599.60, 603.06, 347.95
599.67, 606.03, 472.92
598.37, 725.05, 220.02
598.45, 728.02, 344.98
598.52, 730.99, 469.95
725.66, 476.28, 225.85
725.74, 479.25, 350.81
725.82, 482.21, 475.78
724.51, 601.24, 222.88
724.59, 604.20, 347.85
724.67, 607.17, 472.81
723.36, 726.19, 219.91
723.44, 729.16, 344.88
723.52, 732.13, 469.84
474.51, 473.85, 351.59
477.61, 473.59, 476.55
480.71, 473.32, 601.51
474.90, 598.85, 351.85
478.00, 598.58, 476.81
481.10, 598.32, 601.77
475.30, 723.85, 352.10
478.39, 723.58, 477.06
481.49, 723.32, 602.03
599.47, 473.47, 348.49
602.57, 473.20, 473.45
605.67, 472.94, 598.41
599.87, 598.47, 348.75
602.96, 598.20, 473.71
606.06, 597.93, 598.67
600.26, 723.46, 349.00
603.36, 723.20, 473.96
606.45, 722.93, 598.93
724.44, 473.08, 345.39
727.53, 472.82, 470.35
730.63, 472.55, 595.31
724.83, 598.08, 345.65
727.93, 597.82, 470.61
731.02, 597.55, 595.57
725.22, 723.08, 345.90
728.32, 722.81, 470.87
731.42, 722.55, 595.83
473.56, 476.93, 474.04
473.98, 475.45, 599.03
474.40, 473.98, 724.02
475.52, 601.91, 475.51
475.94, 600.43, 600.50
476.36, 598.95, 725.49
477.47, 726.88, 476.98
477.89, 725.41, 601.97
478.32, 723.93, 726.96
598.54, 474.98, 473.60
598.96, 473.50, 598.59
599.38, 472.02, 723.58
600.50, 599.96, 475.07
600.92, 598.48, 600.06
601.34, 597.00, 725.05
602.46, 724.93, 476.54
602.88, 723.45, 601.53
603.30, 721.98, 726.52
723.52, 473.03, 473.15
723.95, 471.55, 598.14
724.37, 470.07, 723.13
725.48, 598.00, 474.62
725.90, 596.52, 599.61
726.33, 595.05, 724.60
727.44, 722.98, 476.09
727.86, 721.50, 601.08
728.28, 720.02, 726.07
475.66, 475.17, 598.08
475.70, 474.35, 723.08
475.73, 473.53, 848.08
475.14, 600.17, 598.91
475.18, 599.35, 723.90
475.21, 598.52, 848.90
474.62, 725.17, 599.73
474.66, 724.34, 724.73
474.69, 723.52, 849.73
600.66, 475.69, 598.05
600.70, 474.87, 723.05
600.73, 474.05, 848.05
600.14, 600.69, 598.88
600.18, 599.87, 723.87
600.21, 599.04, 848.87
599.62, 725.69, 599.70
599.66, 724.86, 724.70
599.69, 724.04, 849.70
725.66, 476.21, 598.02
725.70, 475.39, 723.02
725.73, 474.57, 848.02
725.14, 601.21, 598.85
725.18, 600.39, 723.85
725.21, 599.56, 848.84
724.62, 726.21, 599.67
724.66, 725.38, 724.67
724.69, 724.56, 849.67
474.03, 599.10, 101.57
475.86, 595.84, 226.52
477.69, 592.58, 351.46
470.70, 724.02, 104.89
472.53, 720.75, 229.83
474.36, 717.49, 354.77
467.36, 848.93, 108.20
469.19, 845.66, 233.14
471.03, 842.40, 358.09
598.97, 602.48, 99.83
600.80, 599.22, 224.78
602.63, 595.96, 349.72
595.64, 727.40, 103.14
597.47, 724.13, 228.09
599.30, 720.87, 353.03
592.31, 852.31, 106.45
594.14, 849.04, 231.40
595.97, 845.78, 356.34
723.91, 605.86, 98.09
725.74, 602.60, 223.03
727.57, 599.34, 347.98
720.58, 730.77, 101.40
722.41, 727.51, 226.34
724.24, 724.25, 351.29
717.25, 855.69, 104.71
719.08, 852.42, 229.66
720.91, 849.16, 354.60
473.58, 601.00, 225.57
472.27, 603.96, 350.53
470.96, 606.92, 475.48
473.55, 725.97, 222.61
472.24, 728.93, 347.57
470.93, 731.89, 472.52
473.53, 850.93, 219.65
472.22, 853.89, 344.61
470.91, 856.85, 469.56
598.57, 601.06, 226.88
597.26, 604.02, 351.83
595.95, 606.98, 476.79
598.54, 726.02, 223.92
597.24, 728.98, 348.87
595.93, 731.94, 473.83
598.52, 850.99, 220.96
597.21, 853.95, 345.91
595.90, 856.91, 470.87
723.56, 601.11, 228.19
722.25, 604.07, 353.14
720.94, 607.03, 478.10
723.54, 726.08, 225.22
722.23, 729.04, 350.18
720.92, 732.00, 475.14
723.51, 851.04, 222.26
722.20, 854.00, 347.22
720.89, 856.96, 472.18
475.64, 600.55, 349.25
477.55, 601.36, 474.24
479.45, 602.17, 599.22
472.67, 725.52, 348.49
474.57, 726.32, 473.47
476.47, 727.13, 598.46
469.69, 850.48, 347.73
471.59, 851.29, 472.71
473.49, 852.10, 597.69
600.59, 603.52, 347.33
602.50, 604.33, 472.32
604.40, 605.14, 597.30
597.62, 728.48, 346.57
599.52, 729.29, 471.55
601.42, 730.10, 596.54
594.64, 853.44, 345.81
596.54, 854.25, 470.79
598.44, 855.06, 595.77
725.54, 606.49, 345.41
727.45, 607.30, 470.40
729.35, 608.10, 595.38
722.57, 731.45, 344.65
724.47, 732.26, 469.63
726.37, 733.07, 594.62
719.59, 856.41, 343.89
721.49, 857.22, 468.87
723.39, 858.03, 593.85
475.31, 599.67, 475.40
477.69, 598.36, 600.37
480.08, 597.06, 725.34
478.99, 724.61, 476.64
481.37, 723.30, 601.61
483.76, 722.00, 726.58
482.67, 849.55, 477.87
485.05, 848.24, 602.84
487.44, 846.94, 727.82
600.23, 596.02, 472.98
602.62, 594.71, 597.95
605.00, 593.40, 722.92
603.91, 720.96, 474.22
606.30, 719.65, 599.19
608.68, 718.34, 724.16
607.59, 845.90, 475.45
609.97, 844.59, 600.42
612.36, 843.28, 725.39
725.16, 592.36, 470.56
727.54, 591.06, 595.53
729.93, 589.75, 720.50
728.83, 717.30, 471.79
731.22, 716.00, 596.76
733.60, 714.69, 721.73
732.51, 842.24, 473.03
734.90, 840.94, 598.00
737.28, 839.63, 722.97
474.22, 600.88, 601.59
473.22, 597.80, 726.54
472.23, 594.73, 851.50
475.47, 725.83, 604.67
474.48, 722.76, 729.63
473.48, 719.68, 854.59
476.72, 850.79, 607.76
475.73, 847.71, 732.71
474.73, 844.64, 857.67
599.21, 599.60, 602.55
598.21, 596.53, 727.51
597.22, 593.45, 852.47
600.46, 724.56, 605.64
599.46, 721.48, 730.59
598.47, 718.41, 855.55
601.71, 849.51, 608.72
600.72, 846.44, 733.68
599.72, 843.36, 858.64
724.20, 598.33, 603.52
723.20, 595.25, 728.48
722.21, 592.18, 853.43
725.45, 723.28, 606.60
724.45, 720.21, 731.56
723.46, 717.13, 856.52
726.70, 848.24, 609.69
725.71, 845.16, 734.65
724.71, 842.09, 859.60
598.54, 98.69, 98.82
595.98, 95.94, 223.77
593.42, 93.20, 348.71
597.87, 223.66, 101.56
595.31, 220.91, 226.50
592.75, 218.16, 351.45
597.19, 348.63, 104.29
594.63, 345.88, 229.24
592.07, 343.13, 354.18
723.52, 99.31, 101.40
720.96, 96.56, 226.34
718.39, 93.81, 351.29
722.84, 224.28, 104.13
720.28, 221.53, 229.08
717.72, 218.78, 354.02
722.17, 349.24, 106.87
719.60, 346.50, 231.81
717.04, 343.75, 356.75
848.49, 99.93, 103.98
845.93, 97.18, 228.92
843.37, 94.43, 353.86
847.81, 224.90, 106.71
845.25, 222.15, 231.65
842.69, 219.40, 356.60
847.14, 349.86, 109.44
844.58, 347.12, 234.39
842.02, 344.37, 359.33
601.77, 99.87, 225.65
604.09, 99.66, 350.63
606.42, 99.46, 475.61
599.59, 224.85, 225.90
601.92, 224.64, 350.88
604.24, 224.44, 475.86
597.41, 349.83, 226.15
599.74, 349.62, 351.12
602.07, 349.42, 476.10
726.73, 102.05, 223.33
729.05, 101.84, 348.31
731.38, 101.64, 473.29
724.55, 227.03, 223.58
726.88, 226.82, 348.55
729.20, 226.62, 473.53
722.37, 352.01, 223.82
724.70, 351.80, 348.80
727.02, 351.60, 473.78
851.69, 104.23, 221.01
854.01, 104.02, 345.99
856.34, 103.82, 470.96
849.51, 229.21, 221.25
851.83, 229.01, 346.23
854.16, 228.80, 471.21
847.33, 354.19, 221.50
849.66, 353.99, 346.48
851.98, 353.78, 471.46
600.56, 101.48, 351.84
604.24, 98.57, 476.75
607.91, 95.66, 601.66
602.38, 226.44, 354.70
606.06, 223.53, 479.61
609.73, 220.61, 604.52
604.20, 351.39, 357.56
607.87, 348.48, 482.47
611.55, 345.57, 607.38
725.49, 99.75, 348.12
729.17, 96.84, 473.03
732.84, 93.93, 597.95
727.31, 224.70, 350.98
730.99, 221.79, 475.89
734.66, 218.88, 600.81
729.13, 349.66, 353.84
732.81, 346.75, 478.75
736.48, 343.83, 603.67
850.43, 98.02, 344.41
854.10, 95.10, 469.32
857.78, 92.19, 594.23
852.25, 222.97, 347.27
855.92, 220.06, 472.18
859.59, 217.15, 597.09
854.07, 347.92, 350.13
857.74, 345.01, 475.04
861.41, 342.10, 599.95
600.36, 100.87, 474.96
598.36, 100.62, 599.94
596.37, 100.37, 724.92
598.92, 225.86, 475.18
596.93, 225.61, 600.17
594.93, 225.36, 725.15
597.48, 350.85, 475.41
595.49, 350.60, 600.39
593.49, 350.35, 725.38
725.33, 102.31, 476.95
723.34, 102.06, 601.94
721.35, 101.81, 726.92
723.90, 227.30, 477.18
721.90, 227.05, 602.16
719.91, 226.80, 727.15
722.46, 352.29, 477.41
720.46, 352.04, 602.39
718.47, 351.79, 727.38
850.31, 103.74, 478.95
848.32, 103.49, 603.93
846.32, 103.24, 728.92
848.87, 228.73, 479.18
846.88, 228.48, 604.16
844.88, 228.23, 729.14
847.43, 353.72, 479.40
845.44, 353.47, 604.39
843.44, 353.22, 729.37
600.99, 99.58, 599.92
604.50, 101.27, 724.86
608.00, 102.96, 849.79
601.81, 224.57, 598.20
605.31, 226.26, 723.14
608.82, 227.94, 848.08
602.62, 349.55, 596.49
606.13, 351.24, 721.43
609.63, 352.93, 846.37
725.94, 98.72, 596.42
729.45, 100.41, 721.36
732.95, 102.10, 846.30
726.76, 223.70, 594.71
730.26, 225.39, 719.65
733.77, 227.08, 844.59
727.57, 348.69, 593.00
731.08, 350.38, 717.94
734.58, 352.07, 842.88
850.89, 97.85, 592.93
854.39, 99.54, 717.87
857.90, 101.23, 842.81
851.71, 222.84, 591.22
855.21, 224.53, 716.16
858.72, 226.22, 841.10
852.52, 347.83, 589.50
856.03, 349.51, 714.44
859.53, 351.20, 839.38
598.15, 226.49, 99.51
599.11, 228.06, 224.50
600.06, 229.63, 349.48
600.40, 351.46, 97.92
601.36, 353.03, 222.91
602.32, 354.60, 347.89
602.65, 476.43, 96.33
603.61, 478.00, 221.32
604.57, 479.57, 346.31
723.12, 224.22, 98.58
724.08, 225.79, 223.57
725.04, 227.36, 348.55
725.38, 349.19, 96.99
726.33, 350.76, 221.98
727.29, 352.33, 346.97
727.63, 474.16, 95.40
728.59, 475.73, 220.39
729.54, 477.30, 345.38
848.10, 221.96, 97.65
849.06, 223.53, 222.64
850.01, 225.10, 347.62
850.35, 346.93, 96.06
851.31, 348.50, 221.05
852.27, 350.07, 346.04
852.61, 471.90, 94.48
853.56, 473.47, 219.46
854.52, 475.04, 344.45
599.31, 226.10, 226.00
601.33, 224.81, 350.97
603.34, 223.53, 475.95
600.33, 351.09, 227.26
602.34, 349.80, 352.24
604.36, 348.52, 477.22
601.35, 476.07, 228.53
603.36, 474.79, 353.51
605.38, 473.51, 478.48
724.29, 225.10, 223.97
726.31, 223.81, 348.94
728.32, 222.53, 473.92
725.31, 350.09, 225.23
727.32, 348.80, 350.21
729.34, 347.52, 475.19
726.33, 475.08, 226.50
728.34, 473.79, 351.48
730.36, 472.51, 476.46
849.27, 224.10, 221.94
851.29, 222.82, 346.92
853.30, 221.53, 471.89
850.29, 349.09, 223.21
852.30, 347.81, 348.18
854.32, 346.52, 473.16
851.30, 474.08, 224.47
853.32, 472.80, 349.45
855.34, 471.51, 474.43
599.20, 223.08, 348.58
597.85, 219.84, 473.54
596.51, 216.60, 598.49
599.36, 348.04, 351.83
598.01, 344.80, 476.78
596.66, 341.56, 601.73
599.51, 472.99, 355.07
598.16, 469.75, 480.02
596.81, 466.51, 604.97
724.20, 222.89, 349.93
722.85, 219.65, 474.88
721.50, 216.41, 599.83
724.35, 347.85, 353.17
723.00, 344.61, 478.12
721.65, 341.37, 603.07
724.50, 472.81, 356.41
723.15, 469.57, 481.37
721.80, 466.33, 606.32
849.19, 222.71, 351.27
847.84, 219.47, 476.22
846.49, 216.22, 601.18
849.34, 347.66, 354.52
847.99, 344.42, 479.47
846.64, 341.18, 604.42
849.49, 472.62, 357.76
848.14, 469.38, 482.71
846.79, 466.14, 607.66
601.91, 226.00, 473.01
604.13, 224.58, 597.98
606.35, 223.16, 722.95
601.99, 350.99, 474.43
604.21, 349.57, 599.40
606.43, 348.15, 724.37
602.07, 475.98, 475.84
604.29, 474.57, 600.82
606.51, 473.15, 725.79
726.89, 225.95, 470.79
729.11, 224.53, 595.76
731.33, 223.11, 720.73
726.97, 350.94, 472.20
729.19, 349.52, 597.18
731.41, 348.10, 722.15
727.05, 475.93, 473.62
729.27, 474.51, 598.59
731.49, 473.09, 723.56
851.87, 225.89, 468.56
854.09, 224.47, 593.53
856.31, 223.06, 718.51
851.95, 350.88, 469.98
854.17, 349.47, 594.95
856.39, 348.05, 719.92
852.03, 475.88, 471.40
854.25, 474.46, 596.37
856.47, 473.04, 721.34
600.34, 223.51, 600.62
598.28, 222.97, 725.60
596.21, 222.42, 850.58
597.04, 348.47, 601.11
594.97, 347.92, 726.09
592.90, 347.38, 851.07
593.73, 473.43, 601.60
591.66, 472.88, 726.59
589.59, 472.33, 851.57
725.28, 226.82, 602.70
723.22, 226.27, 727.68
721.15, 225.72, 852.66
721.97, 351.77, 603.19
719.91, 351.22, 728.17
717.84, 350.68, 853.15
718.67, 476.73, 603.68
716.60, 476.18, 728.66
714.53, 475.63, 853.65
850.22, 230.12, 604.78
848.16, 229.57, 729.76
846.09, 229.02, 854.74
846.91, 355.07, 605.27
844.85, 354.52, 730.25
842.78, 353.98, 855.23
843.60, 480.03, 605.76
841.54, 479.48, 730.74
839.47, 478.93, 855.73
599.20, 348.48, 100.94
595.93, 347.54, 225.89
592.66, 346.59, 350.85
597.78, 473.47, 101.85
594.51, 472.53, 226.80
591.25, 471.58, 351.75
596.36, 598.46, 102.76
593.10, 597.52, 227.71
589.83, 596.57, 352.66
724.15, 349.88, 104.22
720.88, 348.93, 229.17
717.61, 347.99, 354.12
722.73, 474.87, 105.12
719.46, 473.92, 230.08
716.20, 472.97, 355.03
721.31, 599.85, 106.03
718.05, 598.91, 230.99
714.78, 597.96, 355.94
849.10, 351.27, 107.49
845.83, 350.33, 232.45
842.56, 349.38, 357.40
847.68, 476.26, 108.40
844.41, 475.31, 233.36
841.14, 474.37, 358.31
846.26, 601.25, 109.31
842.99, 600.30, 234.27
839.73, 599.36, 359.22
599.41, 350.24, 224.21
597.59, 347.42, 349.16
595.78, 344.60, 474.12
602.13, 475.18, 227.06
600.32, 472.36, 352.02
598.50, 469.54, 476.97
604.85, 600.12, 229.92
603.04, 597.30, 354.88
601.23, 594.48, 479.83
724.36, 347.47, 225.96
722.55, 344.66, 350.91
720.73, 341.84, 475.87
727.09, 472.41, 228.81
725.27, 469.59, 353.77
723.46, 466.78, 478.72
729.81, 597.35, 231.67
728.00, 594.53, 356.63
726.18, 591.71, 481.58
849.32, 344.71, 227.71
847.51, 341.89, 352.66
845.69, 339.07, 477.62
852.04, 469.65, 230.57
850.23, 466.83, 355.52
848.42, 464.01, 480.48
854.77, 594.58, 233.42
852.96, 591.77, 358.38
851.14, 588.95, 483.33
599.69, 349.71, 351.90
599.18, 347.28, 476.88
598.66, 344.84, 601.85
599.18, 474.69, 354.34
598.67, 472.25, 479.31
598.16, 469.81, 604.29
598.67, 599.66, 356.77
598.16, 597.23, 481.75
597.65, 594.79, 606.72
724.68, 350.21, 352.43
724.17, 347.77, 477.40
723.66, 345.33, 602.38
724.18, 475.18, 354.86
723.67, 472.75, 479.84
723.16, 470.31, 604.81
723.67, 600.16, 357.30
723.16, 597.72, 482.27
722.65, 595.28, 607.25
849.68, 350.70, 352.95
849.17, 348.27, 477.92
848.66, 345.83, 602.90
849.18, 475.68, 355.38
848.67, 473.24, 480.36
848.15, 470.81, 605.33
848.67, 600.66, 357.82
848.16, 598.22, 482.79
847.65, 595.78, 607.77
598.49, 349.35, 475.46
598.05, 348.77, 600.45
597.62, 348.20, 725.45
602.03, 474.30, 476.04
601.59, 473.72, 601.04
601.16, 473.15, 726.04
605.57, 599.25, 476.63
605.13, 598.67, 601.63
604.70, 598.10, 726.62
723.44, 345.81, 475.87
723.00, 345.23, 600.87
722.57, 344.66, 725.87
726.98, 470.76, 476.46
726.54, 470.18, 601.46
726.11, 469.61, 726.45
730.52, 595.70, 477.04
730.08, 595.13, 602.04
729.65, 594.56, 727.04
848.38, 342.26, 476.29
847.95, 341.69, 601.29
847.52, 341.12, 726.29
851.92, 467.21, 476.88
851.49, 466.64, 601.87
851.06, 466.07, 726.87
855.46, 592.16, 477.46
855.03, 591.59, 602.46
854.60, 591.01, 727.46
599.79, 348.91, 599.65
597.68, 351.56, 724.61
595.57, 354.20, 849.56
598.03, 473.87, 596.97
595.92, 476.51, 721.93
593.81, 479.16, 846.88
596.26, 598.82, 594.29
594.16, 601.47, 719.25
592.05, 604.12, 844.20
724.76, 350.71, 601.72
722.65, 353.36, 726.68
720.54, 356.01, 851.63
723.00, 475.67, 599.04
720.89, 478.32, 724.00
718.78, 480.97, 848.95
721.23, 600.63, 596.36
719.13, 603.28, 721.32
717.02, 605.93, 846.27
849.73, 352.52, 603.79
847.62, 355.17, 728.75
845.51, 357.82, 853.70
847.97, 477.48, 601.11
845.86, 480.13, 726.07
843.75, 482.78, 851.02
846.20, 602.44, 598.43
844.10, 605.09, 723.39
841.99, 607.74, 848.34
598.51, 474.65, 101.21
597.65, 471.00, 226.15
596.78, 467.36, 351.10
597.34, 599.59, 104.84
596.48, 595.95, 229.79
595.61, 592.30, 354.73
596.17, 724.53, 108.48
595.31, 720.89, 233.42
594.44, 717.25, 358.36
723.51, 475.79, 102.11
722.64, 472.15, 227.05
721.77, 468.51, 352.00
722.34, 600.73, 105.74
721.47, 597.09, 230.69
720.60, 593.45, 355.63
721.16, 725.67, 109.38
720.30, 722.03, 234.32
719.43, 718.39, 359.26
848.50, 476.94, 103.01
847.63, 473.29, 227.95
846.76, 469.65, 352.90
847.33, 601.88, 106.64
846.46, 598.24, 231.59
845.59, 594.59, 356.53
846.16, 726.82, 110.28
845.29, 723.18, 235.22
844.42, 719.54, 360.17
600.17, 474.26, 223.43
600.15, 474.36, 348.43
600.14, 474.46, 473.43
602.02, 599.25, 223.33
602.00, 599.35, 348.33
601.98, 599.45, 473.33
603.87, 724.23, 223.23
603.85, 724.33, 348.23
603.83, 724.43, 473.23
725.16, 472.41, 223.44
725.14, 472.51, 348.44
725.12, 472.61, 473.44
727.01, 597.40, 223.35
726.99, 597.50, 348.35
726.97, 597.60, 473.35
728.85, 722.39, 223.25
728.84, 722.49, 348.25
728.82, 722.59, 473.25
850.14, 470.57, 223.46
850.13, 470.67, 348.46
850.11, 470.77, 473.46
851.99, 595.55, 223.36
851.97, 595.65, 348.36
851.96, 595.75, 473.36
853.84, 720.54, 223.27
853.82, 720.64, 348.27
853.80, 720.74, 473.27
598.29, 475.37, 350.75
597.91, 475.14, 475.75
597.53, 474.91, 600.74
598.92, 600.37, 350.98
598.55, 600.14, 475.98
598.17, 599.91, 600.97
599.56, 725.36, 351.21
599.18, 725.14, 476.21
598.81, 724.91, 601.21
723.28, 474.73, 351.12
722.91, 474.50, 476.12
722.53, 474.27, 601.12
723.92, 599.73, 351.35
723.54, 599.50, 476.35
723.17, 599.27, 601.35
724.56, 724.73, 351.58
724.18, 724.50, 476.58
723.80, 724.27, 601.58
848.28, 474.09, 351.50
847.91, 473.86, 476.50
847.53, 473.64, 601.50
848.92, 599.09, 351.73
848.54, 598.86, 476.73
848.16, 598.63, 601.73
849.56, 724.09, 351.96
849.18, 723.86, 476.96
848.80, 723.63, 601.96
599.00, 475.80, 476.54
600.60, 476.96, 601.52
602.19, 478.12, 726.50
595.93, 600.76, 475.42
597.53, 601.92, 600.40
599.12, 603.07, 725.39
592.86, 725.72, 474.30
594.46, 726.87, 599.29
596.05, 728.03, 724.27
723.96, 478.86, 474.91
725.55, 480.01, 599.90
727.15, 481.17, 724.88
720.89, 603.81, 473.80
722.48, 604.97, 598.78
724.08, 606.13, 723.77
717.82, 728.77, 472.68
719.41, 729.93, 597.66
721.01, 731.09, 722.65
848.91, 481.91, 473.29
850.50, 483.07, 598.28
852.10, 484.23, 723.26
845.84, 606.87, 472.17
847.43, 608.03, 597.16
849.03, 609.18, 722.14
842.77, 731.83, 471.06
844.36, 732.98, 596.04
845.96, 734.14, 721.03
600.22, 475.44, 600.01
603.30, 475.82, 724.97
606.37, 476.19, 849.94
603.52, 600.39, 599.55
606.59, 600.77, 724.52
609.66, 601.15, 849.48
606.81, 725.35, 599.09
609.88, 725.73, 724.06
612.95, 726.11, 849.02
725.14, 472.14, 596.95
728.22, 472.51, 721.91
731.29, 472.89, 846.87
728.43, 597.09, 596.49
731.51, 597.47, 721.45
734.58, 597.85, 846.42
731.73, 722.05, 596.03
734.80, 722.43, 720.99
737.87, 722.80, 845.96
850.06, 468.83, 593.89
853.13, 469.21, 718.85
856.21, 469.59, 843.81
853.35, 593.79, 593.43
856.43, 594.17, 718.39
859.50, 594.55, 843.35
856.64, 718.75, 592.97
859.72, 719.12, 717.93
862.79, 719.50, 842.89
600.34, 598.10, 98.16
602.15, 600.95, 223.12
603.96, 603.79, 348.07
597.26, 723.03, 95.37
599.06, 725.88, 220.32
600.87, 728.72, 345.27
594.17, 847.96, 92.57
595.98, 850.81, 217.52
597.78, 853.65, 342.48
725.29, 601.15, 96.29
727.10, 603.99, 221.24
728.91, 606.84, 346.19
722.20, 726.08, 93.49
724.01, 728.92, 218.44
725.82, 731.77, 343.40
719.12, 851.01, 90.69
720.93, 853.85, 215.64
722.73, 856.70, 340.60
850.24, 604.20, 94.41
852.05, 607.04, 219.36
853.86, 609.88, 344.32
847.15, 729.13, 91.61
848.96, 731.97, 216.56
850.77, 734.81, 341.52
844.07, 854.06, 88.81
845.87, 856.90, 213.77
847.68, 859.74, 338.72
601.36, 600.87, 225.41
602.81, 599.55, 350.39
604.27, 598.23, 475.38
599.96, 725.86, 226.75
601.42, 724.54, 351.73
602.87, 723.22, 476.71
598.57, 850.84, 228.08
600.02, 849.52, 353.06
601.48, 848.20, 478.05
726.34, 602.28, 223.97
727.80, 600.96, 348.96
729.25, 599.64, 473.94
724.95, 727.27, 225.31
726.40, 725.95, 350.29
727.86, 724.63, 475.27
723.55, 852.25, 226.64
725.01, 850.93, 351.63
726.46, 849.61, 476.61
851.33, 603.69, 222.53
852.78, 602.37, 347.52
854.23, 601.05, 472.50
849.93, 728.68, 223.87
851.39, 727.36, 348.85
852.84, 726.04, 473.84
848.54, 853.66, 225.20
849.99, 852.34, 350.19
851.45, 851.02, 475.17
598.24, 601.44, 350.42
597.14, 601.41, 475.41
596.04, 601.39, 600.41
596.01, 726.42, 350.42
594.91, 726.39, 475.42
593.81, 726.37, 600.41
593.78, 851.40, 350.43
592.68, 851.37, 475.42
591.58, 851.35, 600.42
723.22, 603.67, 351.52
722.12, 603.65, 476.51
721.02, 603.62, 601.51
720.99, 728.65, 351.52
719.89, 728.63, 476.52
718.79, 728.60, 601.51
718.76, 853.63, 351.53
717.66, 853.61, 476.52
716.56, 853.58, 601.52
848.19, 605.90, 352.62
847.09, 605.88, 477.61
845.99, 605.85, 602.61
845.96, 730.88, 352.62
844.86, 730.86, 477.62
843.76, 730.83, 602.61
843.73, 855.86, 352.63
842.63, 855.84, 477.62
841.53, 855.81, 602.62
601.52, 598.15, 474.64
604.27, 601.29, 599.58
607.02, 604.42, 724.51
600.26, 723.10, 471.53
603.01, 726.24, 596.46
605.76, 729.38, 721.39
598.99, 848.06, 468.42
601.74, 851.20, 593.35
604.49, 854.33, 718.28
726.48, 599.34, 471.86
729.23, 602.48, 596.79
731.98, 605.62, 721.72
725.22, 724.29, 468.75
727.97, 727.43, 593.68
730.72, 730.57, 718.61
723.96, 849.25, 465.64
726.71, 852.39, 590.57
729.46, 855.53, 715.50
851.44, 600.53, 469.08
854.19, 603.67, 594.01
856.94, 606.81, 718.94
850.18, 725.49, 465.97
852.93, 728.63, 590.90
855.68, 731.76, 715.83
848.92, 850.44, 462.86
851.67, 853.58, 587.79
854.42, 856.72, 712.72
599.34, 600.29, 598.82
599.68, 599.11, 723.81
600.03, 597.93, 848.80
602.56, 725.24, 599.98
602.91, 724.06, 724.98
603.26, 722.89, 849.97
605.79, 850.19, 601.15
606.14, 849.02, 726.15
606.49, 847.84, 851.14
724.29, 597.06, 598.44
724.64, 595.89, 723.43
724.99, 594.71, 848.43
727.52, 722.02, 599.61
727.87, 720.84, 724.60
728.22, 719.66, 849.59
730.75, 846.97, 600.78
731.10, 845.79, 725.77
731.44, 844.61, 850.76
849.25, 593.84, 598.06
849.60, 592.66, 723.05
849.95, 591.48, 848.05
852.48, 718.79, 599.23
852.83, 717.61, 724.22
853.17, 716.44, 849.22
855.71, 843.74, 600.40
856.05, 842.57, 725.39
856.40, 841.39, 850.39
