27, 125, pa2-debug-c-output1.txt
198.69,  195.02,  208.58
398.72,  402.70,  206.25
99.54, 98.46, 98.08
96.62, 101.82, 223.00
93.71, 105.18, 347.92
101.10, 223.40, 94.75
98.19, 226.76, 219.67
95.27, 230.13, 344.59
102.67, 348.35, 91.43
99.75, 351.71, 216.35
96.84, 355.07, 341.27
224.49, 96.97, 101.03
221.58, 100.33, 225.96
218.66, 103.69, 350.88
226.06, 221.92, 97.71
223.14, 225.28, 222.63
220.23, 228.64, 347.55
227.63, 346.86, 94.38
224.71, 350.22, 219.30
221.80, 353.58, 344.23
349.45, 95.48, 103.99
346.53, 98.84, 228.91
343.62, 102.20, 353.83
351.02, 220.43, 100.67
348.10, 223.79, 225.59
345.18, 227.15, 350.51
352.58, 345.37, 97.34
349.67, 348.73, 222.26
346.75, 352.10, 347.18
102.00, 99.09, 226.11
103.63, 101.03, 351.08
105.26, 102.96, 476.05
103.36, 224.06, 224.15
104.99, 226.00, 349.12
106.62, 227.94, 474.10
104.72, 349.04, 222.19
106.35, 350.98, 347.17
107.98, 352.92, 472.14
226.98, 97.70, 224.50
228.61, 99.64, 349.47
230.24, 101.58, 474.44
228.34, 222.68, 222.54
229.97, 224.62, 347.51
231.60, 226.56, 472.49
229.70, 347.65, 220.58
231.33, 349.59, 345.56
232.96, 351.53, 470.53
351.96, 96.31, 222.89
353.59, 98.25, 347.86
355.22, 100.19, 472.83
353.32, 221.29, 220.93
354.95, 223.23, 345.90
356.58, 225.17, 470.88
354.68, 346.27, 218.97
356.31, 348.21, 343.95
357.95, 350.15, 468.92
98.59, 99.86, 348.15
98.27, 102.39, 473.13
97.94, 104.92, 598.10
95.32, 224.79, 345.62
94.99, 227.32, 470.59
94.67, 229.85, 595.56
92.04, 349.72, 343.08
91.71, 352.25, 468.05
91.39, 354.78, 593.03
223.55, 103.14, 348.41
223.23, 105.67, 473.39
222.90, 108.20, 598.36
220.27, 228.08, 345.87
219.95, 230.61, 470.85
219.62, 233.13, 595.82
216.99, 353.01, 343.34
216.67, 355.54, 468.31
216.34, 358.07, 593.28
348.51, 106.43, 348.67
348.18, 108.96, 473.64
347.86, 111.49, 598.62
345.23, 231.36, 346.13
344.90, 233.89, 471.11
344.58, 236.42, 596.08
341.95, 356.29, 343.59
341.63, 358.82, 468.57
341.30, 361.35, 593.54
101.05, 100.40, 475.24
103.64, 99.94, 600.21
106.24, 99.47, 725.18
102.34, 225.39, 475.68
104.94, 224.93, 600.65
107.53, 224.47, 725.62
103.64, 350.39, 476.11
106.23, 349.92, 601.09
108.83, 349.46, 726.06
226.01, 99.11, 472.64
228.61, 98.65, 597.61
231.20, 98.19, 722.58
227.31, 224.11, 473.08
229.90, 223.64, 598.05
232.50, 223.18, 723.02
228.60, 349.10, 473.51
231.20, 348.64, 598.49
233.80, 348.17, 723.46
350.98, 97.83, 470.04
353.57, 97.36, 595.01
356.17, 96.90, 719.98
352.27, 222.82, 470.47
354.87, 222.36, 595.45
357.47, 221.89, 720.42
353.57, 347.81, 470.91
356.17, 347.35, 595.88
358.76, 346.88, 720.86
101.30, 98.05, 600.09
99.64, 97.19, 725.08
97.98, 96.34, 850.06
99.28, 223.03, 600.92
97.62, 222.17, 725.91
95.96, 221.32, 850.89
97.26, 348.01, 601.75
95.60, 347.16, 726.73
93.94, 346.30, 851.72
226.27, 100.06, 601.76
224.61, 99.20, 726.75
222.95, 98.35, 851.74
224.25, 225.04, 602.59
222.59, 224.18, 727.58
220.93, 223.33, 852.57
222.23, 350.02, 603.42
220.57, 349.17, 728.41
218.91, 348.31, 853.40
351.25, 102.07, 603.44
349.59, 101.21, 728.43
347.92, 100.36, 853.41
349.23, 227.05, 604.27
347.56, 226.20, 729.25
345.90, 225.34, 854.24
347.20, 352.03, 605.10
345.54, 351.18, 730.08
343.88, 350.32, 855.07
101.41, 224.63, 98.47
101.83, 225.58, 223.47
102.25, 226.52, 348.46
98.09, 349.59, 97.54
98.51, 350.53, 222.54
98.93, 351.47, 347.53
94.77, 474.54, 96.61
95.19, 475.48, 221.61
95.61, 476.42, 346.60
226.37, 227.95, 98.03
226.79, 228.89, 223.02
227.20, 229.84, 348.02
223.05, 352.90, 97.10
223.47, 353.85, 222.09
223.88, 354.79, 347.09
219.73, 477.85, 96.17
220.14, 478.80, 221.16
220.56, 479.74, 346.16
351.32, 231.27, 97.59
351.74, 232.21, 222.58
352.16, 233.15, 347.58
348.00, 356.22, 96.65
348.42, 357.16, 221.65
348.84, 358.10, 346.65
344.68, 481.17, 95.72
345.10, 482.11, 220.72
345.52, 483.06, 345.72
100.96, 223.32, 224.96
99.41, 226.85, 349.90
97.85, 230.38, 474.84
99.61, 348.26, 221.41
98.05, 351.79, 346.35
96.50, 355.32, 471.29
98.25, 473.20, 217.86
96.69, 476.73, 342.81
95.14, 480.26, 467.75
225.95, 224.72, 226.47
224.39, 228.25, 351.42
222.83, 231.78, 476.36
224.59, 349.66, 222.93
223.03, 353.19, 347.87
221.48, 356.72, 472.81
223.23, 474.60, 219.38
221.68, 478.13, 344.32
220.12, 481.66, 469.26
350.93, 226.12, 227.99
349.37, 229.65, 352.93
347.82, 233.18, 477.87
349.57, 351.06, 224.45
348.02, 354.59, 349.39
346.46, 358.12, 474.33
348.22, 476.00, 220.90
346.66, 479.53, 345.84
345.10, 483.06, 470.78
98.66, 225.66, 350.58
95.83, 224.98, 475.54
93.01, 224.31, 600.51
97.63, 350.66, 351.23
94.81, 349.98, 476.20
91.98, 349.30, 601.16
96.60, 475.65, 351.89
93.78, 474.97, 476.85
90.95, 474.30, 601.82
223.62, 226.68, 353.41
220.80, 226.00, 478.37
217.98, 225.32, 603.34
222.59, 351.67, 354.06
219.77, 350.99, 479.03
216.95, 350.31, 603.99
221.56, 476.66, 354.72
218.74, 475.99, 479.68
215.92, 475.31, 604.65
348.59, 227.69, 356.24
345.76, 227.01, 481.20
342.94, 226.33, 606.17
347.56, 352.68, 356.89
344.73, 352.01, 481.86
341.91, 351.33, 606.82
346.53, 477.68, 357.54
343.71, 477.00, 482.51
340.88, 476.32, 607.48
100.90, 224.69, 475.18
101.55, 225.70, 600.17
102.19, 226.70, 725.16
97.88, 349.65, 474.19
98.52, 350.66, 599.18
99.16, 351.66, 724.18
94.85, 474.61, 473.20
95.50, 475.61, 598.19
96.14, 476.62, 723.19
225.86, 227.71, 474.51
226.51, 228.72, 599.50
227.15, 229.72, 724.50
222.84, 352.67, 473.52
223.48, 353.67, 598.51
224.13, 354.68, 723.51
219.81, 477.63, 472.53
220.46, 478.63, 597.53
221.10, 479.64, 722.52
350.83, 230.73, 473.84
351.47, 231.74, 598.84
352.11, 232.74, 723.83
347.80, 355.69, 472.85
348.44, 356.69, 597.85
349.09, 357.70, 722.84
344.78, 480.65, 471.87
345.42, 481.65, 596.86
346.06, 482.66, 721.85
99.17, 225.90, 598.12
100.60, 224.91, 723.11
102.03, 223.92, 848.09
101.89, 350.87, 599.08
103.33, 349.87, 724.07
104.76, 348.88, 849.05
104.62, 475.83, 600.04
106.05, 474.84, 725.03
107.48, 473.85, 850.02
224.13, 223.19, 596.67
225.56, 222.19, 721.65
227.00, 221.20, 846.64
226.86, 348.15, 597.63
228.29, 347.16, 722.61
229.72, 346.17, 847.60
229.58, 473.12, 598.59
231.01, 472.13, 723.57
232.44, 471.14, 848.56
349.09, 220.47, 595.21
350.53, 219.48, 720.20
351.96, 218.49, 845.19
351.82, 345.44, 596.17
353.25, 344.45, 721.16
354.68, 343.46, 846.15
354.54, 470.41, 597.13
355.98, 469.41, 722.12
357.41, 468.42, 847.11
101.16, 350.80, 100.79
100.71, 352.60, 225.78
100.25, 354.41, 350.77
99.94, 475.78, 98.98
99.49, 477.58, 223.97
99.04, 479.39, 348.96
98.73, 600.76, 97.17
98.28, 602.56, 222.16
97.82, 604.37, 347.15
226.15, 352.02, 101.23
225.70, 353.82, 226.22
225.24, 355.63, 351.20
224.94, 477.00, 99.42
224.48, 478.81, 224.41
224.03, 480.61, 349.39
223.72, 601.98, 97.61
223.27, 603.79, 222.60
222.81, 605.59, 347.58
351.15, 353.24, 101.67
350.69, 355.05, 226.65
350.24, 356.85, 351.64
349.93, 478.22, 99.86
349.48, 480.03, 224.84
349.02, 481.83, 349.83
348.72, 603.20, 98.05
348.26, 605.01, 223.03
347.81, 606.81, 348.02
101.18, 351.59, 225.08
99.81, 349.94, 350.06
98.44, 348.28, 475.04
101.57, 476.58, 226.74
100.20, 474.92, 351.72
98.83, 473.27, 476.70
101.96, 601.57, 228.40
100.59, 599.91, 353.38
99.21, 598.26, 478.36
226.17, 351.19, 226.45
224.80, 349.53, 351.43
223.43, 347.87, 476.41
226.56, 476.17, 228.11
225.19, 474.52, 353.09
223.82, 472.86, 478.07
226.95, 601.16, 229.77
225.58, 599.51, 354.75
224.21, 597.85, 479.73
351.17, 350.78, 227.81
349.79, 349.12, 352.79
348.42, 347.47, 477.78
351.55, 475.77, 229.47
350.18, 474.11, 354.45
348.81, 472.46, 479.44
351.94, 600.76, 231.13
350.57, 599.10, 356.12
349.20, 597.45, 481.10
99.76, 351.69, 351.07
101.71, 355.28, 476.01
103.66, 358.87, 600.94
96.92, 476.61, 347.53
98.87, 480.20, 472.47
100.82, 483.78, 597.40
94.07, 601.53, 343.99
96.02, 605.12, 468.92
97.97, 608.70, 593.86
224.71, 354.48, 349.04
226.66, 358.07, 473.98
228.61, 361.65, 598.91
221.87, 479.40, 345.50
223.82, 482.99, 470.43
225.77, 486.57, 595.37
219.02, 604.32, 341.96
220.97, 607.90, 466.89
222.93, 611.49, 591.83
349.66, 357.27, 347.01
351.62, 360.85, 471.94
353.57, 364.44, 596.88
346.82, 482.19, 343.47
348.77, 485.77, 468.40
350.72, 489.36, 593.34
343.98, 607.10, 339.93
345.93, 610.69, 464.86
347.88, 614.28, 589.79
99.66, 350.67, 474.14
97.88, 353.50, 599.10
96.10, 356.32, 724.05
98.79, 475.64, 471.30
97.01, 478.46, 596.26
95.23, 481.29, 721.21
97.91, 600.60, 468.46
96.13, 603.43, 593.42
94.36, 606.25, 718.38
224.64, 351.58, 475.90
222.87, 354.41, 600.85
221.09, 357.24, 725.81
223.77, 476.55, 473.06
221.99, 479.38, 598.02
220.21, 482.20, 722.97
222.90, 601.51, 470.22
221.12, 604.34, 595.18
219.34, 607.17, 720.13
349.63, 352.50, 477.66
347.85, 355.32, 602.61
346.07, 358.15, 727.57
348.76, 477.46, 474.82
346.98, 480.29, 599.77
345.20, 483.11, 724.73
347.88, 602.43, 471.98
346.10, 605.25, 596.94
344.32, 608.08, 721.89
100.26, 348.77, 600.40
101.26, 351.84, 725.36
102.26, 354.91, 850.32
103.78, 473.69, 597.31
104.78, 476.76, 722.26
105.78, 479.82, 847.22
107.29, 598.60, 594.21
108.29, 601.67, 719.17
109.29, 604.74, 844.13
225.21, 345.24, 599.49
226.21, 348.30, 724.45
227.21, 351.37, 849.41
228.72, 470.15, 596.39
229.72, 473.22, 721.35
230.72, 476.29, 846.31
232.24, 595.06, 593.30
233.24, 598.13, 718.26
234.24, 601.20, 843.21
350.15, 341.70, 598.58
351.15, 344.76, 723.53
352.15, 347.83, 848.49
353.67, 466.61, 595.48
354.67, 469.68, 720.44
355.67, 472.75, 845.40
357.19, 591.52, 592.38
358.19, 594.59, 717.34
359.19, 597.66, 842.30
99.63, 473.30, 98.11
102.71, 475.89, 223.05
105.80, 478.48, 347.98
99.02, 598.27, 95.54
102.10, 600.86, 220.47
105.19, 603.45, 345.41
98.41, 723.24, 92.96
101.49, 725.83, 217.89
104.58, 728.42, 342.83
224.59, 473.84, 95.01
227.67, 476.43, 219.95
230.76, 479.03, 344.88
223.98, 598.81, 92.44
227.06, 601.41, 217.37
230.15, 604.00, 342.31
223.37, 723.79, 89.86
226.45, 726.38, 214.80
229.54, 728.97, 339.73
349.55, 474.39, 91.92
352.63, 476.98, 216.85
355.72, 479.57, 341.79
348.94, 599.36, 89.34
352.02, 601.95, 214.27
355.11, 604.54, 339.21
348.33, 724.33, 86.76
351.41, 726.92, 211.70
354.50, 729.52, 336.63
99.62, 475.02, 224.64
99.63, 474.62, 349.64
99.64, 474.22, 474.64
96.35, 599.97, 225.04
96.36, 599.58, 350.04
96.37, 599.18, 475.04
93.07, 724.93, 225.44
93.08, 724.53, 350.44
93.09, 724.13, 475.44
224.58, 478.30, 224.64
224.59, 477.90, 349.64
224.60, 477.50, 474.64
221.30, 603.25, 225.04
221.31, 602.85, 350.04
221.32, 602.45, 475.04
218.02, 728.21, 225.44
218.04, 727.81, 350.44
218.05, 727.41, 475.44
349.54, 481.57, 224.64
349.55, 481.17, 349.64
349.56, 480.77, 474.64
346.26, 606.53, 225.04
346.27, 606.13, 350.04
346.28, 605.73, 475.04
342.98, 731.49, 225.44
342.99, 731.09, 350.44
343.00, 730.69, 475.44
99.95, 475.92, 350.08
100.02, 475.28, 475.08
100.09, 474.65, 600.08
96.75, 600.87, 350.72
96.82, 600.24, 475.72
96.89, 599.61, 600.71
93.55, 725.83, 351.35
93.62, 725.20, 476.35
93.69, 724.56, 601.35
224.91, 479.12, 350.03
224.98, 478.48, 475.03
225.04, 477.85, 600.03
221.71, 604.07, 350.67
221.78, 603.44, 475.66
221.84, 602.81, 600.66
218.51, 729.03, 351.30
218.58, 728.40, 476.30
218.64, 727.76, 601.30
349.87, 482.32, 349.98
349.94, 481.68, 474.98
350.00, 481.05, 599.98
346.67, 607.27, 350.62
346.74, 606.64, 475.61
346.80, 606.01, 600.61
343.47, 732.23, 351.25
343.54, 731.60, 476.25
343.60, 730.96, 601.25
100.18, 475.45, 476.50
98.42, 475.18, 601.49
96.65, 474.90, 726.48
101.72, 600.44, 476.80
99.95, 600.17, 601.79
98.19, 599.89, 726.77
103.25, 725.43, 477.10
101.49, 725.16, 602.08
99.72, 724.88, 727.07
225.16, 473.91, 478.27
223.40, 473.64, 603.25
221.63, 473.36, 728.24
226.69, 598.90, 478.56
224.93, 598.63, 603.55
223.17, 598.35, 728.54
228.23, 723.89, 478.86
226.46, 723.62, 603.84
224.70, 723.34, 728.83
350.14, 472.37, 480.03
348.37, 472.10, 605.01
346.61, 471.83, 730.00
351.67, 597.36, 480.32
349.91, 597.09, 605.31
348.14, 596.82, 730.30
353.21, 722.35, 480.62
351.44, 722.08, 605.61
349.68, 721.81, 730.59
100.84, 475.39, 601.74
99.84, 476.32, 726.73
98.84, 477.24, 851.72
102.10, 600.38, 600.82
101.10, 601.31, 725.81
100.10, 602.23, 850.80
103.36, 725.37, 599.90
102.36, 726.30, 724.90
101.36, 727.22, 849.89
225.83, 474.14, 602.74
224.83, 475.07, 727.74
223.83, 476.00, 852.73
227.09, 599.13, 601.83
226.09, 600.06, 726.82
225.09, 600.99, 851.81
228.35, 724.12, 600.91
227.35, 725.05, 725.91
226.35, 725.98, 850.90
350.82, 472.90, 603.75
349.82, 473.82, 728.75
348.82, 474.75, 853.74
352.08, 597.89, 602.84
351.08, 598.81, 727.83
350.08, 599.74, 852.82
353.34, 722.88, 601.92
352.34, 723.80, 726.91
351.34, 724.73, 851.91
101.84, 598.47, 99.39
104.40, 602.21, 224.31
106.96, 605.96, 349.23
101.74, 723.41, 95.65
104.29, 727.16, 220.56
106.85, 730.91, 345.48
101.63, 848.35, 91.90
104.19, 852.10, 216.82
106.75, 855.85, 341.73
226.81, 598.49, 96.83
229.37, 602.24, 221.75
231.93, 605.99, 346.67
226.71, 723.44, 93.08
229.27, 727.18, 218.00
231.83, 730.93, 342.92
226.61, 848.38, 89.34
229.16, 852.13, 214.26
231.72, 855.88, 339.17
351.79, 598.52, 94.27
354.35, 602.27, 219.19
356.90, 606.02, 344.11
351.68, 723.46, 90.52
354.24, 727.21, 215.44
356.80, 730.96, 340.36
351.58, 848.41, 86.78
354.14, 852.16, 211.70
356.70, 855.90, 336.61
100.62, 600.05, 226.84
103.92, 597.00, 351.76
107.21, 593.95, 476.68
103.00, 724.99, 229.83
106.30, 721.94, 354.74
109.60, 718.89, 479.66
105.39, 849.93, 232.81
108.68, 846.88, 357.73
111.98, 843.83, 482.65
225.55, 597.74, 223.49
228.85, 594.69, 348.40
232.15, 591.65, 473.32
227.94, 722.68, 226.47
231.23, 719.64, 351.39
234.53, 716.59, 476.31
230.32, 847.63, 229.46
233.62, 844.58, 354.38
236.91, 841.53, 479.30
350.49, 595.44, 220.13
353.78, 592.39, 345.05
357.08, 589.34, 469.97
352.87, 720.38, 223.12
356.17, 717.33, 348.04
359.46, 714.28, 472.96
355.25, 845.32, 226.10
358.55, 842.27, 351.02
361.85, 839.23, 475.94
101.96, 599.44, 350.27
104.14, 600.37, 475.25
106.32, 601.29, 600.23
102.55, 724.44, 349.34
104.72, 725.36, 474.32
106.90, 726.28, 599.30
103.13, 849.44, 348.41
105.31, 850.36, 473.39
107.49, 851.28, 598.37
226.94, 598.85, 348.10
229.12, 599.77, 473.08
231.30, 600.69, 598.05
227.52, 723.84, 347.17
229.70, 724.76, 472.14
231.88, 725.68, 597.12
228.11, 848.84, 346.24
230.29, 849.76, 471.21
232.47, 850.68, 596.19
351.92, 598.25, 345.92
354.10, 599.17, 470.90
356.28, 600.09, 595.88
352.50, 723.24, 344.99
354.68, 724.16, 469.97
356.86, 725.08, 594.95
353.09, 848.24, 344.06
355.27, 849.16, 469.04
357.44, 850.08, 594.02
99.31, 599.00, 473.28
102.75, 598.12, 598.23
106.19, 597.24, 723.18
102.96, 723.94, 474.06
106.40, 723.06, 599.01
109.84, 722.18, 723.96
106.61, 848.89, 474.84
110.05, 848.01, 599.79
113.49, 847.13, 724.74
224.21, 595.37, 469.82
227.65, 594.49, 594.77
231.09, 593.61, 719.72
227.86, 720.31, 470.60
231.30, 719.43, 595.54
234.74, 718.56, 720.49
231.51, 845.26, 471.37
234.95, 844.38, 596.32
238.39, 843.50, 721.27
349.11, 591.74, 466.35
352.55, 590.86, 591.30
355.99, 589.98, 716.25
352.76, 716.69, 467.13
356.20, 715.81, 592.08
359.64, 714.93, 717.03
356.41, 841.63, 467.91
359.85, 840.75, 592.86
363.29, 839.87, 717.81
101.58, 600.16, 599.25
103.67, 603.85, 724.18
105.75, 607.53, 849.11
104.90, 725.06, 595.51
106.99, 728.75, 720.44
109.07, 732.43, 845.37
108.22, 849.96, 591.77
110.31, 853.65, 716.70
112.39, 857.33, 841.62
226.52, 596.78, 597.27
228.61, 600.47, 722.19
230.69, 604.15, 847.12
229.84, 721.68, 593.52
231.92, 725.36, 718.45
234.01, 729.05, 843.38
233.16, 846.58, 589.78
235.24, 850.26, 714.71
237.33, 853.95, 839.64
351.46, 593.40, 595.28
353.54, 597.08, 720.21
355.63, 600.77, 845.14
354.78, 718.30, 591.54
356.86, 721.98, 716.47
358.95, 725.67, 841.40
358.10, 843.20, 587.80
360.18, 846.88, 712.73
362.27, 850.57, 837.65
224.40, 98.88, 99.10
224.16, 97.37, 224.09
223.92, 95.85, 349.08
224.61, 223.87, 100.61
224.37, 222.36, 225.60
224.13, 220.84, 350.59
224.82, 348.86, 102.12
224.58, 347.35, 227.12
224.34, 345.83, 352.11
349.40, 98.66, 99.34
349.16, 97.15, 224.33
348.92, 95.64, 349.32
349.61, 223.65, 100.85
349.37, 222.14, 225.84
349.13, 220.63, 350.83
349.82, 348.64, 102.36
349.58, 347.13, 227.35
349.34, 345.62, 352.34
474.40, 98.45, 99.57
474.16, 96.94, 224.56
473.92, 95.42, 349.56
474.61, 223.44, 101.09
474.37, 221.93, 226.08
474.13, 220.41, 351.07
474.82, 348.43, 102.60
474.58, 346.92, 227.59
474.34, 345.40, 352.58
223.78, 98.15, 224.39
224.30, 100.57, 349.36
224.82, 103.00, 474.34
220.57, 223.09, 221.98
221.09, 225.51, 346.95
221.61, 227.93, 471.93
217.36, 348.02, 219.57
217.88, 350.45, 344.54
218.40, 352.87, 469.52
348.74, 101.35, 223.81
349.26, 103.77, 348.78
349.78, 106.20, 473.76
345.53, 226.29, 221.40
346.05, 228.71, 346.37
346.57, 231.13, 471.35
342.32, 351.22, 218.99
342.84, 353.65, 343.96
343.36, 356.07, 468.94
473.70, 104.55, 223.22
474.22, 106.97, 348.20
474.74, 109.40, 473.17
470.48, 229.49, 220.81
471.01, 231.91, 345.79
471.53, 234.33, 470.76
467.27, 354.42, 218.40
467.80, 356.85, 343.38
468.32, 359.27, 468.35
225.23, 98.29, 350.87
227.51, 100.30, 475.83
229.78, 102.31, 600.79
226.40, 223.27, 348.84
228.68, 225.28, 473.80
230.95, 227.29, 598.76
227.57, 348.25, 346.81
229.85, 350.26, 471.77
232.12, 352.26, 596.73
350.20, 97.08, 348.61
352.48, 99.09, 473.57
354.76, 101.10, 598.54
351.37, 222.06, 346.58
353.65, 224.07, 471.54
355.93, 226.08, 596.51
352.54, 347.04, 344.55
354.82, 349.05, 469.51
357.10, 351.06, 594.48
475.18, 95.88, 346.35
477.45, 97.88, 471.32
479.73, 99.89, 596.28
476.35, 220.85, 344.32
478.62, 222.86, 469.29
480.90, 224.87, 594.25
477.52, 345.83, 342.29
479.79, 347.84, 467.26
482.07, 349.85, 592.22
223.22, 99.32, 474.40
220.08, 96.32, 599.32
216.93, 93.31, 724.25
221.83, 224.28, 477.37
218.68, 221.27, 602.29
215.54, 218.27, 727.22
220.43, 349.23, 480.34
217.29, 346.23, 605.26
214.15, 343.23, 730.19
348.17, 100.64, 477.58
345.03, 97.63, 602.50
341.89, 94.63, 727.42
346.78, 225.59, 480.54
343.64, 222.59, 605.47
340.49, 219.59, 730.39
345.39, 350.55, 483.51
342.24, 347.55, 608.44
339.10, 344.54, 733.36
473.13, 101.96, 480.75
469.98, 98.95, 605.68
466.84, 95.95, 730.60
471.73, 226.91, 483.72
468.59, 223.91, 608.64
465.45, 220.91, 733.57
470.34, 351.87, 486.69
467.19, 348.87, 611.61
464.05, 345.86, 736.54
223.48, 99.30, 598.28
223.53, 98.08, 723.27
223.59, 96.87, 848.27
222.02, 224.29, 599.50
222.07, 223.07, 724.49
222.12, 221.86, 849.48
220.55, 349.27, 600.71
220.61, 348.06, 725.71
220.66, 346.84, 850.70
348.47, 100.76, 598.24
348.53, 99.55, 723.23
348.58, 98.33, 848.23
347.01, 225.75, 599.46
347.06, 224.53, 724.45
347.12, 223.32, 849.44
345.54, 350.74, 600.67
345.60, 349.52, 725.67
345.65, 348.31, 850.66
473.46, 102.23, 598.20
473.52, 101.01, 723.19
473.57, 99.80, 848.19
472.00, 227.21, 599.42
472.05, 226.00, 724.41
472.11, 224.78, 849.40
470.53, 352.20, 600.63
470.59, 350.99, 725.63
470.64, 349.77, 850.62
226.55, 225.85, 101.09
222.88, 223.44, 226.02
219.21, 221.03, 350.94
224.46, 350.81, 103.44
220.79, 348.40, 228.37
217.11, 345.99, 353.29
222.36, 475.77, 105.79
218.69, 473.36, 230.72
215.02, 470.95, 355.64
351.48, 227.88, 104.80
347.81, 225.47, 229.73
344.14, 223.05, 354.65
349.39, 352.84, 107.15
345.71, 350.43, 232.08
342.04, 348.02, 357.00
347.29, 477.80, 109.50
343.62, 475.39, 234.43
339.95, 472.98, 359.35
476.41, 229.90, 108.52
472.74, 227.49, 233.44
469.06, 225.08, 358.36
474.31, 354.86, 110.87
470.64, 352.45, 235.79
466.97, 350.04, 360.71
472.22, 479.82, 113.22
468.55, 477.41, 238.14
464.88, 475.00, 363.06
225.41, 223.83, 223.13
222.93, 221.70, 348.09
220.45, 219.57, 473.04
224.30, 348.81, 225.24
221.82, 346.68, 350.20
219.34, 344.54, 475.15
223.19, 473.79, 227.35
220.71, 471.65, 352.31
218.23, 469.52, 477.27
350.38, 224.90, 225.63
347.90, 222.77, 350.58
345.42, 220.63, 475.54
349.27, 349.88, 227.74
346.79, 347.74, 352.69
344.31, 345.61, 477.65
348.16, 474.85, 229.85
345.68, 472.72, 354.81
343.20, 470.59, 479.76
475.35, 225.96, 228.12
472.87, 223.83, 353.08
470.39, 221.70, 478.04
474.24, 350.94, 230.24
471.76, 348.81, 355.19
469.28, 346.67, 480.15
473.13, 475.92, 232.35
470.65, 473.79, 357.30
468.17, 471.65, 482.26
226.92, 224.59, 350.92
224.36, 224.64, 475.89
221.81, 224.70, 600.87
228.69, 349.58, 350.90
226.13, 349.63, 475.87
223.58, 349.69, 600.85
230.46, 474.56, 350.88
227.91, 474.62, 475.85
225.35, 474.68, 600.83
351.88, 222.82, 353.48
349.32, 222.87, 478.45
346.77, 222.93, 603.42
353.65, 347.80, 353.45
351.10, 347.86, 478.43
348.54, 347.92, 603.40
355.42, 472.79, 353.43
352.87, 472.85, 478.41
350.31, 472.91, 603.38
476.84, 221.05, 356.03
474.29, 221.10, 481.01
471.73, 221.16, 605.98
478.61, 346.03, 356.01
476.06, 346.09, 480.99
473.50, 346.15, 605.96
480.39, 471.02, 355.99
477.83, 471.08, 480.96
475.27, 471.13, 605.94
226.95, 223.41, 476.73
229.07, 221.87, 601.70
231.19, 220.33, 726.68
226.64, 348.40, 478.28
228.76, 346.86, 603.25
230.87, 345.32, 728.22
226.33, 473.39, 479.82
228.44, 471.85, 604.80
230.56, 470.31, 729.77
351.94, 223.75, 474.62
354.05, 222.21, 599.59
356.17, 220.67, 724.56
351.62, 348.74, 476.16
353.74, 347.20, 601.14
355.86, 345.66, 726.11
351.31, 473.73, 477.71
353.42, 472.19, 602.68
355.54, 470.65, 727.66
476.92, 224.09, 472.51
479.03, 222.55, 597.48
481.15, 221.01, 722.45
476.60, 349.08, 474.05
478.72, 347.54, 599.03
480.84, 346.00, 724.00
476.29, 474.07, 475.60
478.41, 472.53, 600.57
480.52, 470.99, 725.54
226.22, 224.99, 601.37
225.74, 225.13, 726.37
225.25, 225.27, 851.37
227.37, 349.98, 601.24
226.89, 350.12, 726.24
226.40, 350.26, 851.24
228.52, 474.98, 601.10
228.04, 475.12, 726.10
227.55, 475.26, 851.10
351.22, 223.84, 601.86
350.73, 223.98, 726.86
350.24, 224.12, 851.86
352.37, 348.83, 601.73
351.88, 348.97, 726.73
351.39, 349.11, 851.72
353.52, 473.83, 601.59
353.03, 473.97, 726.59
352.54, 474.11, 851.59
476.21, 222.69, 602.35
475.72, 222.83, 727.35
475.24, 222.97, 852.35
477.36, 347.68, 602.21
476.87, 347.82, 727.21
476.39, 347.97, 852.21
478.51, 472.68, 602.08
478.02, 472.82, 727.08
477.54, 472.96, 852.08
225.29, 350.14, 100.97
225.76, 349.62, 225.97
226.23, 349.10, 350.97
223.44, 475.13, 101.50
223.91, 474.61, 226.50
224.38, 474.09, 351.50
221.59, 600.11, 102.03
222.06, 599.59, 227.03
222.53, 599.07, 352.02
350.28, 352.00, 100.51
350.75, 351.47, 225.51
351.22, 350.95, 350.51
348.42, 476.98, 101.04
348.89, 476.46, 226.04
349.36, 475.94, 351.03
346.57, 601.97, 101.56
347.04, 601.45, 226.56
347.51, 600.92, 351.56
475.26, 353.85, 100.05
475.73, 353.33, 225.04
476.20, 352.81, 350.04
473.41, 478.83, 100.57
473.88, 478.31, 225.57
474.35, 477.79, 350.57
471.56, 603.82, 101.10
472.03, 603.30, 226.10
472.50, 602.78, 351.10
226.31, 351.62, 225.09
226.66, 349.82, 350.07
227.01, 348.01, 475.06
227.66, 476.60, 226.88
228.01, 474.80, 351.87
228.35, 472.99, 476.86
229.01, 601.58, 228.68
229.35, 599.78, 353.67
229.70, 597.97, 478.66
351.31, 350.28, 224.72
351.65, 348.48, 349.71
352.00, 346.67, 474.69
352.65, 475.26, 226.52
353.00, 473.45, 351.50
353.35, 471.65, 476.49
354.00, 600.24, 228.32
354.35, 598.43, 353.30
354.69, 596.63, 478.29
476.30, 348.94, 224.35
476.65, 347.13, 349.34
476.99, 345.33, 474.32
477.65, 473.92, 226.15
477.99, 472.11, 351.14
478.34, 470.31, 476.12
478.99, 598.90, 227.95
479.34, 597.09, 352.94
479.69, 595.29, 477.92
223.70, 351.13, 349.84
223.58, 352.48, 474.83
223.46, 353.83, 599.82
225.68, 476.11, 348.49
225.56, 477.46, 473.48
225.44, 478.81, 598.48
227.65, 601.09, 347.14
227.53, 602.44, 472.14
227.41, 603.79, 597.13
348.69, 349.16, 349.98
348.56, 350.51, 474.97
348.44, 351.86, 599.96
350.66, 474.14, 348.63
350.54, 475.49, 473.63
350.42, 476.84, 598.62
352.64, 599.11, 347.29
352.52, 600.46, 472.28
352.39, 601.81, 597.27
473.67, 347.19, 350.12
473.55, 348.54, 475.11
473.43, 349.88, 600.11
475.64, 472.16, 348.77
475.52, 473.51, 473.77
475.40, 474.86, 598.76
477.62, 597.14, 347.43
477.50, 598.49, 472.42
477.38, 599.84, 597.41
223.31, 351.21, 474.82
222.44, 347.57, 599.76
221.56, 343.92, 724.70
219.69, 476.11, 478.44
218.82, 472.46, 603.38
217.94, 468.82, 728.32
216.07, 601.00, 482.05
215.19, 597.36, 607.00
214.32, 593.71, 731.94
348.25, 354.81, 475.79
347.38, 351.16, 600.74
346.51, 347.51, 725.68
344.63, 479.70, 479.41
343.76, 476.06, 604.36
342.89, 472.41, 729.30
341.01, 604.60, 483.03
340.14, 600.95, 607.98
339.27, 597.30, 732.92
473.20, 358.40, 476.77
472.33, 354.75, 601.72
471.45, 351.11, 726.66
469.58, 483.29, 480.39
468.70, 479.65, 605.34
467.83, 476.00, 730.28
465.96, 608.19, 484.01
465.08, 604.54, 608.96
464.21, 600.90, 733.90
226.73, 348.45, 598.54
229.71, 351.17, 723.48
232.70, 353.90, 848.41
228.30, 473.41, 595.78
231.28, 476.13, 720.71
234.26, 478.86, 845.65
229.86, 598.37, 593.02
232.84, 601.09, 717.95
235.82, 603.82, 842.89
351.69, 346.82, 595.60
354.67, 349.54, 720.53
357.65, 352.27, 845.47
353.25, 471.78, 592.83
356.23, 474.50, 717.77
359.22, 477.23, 842.70
354.81, 596.74, 590.07
357.80, 599.46, 715.00
360.78, 602.19, 839.94
476.64, 345.19, 592.65
479.62, 347.92, 717.58
482.61, 350.64, 842.52
478.20, 470.15, 589.89
481.19, 472.88, 714.82
484.17, 475.60, 839.75
479.77, 595.11, 587.12
482.75, 597.84, 712.06
485.73, 600.56, 836.99
224.77, 473.85, 101.69
225.93, 472.44, 226.68
227.09, 471.02, 351.67
226.81, 598.83, 103.09
227.97, 597.41, 228.08
229.13, 596.00, 353.06
228.86, 723.80, 104.48
230.02, 722.39, 229.47
231.18, 720.97, 354.46
349.75, 471.82, 100.51
350.91, 470.40, 225.50
352.07, 468.99, 350.48
351.79, 596.79, 101.91
352.95, 595.38, 226.89
354.11, 593.97, 351.88
353.83, 721.77, 103.30
354.99, 720.36, 228.29
356.15, 718.94, 353.27
474.72, 469.79, 99.33
475.88, 468.37, 224.31
477.04, 466.96, 349.30
476.77, 594.76, 100.72
477.93, 593.35, 225.71
479.09, 591.93, 350.70
478.81, 719.74, 102.12
479.97, 718.32, 227.11
481.13, 716.91, 352.09
225.05, 474.41, 223.40
225.81, 474.41, 348.39
226.58, 474.41, 473.39
221.79, 599.37, 223.42
222.56, 599.37, 348.41
223.33, 599.37, 473.41
218.54, 724.33, 223.44
219.30, 724.33, 348.43
220.07, 724.33, 473.43
350.00, 477.67, 222.63
350.77, 477.67, 347.63
351.54, 477.67, 472.63
346.75, 602.63, 222.65
347.51, 602.62, 347.65
348.28, 602.62, 472.65
343.49, 727.58, 222.67
344.26, 727.58, 347.67
345.03, 727.58, 472.67
474.96, 480.92, 221.86
475.73, 480.92, 346.86
476.49, 480.92, 471.86
471.70, 605.88, 221.88
472.47, 605.88, 346.88
473.24, 605.88, 471.88
468.45, 730.84, 221.90
469.22, 730.84, 346.90
469.98, 730.84, 471.90
223.67, 476.07, 351.73
222.50, 477.20, 476.72
221.32, 478.33, 601.71
225.06, 601.06, 350.61
223.88, 602.19, 475.60
222.70, 603.32, 600.59
226.44, 726.04, 349.49
225.26, 727.17, 474.48
224.08, 728.31, 599.47
348.66, 474.70, 352.92
347.48, 475.83, 477.91
346.30, 476.96, 602.90
350.04, 599.68, 351.80
348.87, 600.82, 476.79
347.69, 601.95, 601.78
351.43, 724.67, 350.68
350.25, 725.80, 475.67
349.07, 726.93, 600.66
473.65, 473.32, 354.11
472.47, 474.46, 479.10
471.29, 475.59, 604.09
475.03, 598.31, 352.99
473.85, 599.44, 477.98
472.67, 600.57, 602.97
476.41, 723.30, 351.87
475.23, 724.43, 476.86
474.06, 725.56, 601.85
224.77, 476.75, 473.28
222.32, 477.70, 598.25
219.86, 478.65, 723.22
228.23, 601.70, 472.40
225.77, 602.65, 597.37
223.32, 603.60, 722.34
231.68, 726.65, 471.51
229.23, 727.60, 596.49
226.77, 728.55, 721.46
349.70, 473.32, 475.76
347.25, 474.27, 600.73
344.79, 475.22, 725.70
353.15, 598.26, 474.88
350.70, 599.22, 599.85
348.25, 600.17, 724.82
356.61, 723.21, 473.99
354.15, 724.16, 598.97
351.70, 725.11, 723.94
474.63, 469.88, 478.24
472.17, 470.83, 603.21
469.72, 471.78, 728.18
478.08, 594.83, 477.36
475.63, 595.78, 602.33
473.17, 596.73, 727.30
481.54, 719.78, 476.47
479.08, 720.73, 601.45
476.63, 721.68, 726.42
224.20, 474.49, 600.44
220.43, 478.09, 725.33
216.66, 481.69, 850.22
220.66, 599.39, 596.73
216.89, 602.98, 721.62
213.12, 606.58, 846.52
217.12, 724.28, 593.03
213.35, 727.88, 717.92
209.58, 731.48, 842.81
349.09, 478.14, 604.10
345.32, 481.74, 728.99
341.55, 485.33, 853.88
345.55, 603.04, 600.40
341.78, 606.63, 725.29
338.01, 610.23, 850.18
342.01, 727.93, 596.69
338.24, 731.53, 721.58
334.47, 735.12, 846.48
473.98, 481.79, 607.77
470.21, 485.39, 732.66
466.44, 488.98, 857.55
470.44, 606.68, 604.06
466.67, 610.28, 728.95
462.90, 613.88, 853.84
466.90, 731.58, 600.36
463.13, 735.18, 725.25
459.36, 738.77, 850.14
223.53, 599.11, 101.08
221.21, 602.16, 226.02
218.89, 605.22, 350.96
222.63, 724.07, 98.01
220.30, 727.12, 222.95
217.98, 730.18, 347.89
221.72, 849.03, 94.94
219.40, 852.08, 219.88
217.08, 855.14, 344.82
348.51, 600.07, 103.38
346.19, 603.13, 228.32
343.86, 606.18, 353.26
347.60, 725.03, 100.31
345.28, 728.08, 225.25
342.96, 731.14, 350.19
346.70, 849.99, 97.23
344.37, 853.04, 222.18
342.05, 856.10, 347.12
473.48, 601.03, 105.68
471.16, 604.09, 230.62
468.84, 607.14, 355.56
472.58, 725.99, 102.61
470.26, 729.05, 227.55
467.93, 732.10, 352.49
471.67, 850.95, 99.53
469.35, 854.01, 224.47
467.03, 857.06, 349.41
225.99, 600.90, 225.91
224.52, 604.50, 350.85
223.05, 608.11, 475.79
225.72, 725.85, 222.30
224.25, 729.45, 347.24
222.77, 733.06, 472.18
225.44, 850.79, 218.69
223.97, 854.40, 343.63
222.50, 858.00, 468.57
350.98, 601.22, 227.37
349.51, 604.82, 352.31
348.04, 608.43, 477.25
350.71, 726.17, 223.76
349.24, 729.77, 348.70
347.77, 733.37, 473.64
350.43, 851.11, 220.16
348.96, 854.72, 345.09
347.49, 858.32, 470.03
475.98, 601.54, 228.83
474.50, 605.14, 353.77
473.03, 608.75, 478.71
475.70, 726.48, 225.23
474.23, 730.09, 350.17
472.76, 733.69, 475.10
475.42, 851.43, 221.62
473.95, 855.04, 346.56
472.48, 858.64, 471.50
226.34, 598.09, 351.00
229.13, 598.87, 475.97
231.92, 599.64, 600.94
225.91, 723.09, 350.24
228.70, 723.86, 475.20
231.49, 724.64, 600.17
225.49, 848.08, 349.47
228.28, 848.86, 474.43
231.07, 849.64, 599.40
351.31, 598.50, 348.21
354.10, 599.28, 473.18
356.89, 600.05, 598.14
350.88, 723.50, 347.44
353.67, 724.27, 472.41
356.46, 725.05, 597.38
350.46, 848.49, 346.68
353.24, 849.27, 471.64
356.03, 850.05, 596.61
476.28, 598.91, 345.42
479.07, 599.69, 470.39
481.86, 600.46, 595.35
475.85, 723.90, 344.65
478.64, 724.68, 469.62
481.43, 725.46, 594.58
475.42, 848.90, 343.88
478.21, 849.68, 468.85
481.00, 850.46, 593.82
226.92, 601.52, 475.13
226.55, 604.59, 600.10
226.19, 607.65, 725.06
226.48, 726.49, 472.07
226.12, 729.55, 597.03
225.75, 732.61, 721.99
226.04, 851.45, 469.00
225.68, 854.51, 593.96
225.31, 857.58, 718.93
351.92, 601.97, 475.49
351.55, 605.04, 600.45
351.19, 608.10, 725.41
351.48, 726.93, 472.42
351.11, 730.00, 597.38
350.75, 733.06, 722.34
351.04, 851.89, 469.35
350.68, 854.96, 594.32
350.31, 858.02, 719.28
476.91, 602.42, 475.84
476.55, 605.48, 600.80
476.19, 608.55, 725.76
476.48, 727.38, 472.77
476.11, 730.45, 597.74
475.75, 733.51, 722.70
476.04, 852.34, 469.71
475.67, 855.41, 594.67
475.31, 858.47, 719.63
223.64, 598.96, 598.94
227.17, 598.72, 723.89
230.70, 598.48, 848.84
220.11, 723.91, 599.28
223.65, 723.67, 724.23
227.18, 723.43, 849.18
216.59, 848.86, 599.62
220.12, 848.62, 724.57
223.66, 848.38, 849.52
348.54, 602.49, 595.42
352.07, 602.25, 720.37
355.60, 602.01, 845.32
345.01, 727.44, 595.76
348.55, 727.20, 720.70
352.08, 726.96, 845.65
341.49, 852.39, 596.09
345.02, 852.15, 721.04
348.56, 851.91, 845.99
473.44, 606.02, 591.89
476.97, 605.78, 716.84
480.50, 605.54, 841.79
469.92, 730.97, 592.23
473.45, 730.73, 717.18
476.98, 730.49, 842.13
466.39, 855.92, 592.57
469.93, 855.68, 717.52
473.46, 855.44, 842.47
348.66, 100.14, 100.98
346.72, 102.58, 225.94
344.78, 105.01, 350.90
345.10, 225.06, 98.49
343.16, 227.50, 223.45
341.22, 229.94, 348.41
341.54, 349.99, 96.00
339.61, 352.42, 220.96
337.67, 354.86, 345.92
473.59, 103.73, 102.85
471.65, 106.17, 227.81
469.72, 108.61, 352.77
470.04, 228.66, 100.36
468.10, 231.09, 225.32
466.16, 233.53, 350.28
466.48, 353.58, 97.87
464.54, 356.02, 222.83
462.60, 358.46, 347.79
598.53, 107.33, 104.72
596.59, 109.77, 229.68
594.65, 112.20, 354.64
594.97, 232.25, 102.23
593.03, 234.69, 227.19
591.09, 237.13, 352.15
591.41, 357.18, 99.74
589.47, 359.61, 224.70
587.54, 362.05, 349.66
351.81, 100.89, 224.59
348.48, 99.09, 349.53
345.15, 97.30, 474.48
351.67, 225.88, 226.38
348.34, 224.08, 351.33
345.02, 222.28, 476.27
351.54, 350.86, 228.18
348.21, 349.07, 353.12
344.88, 347.27, 478.06
476.76, 100.98, 227.92
473.44, 99.18, 352.87
470.11, 97.39, 477.81
476.63, 225.96, 229.71
473.30, 224.17, 354.66
469.97, 222.37, 479.60
476.49, 350.95, 231.51
473.16, 349.15, 356.45
469.84, 347.36, 481.39
601.72, 101.06, 231.25
598.39, 99.27, 356.20
595.06, 97.47, 481.14
601.58, 226.05, 233.05
598.26, 224.25, 357.99
594.93, 222.46, 482.93
601.45, 351.04, 234.84
598.12, 349.24, 359.78
594.79, 347.45, 484.72
349.97, 98.78, 348.10
348.50, 97.63, 473.09
347.02, 96.48, 598.07
350.01, 223.77, 349.25
348.54, 222.62, 474.24
347.06, 221.47, 599.22
350.05, 348.77, 350.40
348.58, 347.62, 475.38
347.10, 346.47, 600.37
474.97, 98.72, 349.58
473.49, 97.57, 474.56
472.01, 96.43, 599.55
475.01, 223.72, 350.73
473.53, 222.57, 475.71
472.05, 221.42, 600.70
475.05, 348.71, 351.88
473.57, 347.56, 476.86
472.09, 346.41, 601.85
599.96, 98.67, 351.06
598.48, 97.52, 476.04
597.00, 96.37, 601.03
600.00, 223.66, 352.21
598.52, 222.52, 477.19
597.04, 221.37, 602.18
600.04, 348.66, 353.35
598.56, 347.51, 478.34
597.08, 346.36, 603.33
350.66, 101.81, 474.77
351.67, 103.28, 599.76
352.68, 104.76, 724.75
347.34, 226.75, 473.33
348.35, 228.23, 598.31
349.35, 229.70, 723.30
344.02, 351.70, 471.88
345.02, 353.18, 596.86
346.03, 354.65, 721.85
475.62, 105.12, 473.73
476.62, 106.59, 598.72
477.63, 108.07, 723.70
472.29, 230.07, 472.28
473.30, 231.54, 597.27
474.30, 233.01, 722.25
468.97, 355.01, 470.83
469.98, 356.49, 595.82
470.98, 357.96, 720.81
600.57, 108.43, 472.68
601.57, 109.90, 597.67
602.58, 111.38, 722.66
597.24, 233.38, 471.24
598.25, 234.85, 596.22
599.26, 236.33, 721.21
593.92, 358.32, 469.79
594.93, 359.80, 594.77
595.93, 361.27, 719.76
350.30, 101.23, 600.76
351.13, 102.67, 725.75
351.95, 104.10, 850.74
351.40, 226.22, 599.31
352.23, 227.65, 724.30
353.06, 229.09, 849.29
352.51, 351.20, 597.87
353.34, 352.64, 722.86
354.17, 354.08, 847.85
475.29, 100.11, 599.94
476.12, 101.55, 724.93
476.95, 102.99, 849.92
476.40, 225.10, 598.50
477.22, 226.54, 723.49
478.05, 227.97, 848.48
477.50, 350.09, 597.05
478.33, 351.52, 722.04
479.16, 352.96, 847.03
600.28, 99.00, 599.13
601.11, 100.44, 724.12
601.94, 101.87, 849.10
601.39, 223.99, 597.68
602.22, 225.42, 722.67
603.04, 226.86, 847.66
602.49, 348.97, 596.24
603.32, 350.41, 721.23
604.15, 351.85, 846.22
350.63, 226.31, 98.10
353.67, 223.25, 223.03
356.70, 220.19, 347.95
349.17, 351.26, 101.19
352.20, 348.21, 226.12
355.24, 345.15, 351.05
347.71, 476.22, 104.29
350.74, 473.16, 229.21
353.77, 470.10, 354.14
475.59, 227.85, 95.10
478.62, 224.79, 220.03
481.65, 221.73, 344.96
474.13, 352.80, 98.20
477.16, 349.74, 223.12
480.19, 346.68, 348.05
472.66, 477.75, 101.29
475.69, 474.70, 226.22
478.73, 471.64, 351.15
600.54, 229.38, 92.11
603.58, 226.33, 217.04
606.61, 223.27, 341.96
599.08, 354.34, 95.20
602.11, 351.28, 220.13
605.14, 348.22, 345.06
597.62, 479.29, 98.30
600.65, 476.23, 223.22
603.68, 473.17, 348.15
348.04, 223.96, 226.71
351.60, 221.46, 351.63
355.15, 218.95, 476.55
350.37, 348.91, 229.14
353.93, 346.41, 354.07
357.48, 343.90, 478.99
352.70, 473.87, 231.58
356.26, 471.36, 356.51
359.81, 468.86, 481.43
472.97, 221.70, 223.10
476.52, 219.20, 348.03
480.08, 216.69, 472.95
475.30, 346.66, 225.54
478.85, 344.15, 350.47
482.41, 341.64, 475.39
477.63, 471.61, 227.98
481.19, 469.10, 352.91
484.74, 466.60, 477.83
597.90, 219.44, 219.50
601.45, 216.94, 344.43
605.01, 214.43, 469.35
600.23, 344.40, 221.94
603.78, 341.89, 346.87
607.34, 339.39, 471.79
602.56, 469.35, 224.38
606.11, 466.84, 349.31
609.67, 464.34, 474.23
351.41, 225.31, 349.86
350.99, 225.95, 474.85
350.56, 226.59, 599.85
352.75, 350.30, 349.22
352.32, 350.94, 474.22
351.90, 351.58, 599.22
354.09, 475.29, 348.59
353.66, 475.93, 473.59
353.23, 476.57, 598.58
476.40, 223.97, 350.29
475.98, 224.61, 475.29
475.55, 225.25, 600.29
477.74, 348.97, 349.66
477.32, 349.61, 474.65
476.89, 350.24, 599.65
479.08, 473.96, 349.02
478.65, 474.60, 474.02
478.23, 475.24, 599.02
601.40, 222.64, 350.72
600.97, 223.28, 475.72
600.54, 223.92, 600.72
602.73, 347.63, 350.09
602.31, 348.27, 475.09
601.88, 348.91, 600.09
604.07, 472.62, 349.46
603.64, 473.26, 474.45
603.22, 473.90, 599.45
350.22, 223.73, 476.95
350.08, 226.05, 601.93
349.94, 228.37, 726.91
346.83, 348.66, 474.63
346.68, 350.99, 599.61
346.54, 353.31, 724.58
343.43, 473.60, 472.30
343.29, 475.92, 597.28
343.15, 478.24, 722.26
475.18, 227.13, 477.03
475.03, 229.45, 602.01
474.89, 231.77, 726.99
471.78, 352.06, 474.71
471.64, 354.38, 599.68
471.49, 356.70, 724.66
468.39, 476.99, 472.38
468.24, 479.31, 597.36
468.10, 481.64, 722.34
600.13, 230.53, 477.11
599.99, 232.85, 602.09
599.84, 235.17, 727.07
596.73, 355.46, 474.79
596.59, 357.78, 599.76
596.45, 360.10, 724.74
593.34, 480.39, 472.46
593.20, 482.71, 597.44
593.05, 485.03, 722.42
350.24, 223.07, 601.87
352.15, 223.08, 726.85
354.06, 223.09, 851.84
351.83, 348.06, 601.83
353.74, 348.07, 726.82
355.65, 348.08, 851.81
353.42, 473.05, 601.80
355.33, 473.06, 726.79
357.24, 473.07, 851.77
475.22, 221.48, 599.96
477.13, 221.49, 724.94
479.04, 221.50, 849.93
476.80, 346.47, 599.92
478.71, 346.48, 724.91
480.63, 346.49, 849.90
478.39, 471.46, 599.89
480.30, 471.47, 724.88
482.21, 471.48, 849.86
600.19, 219.89, 598.05
602.10, 219.90, 723.03
604.01, 219.91, 848.02
601.78, 344.88, 598.01
603.69, 344.89, 723.00
605.60, 344.90, 847.99
603.37, 469.87, 597.98
605.28, 469.88, 722.97
607.19, 469.89, 847.95
349.89, 348.82, 99.89
350.13, 345.72, 224.85
350.37, 342.61, 349.81
346.31, 473.73, 103.00
346.55, 470.63, 227.96
346.79, 467.52, 352.92
342.73, 598.64, 106.11
342.97, 595.54, 231.07
343.22, 592.43, 356.03
474.84, 352.40, 99.73
475.08, 349.30, 224.69
475.32, 346.20, 349.66
471.26, 477.31, 102.84
471.50, 474.21, 227.80
471.74, 471.11, 352.77
467.68, 602.22, 105.95
467.92, 599.12, 230.92
468.16, 596.02, 355.88
599.78, 355.99, 99.58
600.03, 352.88, 224.54
600.27, 349.78, 349.50
596.21, 480.90, 102.69
596.45, 477.79, 227.65
596.69, 474.69, 352.61
592.63, 605.81, 105.80
592.87, 602.70, 230.76
593.11, 599.60, 355.72
349.32, 350.49, 225.18
349.74, 347.56, 350.14
350.17, 344.64, 475.11
351.54, 475.43, 228.10
351.97, 472.51, 353.06
352.40, 469.58, 478.03
353.77, 600.38, 231.01
354.20, 597.46, 355.98
354.62, 594.53, 480.94
474.30, 348.27, 224.70
474.72, 345.35, 349.67
475.15, 342.42, 474.63
476.52, 473.22, 227.62
476.95, 470.29, 352.58
477.37, 467.37, 477.55
478.75, 598.16, 230.53
479.18, 595.24, 355.50
479.60, 592.31, 480.46
599.28, 346.06, 224.22
599.70, 343.13, 349.19
600.13, 340.20, 474.15
601.50, 471.00, 227.14
601.93, 468.08, 352.10
602.35, 465.15, 477.07
603.73, 595.95, 230.06
604.16, 593.02, 355.02
604.58, 590.10, 479.99
351.41, 351.21, 351.04
351.73, 349.70, 476.03
352.05, 348.19, 601.02
348.79, 476.18, 352.55
349.11, 474.67, 477.54
349.43, 473.16, 602.53
346.18, 601.14, 354.07
346.50, 599.63, 479.06
346.82, 598.12, 604.05
476.38, 353.83, 350.75
476.70, 352.32, 475.74
477.02, 350.81, 600.73
473.76, 478.80, 352.26
474.09, 477.29, 477.25
474.41, 475.78, 602.24
471.15, 603.76, 353.78
471.47, 602.25, 478.77
471.79, 600.74, 603.76
601.35, 356.45, 350.46
601.67, 354.94, 475.45
601.99, 353.43, 600.44
598.74, 481.41, 351.97
599.06, 479.90, 476.97
599.38, 478.40, 601.96
596.12, 606.38, 353.49
596.44, 604.87, 478.48
596.76, 603.36, 603.47
351.34, 350.26, 475.46
349.72, 348.70, 600.44
348.09, 347.15, 725.42
348.55, 475.22, 476.97
346.92, 473.66, 601.95
345.29, 472.11, 726.93
345.75, 600.18, 478.49
344.12, 598.62, 603.47
342.50, 597.07, 728.45
476.30, 353.03, 477.12
474.67, 351.48, 602.10
473.05, 349.93, 727.08
473.50, 477.99, 478.64
471.88, 476.44, 603.62
470.25, 474.89, 728.59
470.71, 602.95, 480.15
469.08, 601.40, 605.13
467.46, 599.85, 730.11
601.26, 355.81, 478.78
599.63, 354.26, 603.76
598.01, 352.70, 728.74
598.46, 480.77, 480.30
596.84, 479.22, 605.28
595.21, 477.66, 730.26
595.67, 605.73, 481.81
594.04, 604.18, 606.79
592.42, 602.62, 731.77
348.79, 351.44, 600.82
346.10, 348.06, 725.74
343.41, 344.68, 850.67
349.40, 476.40, 604.21
346.71, 473.02, 729.13
344.02, 469.64, 854.06
350.00, 601.35, 607.60
347.31, 597.97, 732.53
344.62, 594.59, 857.45
473.76, 350.77, 603.49
471.07, 347.39, 728.41
468.38, 344.01, 853.34
474.36, 475.72, 606.88
471.68, 472.34, 731.81
468.99, 468.96, 856.73
474.97, 600.67, 610.28
472.28, 597.29, 735.20
469.59, 593.91, 860.13
598.73, 350.09, 606.16
596.04, 346.71, 731.09
593.35, 343.33, 856.01
599.33, 475.04, 609.55
596.64, 471.66, 734.48
593.95, 468.28, 859.41
599.94, 599.99, 612.95
597.25, 596.61, 737.87
594.56, 593.23, 862.80
348.94, 475.30, 99.00
347.44, 477.71, 223.96
345.93, 480.11, 348.93
347.10, 600.26, 96.57
345.59, 602.67, 221.54
344.08, 605.07, 346.51
345.25, 725.23, 94.14
343.74, 727.63, 219.11
342.23, 730.03, 344.08
473.92, 477.18, 100.47
472.41, 479.58, 225.43
470.91, 481.99, 350.40
472.07, 602.14, 98.04
470.57, 604.54, 223.01
469.06, 606.95, 347.98
470.22, 727.10, 95.62
468.72, 729.51, 220.58
467.21, 731.91, 345.55
598.90, 479.06, 101.94
597.39, 481.46, 226.91
595.88, 483.86, 351.87
597.05, 604.02, 99.51
595.54, 606.42, 224.48
594.03, 608.83, 349.45
595.20, 728.98, 97.09
593.69, 731.38, 222.05
592.19, 733.79, 347.02
349.78, 474.59, 223.98
347.78, 475.52, 348.96
345.78, 476.46, 473.94
353.47, 599.53, 223.10
351.48, 600.46, 348.08
349.48, 601.40, 473.06
357.17, 724.47, 222.23
355.17, 725.41, 347.21
353.17, 726.34, 472.19
474.71, 470.91, 226.00
472.71, 471.84, 350.98
470.71, 472.78, 475.97
478.40, 595.85, 225.13
476.40, 596.78, 350.11
474.41, 597.72, 475.09
482.10, 720.79, 224.25
480.10, 721.73, 349.24
478.10, 722.66, 474.22
599.64, 467.23, 228.03
597.64, 468.16, 353.01
595.64, 469.09, 477.99
603.33, 592.17, 227.16
601.33, 593.10, 352.14
599.34, 594.04, 477.12
607.03, 717.11, 226.28
605.03, 718.05, 351.26
603.03, 718.98, 476.24
348.26, 474.90, 348.37
346.22, 477.90, 473.32
344.18, 480.90, 598.26
349.35, 599.86, 345.39
347.31, 602.86, 470.33
345.27, 605.86, 595.28
350.44, 724.82, 342.40
348.40, 727.82, 467.35
346.36, 730.82, 592.30
473.24, 473.86, 350.44
471.20, 476.86, 475.38
469.15, 479.86, 600.33
474.33, 598.82, 347.46
472.29, 601.82, 472.40
470.24, 604.82, 597.35
475.42, 723.78, 344.47
473.38, 726.78, 469.42
471.33, 729.78, 594.37
598.22, 472.82, 352.51
596.18, 475.82, 477.45
594.13, 478.82, 602.40
599.31, 597.78, 349.52
597.27, 600.78, 474.47
595.22, 603.78, 599.42
600.40, 722.74, 346.54
598.36, 725.74, 471.49
596.31, 728.74, 596.44
349.26, 474.96, 475.96
347.83, 475.33, 600.95
346.40, 475.70, 725.94
346.07, 599.91, 475.55
344.64, 600.29, 600.54
343.21, 600.66, 725.53
342.88, 724.87, 475.14
341.45, 725.25, 600.13
340.02, 725.62, 725.12
474.21, 478.15, 477.38
472.78, 478.52, 602.37
471.35, 478.90, 727.36
471.02, 603.11, 476.97
469.59, 603.48, 601.96
468.16, 603.85, 726.95
467.83, 728.07, 476.56
466.40, 728.44, 601.55
464.97, 728.81, 726.54
599.16, 481.35, 478.80
597.73, 481.72, 603.79
596.30, 482.09, 728.78
595.97, 606.31, 478.39
594.54, 606.68, 603.38
593.11, 607.05, 728.37
592.78, 731.27, 477.98
591.35, 731.64, 602.97
589.92, 732.01, 727.96
349.63, 476.31, 601.14
347.45, 477.01, 726.12
345.28, 477.72, 851.10
352.97, 601.26, 600.50
350.80, 601.97, 725.48
348.62, 602.67, 850.45
356.32, 726.22, 599.85
354.15, 726.92, 724.83
351.97, 727.63, 849.81
474.56, 472.97, 603.34
472.39, 473.68, 728.32
470.21, 474.38, 853.29
477.91, 597.93, 602.69
475.74, 598.63, 727.67
473.56, 599.34, 852.65
481.26, 722.88, 602.04
479.08, 723.59, 727.02
476.91, 724.29, 852.00
599.50, 469.64, 605.53
597.32, 470.34, 730.51
595.15, 471.05, 855.49
602.85, 594.59, 604.88
600.67, 595.30, 729.86
598.50, 596.00, 854.84
606.19, 719.55, 604.24
604.02, 720.25, 729.22
601.84, 720.96, 854.19
349.41, 601.70, 101.38
350.70, 603.43, 226.36
351.99, 605.15, 351.34
348.37, 726.69, 99.66
349.66, 728.41, 224.64
350.95, 730.14, 349.63
347.33, 851.67, 97.95
348.62, 853.40, 222.93
349.91, 855.12, 347.91
474.40, 602.73, 100.07
475.69, 604.45, 225.05
476.98, 606.18, 350.04
473.36, 727.71, 98.36
474.65, 729.44, 223.34
475.94, 731.16, 348.32
472.32, 852.69, 96.64
473.61, 854.42, 221.63
474.90, 856.14, 346.61
599.39, 603.75, 98.77
600.68, 605.47, 223.75
601.97, 607.20, 348.73
598.35, 728.73, 97.05
599.64, 730.46, 222.04
600.93, 732.18, 347.02
597.31, 853.72, 95.34
598.60, 855.44, 220.32
599.89, 857.17, 345.30
351.48, 601.76, 226.17
352.74, 598.84, 351.13
354.00, 595.92, 476.09
348.49, 726.69, 229.12
349.76, 723.77, 354.08
351.02, 720.85, 479.03
345.51, 851.62, 232.06
346.77, 848.70, 357.02
348.03, 845.78, 481.98
476.44, 604.77, 224.98
477.70, 601.86, 349.94
478.96, 598.94, 474.90
473.45, 729.70, 227.93
474.71, 726.78, 352.88
475.97, 723.87, 477.84
470.47, 854.63, 230.87
471.73, 851.71, 355.83
472.99, 848.80, 480.79
601.40, 607.79, 223.79
602.66, 604.87, 348.75
603.92, 601.95, 473.71
598.41, 732.72, 226.74
599.67, 729.80, 351.69
600.93, 726.88, 476.65
595.42, 857.65, 229.68
596.69, 854.73, 354.64
597.95, 851.81, 479.60
348.93, 601.00, 348.45
349.60, 601.81, 473.45
350.27, 602.63, 598.44
349.73, 726.00, 347.63
350.40, 726.81, 472.63
351.06, 727.62, 597.63
350.52, 850.99, 346.82
351.19, 851.80, 471.81
351.86, 852.61, 596.81
473.93, 600.20, 347.79
474.60, 601.02, 472.78
475.27, 601.83, 597.78
474.72, 725.20, 346.97
475.39, 726.01, 471.97
476.06, 726.82, 596.96
475.52, 850.19, 346.15
476.18, 851.01, 471.15
476.85, 851.82, 596.15
598.93, 599.41, 347.12
599.59, 600.22, 472.12
600.26, 601.03, 597.11
599.72, 724.40, 346.31
600.39, 725.21, 471.30
601.06, 726.03, 596.30
600.51, 849.40, 345.49
601.18, 850.21, 470.49
601.85, 851.02, 595.48
349.97, 601.60, 474.64
349.38, 600.06, 599.63
348.79, 598.51, 724.62
351.33, 726.59, 476.20
350.74, 725.04, 601.18
350.15, 723.49, 726.17
352.69, 851.57, 477.75
352.10, 850.02, 602.74
351.51, 848.47, 727.73
474.96, 600.24, 475.21
474.37, 598.69, 600.20
473.78, 597.14, 725.19
476.32, 725.22, 476.77
475.73, 723.67, 601.76
475.14, 722.13, 726.75
477.68, 850.20, 478.32
477.09, 848.66, 603.31
476.50, 847.11, 728.30
599.95, 598.87, 475.78
599.36, 597.32, 600.77
598.78, 595.78, 725.76
601.31, 723.85, 477.34
600.72, 722.31, 602.33
600.13, 720.76, 727.32
602.67, 848.84, 478.89
602.08, 847.29, 603.88
601.49, 845.74, 728.87
348.46, 598.24, 600.39
348.31, 599.16, 725.38
348.15, 600.09, 850.38
346.43, 723.22, 599.46
346.28, 724.14, 724.46
346.12, 725.07, 849.45
344.40, 848.20, 598.53
344.25, 849.12, 723.53
344.09, 850.05, 848.52
473.45, 600.27, 600.53
473.29, 601.19, 725.52
473.13, 602.12, 850.52
471.42, 725.25, 599.60
471.26, 726.17, 724.60
471.10, 727.10, 849.59
469.39, 850.23, 598.67
469.23, 851.16, 723.67
469.07, 852.08, 848.66
598.43, 602.30, 600.67
598.27, 603.23, 725.66
598.12, 604.15, 850.66
596.40, 727.28, 599.74
596.24, 728.21, 724.74
596.09, 729.13, 849.73
594.37, 852.26, 598.81
594.21, 853.19, 723.81
594.06, 854.11, 848.81
473.41, 101.92, 102.00
472.87, 100.62, 226.99
472.32, 99.32, 351.98
477.11, 226.86, 103.31
476.56, 225.56, 228.31
476.02, 224.26, 353.30
480.80, 351.79, 104.63
480.26, 350.50, 229.62
479.72, 349.20, 354.61
598.35, 98.22, 102.50
597.81, 96.92, 227.50
597.27, 95.62, 352.49
602.05, 223.15, 103.82
601.51, 221.86, 228.81
600.96, 220.56, 353.80
605.75, 348.09, 105.13
605.20, 346.79, 230.12
604.66, 345.49, 355.12
723.30, 94.51, 103.01
722.75, 93.21, 228.00
722.21, 91.92, 352.99
726.99, 219.45, 104.32
726.45, 218.15, 229.31
725.91, 216.85, 354.31
730.69, 344.39, 105.64
730.15, 343.09, 230.63
729.61, 341.79, 355.62
475.91, 101.15, 223.80
476.43, 98.36, 348.77
476.95, 95.57, 473.74
475.27, 226.12, 226.60
475.79, 223.33, 351.56
476.32, 220.54, 476.53
474.64, 351.09, 229.39
475.16, 348.29, 354.36
475.68, 345.50, 479.33
600.91, 101.80, 223.29
601.43, 99.01, 348.26
601.95, 96.22, 473.23
600.27, 226.77, 226.09
600.79, 223.97, 351.06
601.31, 221.18, 476.02
599.63, 351.73, 228.88
600.16, 348.94, 353.85
600.68, 346.15, 478.82
725.90, 102.45, 222.79
726.42, 99.66, 347.75
726.95, 96.86, 472.72
725.27, 227.41, 225.58
725.79, 224.62, 350.55
726.31, 221.83, 475.52
724.63, 352.38, 228.38
725.15, 349.59, 353.34
725.67, 346.80, 478.31
475.42, 100.27, 349.59
472.88, 100.48, 474.57
470.34, 100.69, 599.54
473.77, 225.26, 349.35
471.24, 225.47, 474.33
468.70, 225.68, 599.30
472.13, 350.25, 349.11
469.59, 350.46, 474.08
467.06, 350.66, 599.06
600.38, 101.92, 352.13
597.84, 102.12, 477.10
595.30, 102.33, 602.08
598.74, 226.91, 351.89
596.20, 227.11, 476.86
593.66, 227.32, 601.84
597.10, 351.89, 351.65
594.56, 352.10, 476.62
592.02, 352.31, 601.59
725.34, 103.56, 354.66
722.81, 103.77, 479.64
720.27, 103.98, 604.61
723.70, 228.55, 354.42
721.16, 228.76, 479.40
718.63, 228.97, 604.37
722.06, 353.54, 354.18
719.52, 353.75, 479.15
716.98, 353.96, 604.13
473.50, 99.59, 474.05
474.06, 98.72, 599.04
474.62, 97.85, 724.04
475.39, 224.57, 474.91
475.95, 223.70, 599.91
476.51, 222.83, 724.90
477.27, 349.56, 475.77
477.83, 348.69, 600.77
478.39, 347.81, 725.77
598.49, 97.71, 473.48
599.04, 96.84, 598.47
599.60, 95.97, 723.47
600.37, 222.69, 474.34
600.93, 221.82, 599.33
601.49, 220.95, 724.33
602.26, 347.67, 475.20
602.82, 346.80, 600.20
603.38, 345.93, 725.19
723.47, 95.83, 472.90
724.03, 94.95, 597.90
724.59, 94.08, 722.90
725.36, 220.81, 473.77
725.92, 219.94, 598.76
726.47, 219.07, 723.76
727.24, 345.79, 474.63
727.80, 344.92, 599.63
728.36, 344.05, 724.62
475.95, 99.23, 600.39
473.48, 101.51, 725.35
471.01, 103.80, 850.30
476.78, 224.21, 598.12
474.31, 226.49, 723.08
471.84, 228.77, 848.03
477.61, 349.18, 595.86
475.14, 351.47, 720.81
472.66, 353.75, 845.77
600.93, 98.45, 602.88
598.45, 100.73, 727.83
595.98, 103.01, 852.79
601.75, 223.42, 600.61
599.28, 225.71, 725.57
596.81, 227.99, 850.52
602.58, 348.40, 598.35
600.11, 350.68, 723.30
597.64, 352.97, 848.26
725.90, 97.66, 605.37
723.43, 99.95, 730.32
720.95, 102.23, 855.28
726.73, 222.64, 603.10
724.25, 224.92, 728.06
721.78, 227.21, 853.01
727.56, 347.62, 600.83
725.08, 349.90, 725.79
722.61, 352.18, 850.74
473.38, 223.23, 99.17
470.76, 225.96, 224.11
468.13, 228.69, 349.05
472.97, 348.20, 96.43
470.35, 350.93, 221.37
467.72, 353.66, 346.32
472.56, 473.17, 93.69
469.94, 475.90, 218.64
467.31, 478.63, 343.58
598.35, 223.70, 101.78
595.73, 226.43, 226.72
593.10, 229.16, 351.67
597.94, 348.67, 99.04
595.32, 351.40, 223.99
592.69, 354.12, 348.93
597.53, 473.64, 96.31
594.91, 476.37, 221.25
592.28, 479.09, 346.19
723.32, 224.17, 104.39
720.70, 226.90, 229.34
718.08, 229.62, 354.28
722.91, 349.14, 101.66
720.29, 351.86, 226.60
717.67, 354.59, 351.54
722.50, 474.11, 98.92
719.88, 476.83, 223.86
717.26, 479.56, 348.81
476.38, 226.20, 223.25
478.83, 225.35, 348.23
481.28, 224.51, 473.20
473.73, 351.17, 224.15
476.18, 350.32, 349.12
478.63, 349.48, 474.10
471.09, 476.13, 225.05
473.54, 475.29, 350.02
475.99, 474.45, 474.99
601.33, 228.86, 220.82
603.78, 228.01, 345.80
606.23, 227.17, 470.77
598.68, 353.83, 221.72
601.13, 352.98, 346.69
603.58, 352.14, 471.67
596.04, 478.80, 222.62
598.49, 477.95, 347.59
600.93, 477.11, 472.56
726.28, 231.52, 218.39
728.72, 230.68, 343.37
731.17, 229.83, 468.34
723.63, 356.49, 219.29
726.08, 355.65, 344.26
728.53, 354.80, 469.24
720.99, 481.46, 220.19
723.43, 480.61, 345.16
725.88, 479.77, 470.13
475.32, 223.94, 351.23
476.61, 222.03, 476.21
477.89, 220.12, 601.18
474.64, 348.92, 353.14
475.93, 347.02, 478.12
477.21, 345.11, 603.10
473.96, 473.91, 355.06
475.25, 472.00, 480.04
476.53, 470.09, 605.02
600.32, 224.64, 349.95
601.60, 222.73, 474.93
602.88, 220.82, 599.91
599.64, 349.62, 351.87
600.92, 347.72, 476.85
602.20, 345.81, 601.83
598.96, 474.61, 353.79
600.24, 472.70, 478.77
601.52, 470.79, 603.74
725.31, 225.34, 348.68
726.59, 223.43, 473.66
727.88, 221.52, 598.64
724.63, 350.32, 350.60
725.91, 348.41, 475.57
727.20, 346.51, 600.55
723.95, 475.31, 352.51
725.23, 473.40, 477.49
726.52, 471.49, 602.47
475.95, 225.23, 475.70
474.11, 228.61, 600.64
472.27, 231.99, 725.58
479.01, 350.15, 472.37
477.17, 353.53, 597.31
475.33, 356.91, 722.25
482.07, 475.07, 469.03
480.23, 478.45, 593.97
478.39, 481.83, 718.91
600.90, 222.22, 477.62
599.06, 225.60, 602.56
597.22, 228.98, 727.51
603.96, 347.14, 474.29
602.12, 350.52, 599.23
600.28, 353.90, 724.17
607.02, 472.06, 470.95
605.18, 475.44, 595.90
603.34, 478.82, 720.84
725.85, 219.21, 479.55
724.01, 222.59, 604.49
722.17, 225.97, 729.43
728.91, 344.13, 476.21
727.07, 347.51, 601.15
725.23, 350.89, 726.09
731.97, 469.05, 472.88
730.13, 472.43, 597.82
728.29, 475.81, 722.76
475.65, 225.15, 600.71
473.12, 224.18, 725.68
470.58, 223.20, 850.65
478.46, 350.12, 601.74
475.93, 349.14, 726.71
473.39, 348.17, 851.68
481.28, 475.08, 602.77
478.74, 474.11, 727.74
476.20, 473.13, 852.71
600.60, 222.32, 603.22
598.06, 221.35, 728.19
595.52, 220.37, 853.16
603.41, 347.29, 604.26
600.87, 346.31, 729.23
598.33, 345.34, 854.20
606.22, 472.25, 605.29
603.68, 471.28, 730.26
601.14, 470.30, 855.23
725.54, 219.49, 605.74
723.00, 218.52, 730.71
720.46, 217.54, 855.68
728.35, 344.46, 606.77
725.81, 343.48, 731.74
723.27, 342.50, 856.71
731.16, 469.42, 607.80
728.62, 468.44, 732.77
726.08, 467.47, 857.75
473.60, 349.25, 101.71
473.66, 351.35, 226.69
473.71, 353.45, 351.67
472.79, 474.23, 99.61
472.85, 476.33, 224.59
472.90, 478.43, 349.57
471.98, 599.21, 97.50
472.04, 601.31, 222.49
472.09, 603.41, 347.47
598.60, 350.06, 101.64
598.65, 352.16, 226.62
598.70, 354.26, 351.61
597.79, 475.04, 99.54
597.84, 477.14, 224.52
597.89, 479.24, 349.50
596.98, 600.02, 97.44
597.03, 602.12, 222.42
597.08, 604.22, 347.40
723.60, 350.87, 101.58
723.65, 352.97, 226.56
723.70, 355.07, 351.54
722.79, 475.85, 99.47
722.84, 477.95, 224.46
722.89, 480.05, 349.44
721.98, 600.83, 97.37
722.03, 602.93, 222.36
722.08, 605.03, 347.34
475.59, 349.11, 226.31
472.67, 346.74, 351.25
469.75, 344.38, 476.20
473.60, 474.07, 228.63
470.68, 471.71, 353.57
467.76, 469.34, 478.51
471.61, 599.03, 230.94
468.69, 596.67, 355.89
465.77, 594.31, 480.83
600.54, 351.04, 229.27
597.62, 348.68, 354.21
594.70, 346.32, 479.15
598.55, 476.01, 231.58
595.63, 473.64, 356.53
592.71, 471.28, 481.47
596.56, 600.97, 233.90
593.64, 598.61, 358.84
590.72, 596.24, 483.79
725.49, 352.98, 232.22
722.57, 350.61, 357.17
719.65, 348.25, 482.11
723.50, 477.94, 234.54
720.58, 475.58, 359.48
717.66, 473.21, 484.43
721.51, 602.90, 236.86
718.59, 600.54, 361.80
715.67, 598.18, 486.75
475.71, 350.93, 348.79
476.03, 350.14, 473.79
476.35, 349.36, 598.79
478.27, 475.90, 349.57
478.59, 475.12, 474.57
478.91, 474.33, 599.57
480.82, 600.87, 350.35
481.15, 600.09, 475.35
481.47, 599.30, 600.35
600.69, 348.38, 348.46
601.01, 347.59, 473.45
601.33, 346.80, 598.45
603.24, 473.35, 349.24
603.56, 472.56, 474.23
603.88, 471.77, 599.23
605.80, 598.32, 350.02
606.12, 597.53, 475.01
606.44, 596.75, 600.01
725.66, 345.82, 348.12
725.98, 345.04, 473.12
726.30, 344.25, 598.11
728.22, 470.79, 348.90
728.54, 470.01, 473.90
728.86, 469.22, 598.89
730.77, 595.76, 349.68
731.09, 594.98, 474.68
731.41, 594.19, 599.67
474.48, 349.78, 476.58
472.12, 348.26, 601.55
469.76, 346.74, 726.52
471.90, 474.75, 478.06
469.54, 473.23, 603.02
467.18, 471.70, 727.99
469.33, 599.71, 479.53
466.97, 598.19, 604.50
464.61, 596.67, 729.47
599.43, 352.33, 478.97
597.07, 350.81, 603.94
594.71, 349.28, 728.91
596.85, 477.30, 480.45
594.50, 475.77, 605.41
592.14, 474.25, 730.38
594.28, 602.26, 481.92
591.92, 600.74, 606.89
589.56, 599.21, 731.86
724.38, 354.88, 481.36
722.02, 353.35, 606.33
719.66, 351.83, 731.30
721.81, 479.84, 482.84
719.45, 478.32, 607.81
717.09, 476.80, 732.77
719.23, 604.81, 484.31
716.87, 603.28, 609.28
714.51, 601.76, 734.25
475.34, 349.19, 600.96
472.84, 345.93, 725.89
470.33, 342.67, 850.82
472.27, 474.12, 604.16
469.77, 470.85, 729.09
467.26, 467.59, 854.02
469.20, 599.04, 607.36
466.69, 595.77, 732.29
464.19, 592.51, 857.22
600.28, 352.20, 603.54
597.78, 348.94, 728.47
595.27, 345.68, 853.40
597.21, 477.12, 606.74
594.70, 473.86, 731.67
592.20, 470.60, 856.60
594.13, 602.04, 609.94
591.63, 598.78, 734.87
589.13, 595.52, 859.81
725.22, 355.21, 606.12
722.71, 351.95, 731.06
720.21, 348.68, 855.99
722.14, 480.13, 609.32
719.64, 476.87, 734.26
717.14, 473.60, 859.19
719.07, 605.05, 612.52
716.57, 601.79, 737.46
714.06, 598.53, 862.39
474.76, 476.82, 98.58
475.99, 480.45, 223.52
477.22, 484.09, 348.46
473.68, 601.76, 94.96
474.91, 605.40, 219.90
476.14, 609.03, 344.84
472.60, 726.71, 91.33
473.83, 730.34, 216.28
475.07, 733.97, 341.22
599.75, 477.86, 97.32
600.98, 481.50, 222.26
602.21, 485.13, 347.20
598.67, 602.81, 93.70
599.90, 606.44, 218.64
601.13, 610.07, 343.58
597.59, 727.75, 90.07
598.82, 731.38, 215.01
600.05, 735.02, 339.95
724.74, 478.91, 96.06
725.97, 482.54, 221.00
727.20, 486.17, 345.94
723.66, 603.85, 92.43
724.89, 607.48, 217.37
726.12, 611.12, 342.32
722.58, 728.79, 88.81
723.81, 732.43, 213.75
725.04, 736.06, 338.69
475.82, 475.51, 223.57
472.14, 477.59, 348.50
468.45, 479.67, 473.43
473.25, 600.47, 221.42
469.56, 602.54, 346.34
465.87, 604.62, 471.27
470.67, 725.42, 219.26
466.98, 727.50, 344.19
463.30, 729.58, 469.12
600.74, 478.15, 227.21
597.05, 480.23, 352.14
593.37, 482.31, 477.07
598.16, 603.10, 225.06
594.48, 605.18, 349.99
590.79, 607.26, 474.91
595.59, 728.06, 222.90
591.90, 730.14, 347.83
588.22, 732.22, 472.76
725.66, 480.79, 230.85
721.97, 482.87, 355.78
718.29, 484.94, 480.71
723.08, 605.74, 228.70
719.40, 607.82, 353.63
715.71, 609.90, 478.56
720.51, 730.70, 226.54
716.82, 732.78, 351.47
713.14, 734.85, 476.40
475.61, 475.12, 350.24
475.76, 478.38, 475.20
475.92, 481.63, 600.16
472.46, 600.04, 346.99
472.61, 603.29, 471.95
472.77, 606.55, 596.91
469.31, 724.96, 343.74
469.47, 728.21, 468.70
469.62, 731.47, 593.66
600.57, 478.26, 350.01
600.72, 481.52, 474.96
600.88, 484.77, 599.92
597.42, 603.18, 346.75
597.58, 606.44, 471.71
597.73, 609.69, 596.67
594.27, 728.10, 343.50
594.43, 731.36, 468.46
594.58, 734.61, 593.42
725.53, 481.41, 349.77
725.68, 484.66, 474.73
725.84, 487.92, 599.68
722.38, 606.33, 346.52
722.54, 609.58, 471.48
722.69, 612.84, 596.43
719.23, 731.24, 343.27
719.39, 734.50, 468.23
719.54, 737.75, 593.18
476.92, 474.10, 476.43
476.54, 475.92, 601.42
476.16, 477.74, 726.40
479.03, 599.07, 474.62
478.65, 600.89, 599.60
478.27, 602.70, 724.59
481.13, 724.04, 472.81
480.75, 725.86, 597.79
480.37, 727.67, 722.78
601.90, 472.00, 476.84
601.52, 473.82, 601.83
601.14, 475.63, 726.81
604.01, 596.97, 475.03
603.63, 598.79, 600.02
603.25, 600.60, 725.00
606.12, 721.94, 473.22
605.74, 723.75, 598.20
605.36, 725.57, 723.19
726.88, 469.90, 477.25
726.50, 471.71, 602.24
726.12, 473.53, 727.22
728.99, 594.87, 475.44
728.61, 596.68, 600.43
728.23, 598.50, 725.41
731.10, 719.83, 473.63
730.72, 721.65, 598.61
730.34, 723.47, 723.60
476.48, 474.55, 598.19
473.41, 477.78, 723.11
470.33, 481.00, 848.03
478.85, 599.49, 595.03
475.77, 602.72, 719.95
472.69, 605.94, 844.87
481.21, 724.43, 591.86
478.13, 727.65, 716.78
475.05, 730.88, 841.70
601.42, 472.27, 601.33
598.35, 475.50, 726.25
595.27, 478.72, 851.17
603.79, 597.21, 598.16
600.71, 600.43, 723.08
597.63, 603.66, 848.00
606.15, 722.15, 595.00
603.07, 725.37, 719.92
599.99, 728.60, 844.84
726.36, 469.99, 604.47
723.29, 473.21, 729.39
720.21, 476.44, 854.31
728.73, 594.93, 601.30
725.65, 598.15, 726.22
722.57, 601.38, 851.14
731.09, 719.87, 598.13
728.01, 723.09, 723.06
724.93, 726.31, 847.98
473.17, 599.24, 99.12
476.43, 597.32, 224.07
479.68, 595.39, 349.01
471.73, 724.22, 101.09
474.99, 722.29, 226.03
478.25, 720.36, 350.98
470.29, 849.20, 103.06
473.55, 847.27, 228.00
476.81, 845.34, 352.94
598.12, 600.73, 95.89
601.37, 598.80, 220.83
604.63, 596.88, 345.77
596.68, 725.71, 97.85
599.94, 723.78, 222.80
603.20, 721.85, 347.74
595.24, 850.68, 99.82
598.50, 848.76, 224.76
601.76, 846.83, 349.71
723.07, 602.22, 92.65
726.32, 600.29, 217.60
729.58, 598.36, 342.54
721.63, 727.20, 94.62
724.89, 725.27, 219.56
728.14, 723.34, 344.51
720.19, 852.17, 96.59
723.45, 850.24, 221.53
726.71, 848.32, 346.47
476.06, 599.22, 225.37
477.60, 602.92, 350.31
479.15, 606.63, 475.24
479.24, 724.12, 221.63
480.79, 727.82, 346.57
482.34, 731.53, 471.50
482.43, 849.02, 217.89
483.98, 852.73, 342.82
485.52, 856.43, 467.76
601.01, 595.99, 223.92
602.55, 599.69, 348.86
604.10, 603.40, 473.79
604.19, 720.89, 220.18
605.74, 724.59, 345.12
607.29, 728.30, 470.05
607.38, 845.79, 216.44
608.93, 849.50, 341.37
610.47, 853.20, 466.31
725.96, 592.76, 222.47
727.50, 596.46, 347.41
729.05, 600.17, 472.34
729.14, 717.66, 218.73
730.69, 721.37, 343.67
732.24, 725.07, 468.60
732.33, 842.56, 214.99
733.88, 846.27, 339.92
735.42, 849.97, 464.86
476.45, 598.78, 349.06
479.38, 597.38, 474.02
482.30, 595.98, 598.97
477.84, 723.76, 350.43
480.76, 722.36, 475.38
483.68, 720.96, 600.34
479.22, 848.75, 351.79
482.14, 847.35, 476.75
485.06, 845.95, 601.71
601.41, 597.43, 346.12
604.33, 596.03, 471.08
607.26, 594.63, 596.04
602.79, 722.41, 347.49
605.72, 721.01, 472.45
608.64, 719.62, 597.40
604.18, 847.40, 348.85
607.10, 846.00, 473.81
610.02, 844.60, 598.77
726.37, 596.08, 343.18
729.29, 594.68, 468.14
732.22, 593.28, 593.10
727.75, 721.07, 344.55
730.67, 719.67, 469.51
733.60, 718.27, 594.46
729.13, 846.05, 345.92
732.06, 844.65, 470.87
734.98, 843.25, 595.83
474.30, 600.13, 474.93
476.28, 600.58, 599.91
478.26, 601.03, 724.90
470.73, 725.08, 474.54
472.71, 725.53, 599.52
474.68, 725.98, 724.50
467.16, 850.03, 474.14
469.14, 850.48, 599.12
471.11, 850.93, 724.11
599.24, 603.70, 472.94
601.21, 604.15, 597.92
603.19, 604.60, 722.91
595.66, 728.64, 472.55
597.64, 729.09, 597.53
599.62, 729.55, 722.51
592.09, 853.59, 472.15
594.07, 854.04, 597.14
596.05, 854.49, 722.12
724.17, 607.26, 470.95
726.15, 607.71, 595.94
728.12, 608.16, 720.92
720.60, 732.21, 470.56
722.57, 732.66, 595.54
724.55, 733.11, 720.52
717.03, 857.16, 470.16
719.00, 857.61, 595.15
720.98, 858.06, 720.13
473.55, 598.97, 601.46
470.11, 601.18, 726.39
466.67, 603.39, 851.32
476.26, 723.92, 599.32
472.82, 726.13, 724.25
469.39, 728.35, 849.18
478.98, 848.88, 597.18
475.54, 851.09, 722.12
472.10, 853.30, 847.05
598.47, 596.32, 604.94
595.03, 598.53, 729.87
591.60, 600.74, 854.81
601.19, 721.27, 602.80
597.75, 723.48, 727.74
594.31, 725.69, 852.67
603.90, 846.22, 600.67
600.46, 848.43, 725.60
597.02, 850.65, 850.53
723.40, 593.67, 608.43
719.96, 595.88, 733.36
716.52, 598.09, 858.29
726.11, 718.62, 606.29
722.67, 720.83, 731.22
719.23, 723.04, 856.16
728.82, 843.57, 604.15
725.38, 845.78, 729.09
721.94, 847.99, 854.02
599.25, 100.90, 100.41
598.82, 103.01, 225.40
598.39, 105.12, 350.38
600.30, 225.87, 98.31
599.87, 227.99, 223.29
599.43, 230.10, 348.27
601.34, 350.85, 96.20
600.91, 352.96, 221.18
600.48, 355.07, 346.16
724.25, 99.86, 100.86
723.82, 101.97, 225.84
723.38, 104.08, 350.83
725.29, 224.84, 98.76
724.86, 226.95, 223.74
724.43, 229.06, 348.72
726.34, 349.81, 96.65
725.90, 351.93, 221.63
725.47, 354.04, 346.61
849.24, 98.82, 101.31
848.81, 100.93, 226.29
848.38, 103.04, 351.27
850.29, 223.80, 99.20
849.85, 225.91, 224.19
849.42, 228.02, 349.17
851.33, 348.78, 97.10
850.90, 350.89, 222.08
850.47, 353.00, 347.06
601.63, 99.51, 223.32
603.82, 96.28, 348.26
606.00, 93.05, 473.20
599.34, 224.45, 226.59
601.53, 221.22, 351.53
603.71, 217.98, 476.47
597.05, 349.38, 229.86
599.23, 346.15, 354.80
601.42, 342.92, 479.74
726.59, 101.86, 221.19
728.78, 98.63, 346.13
730.96, 95.39, 471.07
724.30, 226.79, 224.46
726.49, 223.56, 349.40
728.67, 220.33, 474.34
722.01, 351.73, 227.74
724.19, 348.50, 352.67
726.38, 345.27, 477.61
851.55, 104.20, 219.07
853.74, 100.97, 344.01
855.92, 97.74, 468.95
849.26, 229.14, 222.34
851.44, 225.91, 347.28
853.63, 222.68, 472.22
846.97, 354.07, 225.61
849.15, 350.84, 350.55
851.34, 347.61, 475.49
600.29, 98.45, 351.12
598.56, 95.44, 476.07
596.82, 92.43, 601.02
599.50, 223.41, 354.11
597.76, 220.40, 479.07
596.02, 217.39, 604.02
598.70, 348.37, 357.11
596.96, 345.36, 482.07
595.22, 342.35, 607.02
725.28, 99.20, 352.87
723.54, 96.19, 477.82
721.80, 93.18, 602.77
724.48, 224.17, 355.87
722.74, 221.16, 480.82
721.01, 218.14, 605.77
723.68, 349.13, 358.87
721.95, 346.12, 483.82
720.21, 343.11, 608.77
850.26, 99.96, 354.63
848.53, 96.95, 479.58
846.79, 93.94, 604.53
849.47, 224.92, 357.63
847.73, 221.91, 482.58
845.99, 218.90, 607.53
848.67, 349.88, 360.63
846.93, 346.87, 485.58
845.19, 343.86, 610.53
598.38, 101.97, 476.55
600.62, 102.99, 601.52
602.86, 104.01, 726.50
597.28, 226.97, 475.55
599.52, 227.98, 600.52
601.76, 229.00, 725.50
596.18, 351.96, 474.55
598.42, 352.97, 599.53
600.66, 353.99, 724.50
723.35, 103.06, 474.29
725.60, 104.07, 599.27
727.84, 105.09, 724.25
722.25, 228.05, 473.30
724.49, 229.07, 598.27
726.74, 230.08, 723.25
721.15, 353.04, 472.30
723.39, 354.06, 597.27
725.64, 355.07, 722.25
848.33, 104.14, 472.04
850.57, 105.16, 597.02
852.81, 106.17, 722.00
847.23, 229.13, 471.05
849.47, 230.15, 596.02
851.71, 231.16, 721.00
846.13, 354.12, 470.05
848.37, 355.14, 595.02
850.61, 356.16, 720.00
598.28, 100.03, 600.99
598.89, 98.81, 725.98
599.49, 97.58, 850.98
599.28, 225.02, 602.21
599.88, 223.80, 727.20
600.49, 222.57, 852.19
600.28, 350.01, 603.43
600.88, 348.79, 728.42
601.48, 347.56, 853.41
723.28, 99.04, 600.38
723.88, 97.81, 725.37
724.48, 96.59, 850.36
724.27, 224.03, 601.60
724.88, 222.80, 726.59
725.48, 221.58, 851.58
725.27, 349.02, 602.82
725.87, 347.80, 727.81
726.48, 346.57, 852.80
848.27, 98.05, 599.77
848.88, 96.82, 724.76
849.48, 95.60, 849.75
849.27, 223.04, 600.99
849.87, 221.81, 725.98
850.47, 220.59, 850.97
850.27, 348.03, 602.20
850.87, 346.80, 727.20
851.47, 345.58, 852.19
599.35, 226.98, 101.50
598.86, 225.31, 226.49
598.36, 223.64, 351.48
595.71, 351.92, 103.16
595.21, 350.25, 228.14
594.71, 348.58, 353.13
592.06, 476.85, 104.81
591.56, 475.18, 229.80
591.07, 473.51, 354.78
724.30, 230.62, 102.05
723.80, 228.95, 227.04
723.31, 227.28, 352.02
720.65, 355.56, 103.70
720.16, 353.89, 228.69
719.66, 352.22, 353.68
717.01, 480.49, 105.35
716.51, 478.82, 230.34
716.01, 477.15, 355.33
849.25, 234.26, 102.59
848.75, 232.59, 227.58
848.25, 230.92, 352.57
845.60, 359.19, 104.25
845.10, 357.53, 229.23
844.61, 355.86, 354.22
841.95, 484.13, 105.90
841.46, 482.46, 230.89
840.96, 480.79, 355.88
601.10, 223.29, 225.87
604.79, 219.65, 350.76
608.49, 216.02, 475.65
601.63, 348.23, 229.49
605.33, 344.60, 354.38
609.02, 340.96, 479.27
602.16, 473.18, 233.11
605.86, 469.55, 358.00
609.55, 465.91, 482.89
726.04, 222.86, 222.16
729.74, 219.23, 347.05
733.43, 215.59, 471.94
726.57, 347.81, 225.78
730.27, 344.18, 350.67
733.97, 340.54, 475.56
727.11, 472.76, 229.40
730.80, 469.12, 354.29
734.50, 465.49, 479.18
850.99, 222.44, 218.45
854.68, 218.80, 343.34
858.38, 215.17, 468.23
851.52, 347.39, 222.07
855.21, 343.75, 346.96
858.91, 340.12, 471.85
852.05, 472.33, 225.69
855.75, 468.70, 350.58
859.44, 465.06, 475.47
600.94, 223.68, 350.98
599.96, 220.04, 475.92
598.98, 216.40, 600.87
601.77, 348.63, 354.63
600.79, 344.99, 479.57
599.81, 341.35, 604.51
602.60, 473.57, 358.27
601.62, 469.93, 483.21
600.64, 466.29, 608.16
725.93, 222.83, 351.94
724.95, 219.19, 476.88
723.97, 215.55, 601.82
726.76, 347.77, 355.58
725.78, 344.13, 480.52
724.80, 340.49, 605.47
727.59, 472.71, 359.23
726.61, 469.08, 484.17
725.63, 465.44, 609.11
850.93, 221.97, 352.89
849.95, 218.33, 477.84
848.97, 214.69, 602.78
851.76, 346.91, 356.54
850.78, 343.28, 481.48
849.80, 339.64, 606.42
852.58, 471.86, 360.18
851.60, 468.22, 485.13
850.62, 464.58, 610.07
598.53, 223.05, 474.49
599.98, 225.33, 599.46
601.44, 227.62, 724.43
594.81, 347.97, 472.25
596.26, 350.26, 597.22
597.71, 352.54, 722.19
591.08, 472.90, 470.01
592.53, 475.18, 594.98
593.99, 477.47, 719.95
723.47, 226.74, 472.97
724.92, 229.03, 597.94
726.37, 231.32, 722.91
719.74, 351.67, 470.73
721.19, 353.96, 595.70
722.65, 356.24, 720.67
716.02, 476.59, 468.49
717.47, 478.88, 593.46
718.92, 481.17, 718.43
848.40, 230.44, 471.45
849.86, 232.73, 596.42
851.31, 235.01, 721.39
844.68, 355.37, 469.21
846.13, 357.65, 594.18
847.58, 359.94, 719.15
840.95, 480.29, 466.97
842.41, 482.58, 591.94
843.86, 484.86, 716.91
598.20, 223.61, 599.91
594.99, 223.29, 724.87
591.78, 222.97, 849.83
596.02, 348.59, 600.17
592.81, 348.27, 725.13
589.60, 347.95, 850.09
593.84, 473.57, 600.43
590.63, 473.25, 725.39
587.42, 472.93, 850.35
723.14, 225.78, 603.12
719.93, 225.46, 728.08
716.72, 225.15, 853.04
720.96, 350.76, 603.39
717.75, 350.45, 728.34
714.54, 350.13, 853.30
718.78, 475.74, 603.65
715.57, 475.43, 728.61
712.36, 475.11, 853.57
848.08, 227.96, 606.34
844.87, 227.64, 731.30
841.66, 227.32, 856.26
845.90, 352.94, 606.60
842.69, 352.62, 731.56
839.48, 352.30, 856.52
843.72, 477.92, 606.86
840.51, 477.60, 731.82
837.30, 477.28, 856.78
600.15, 348.43, 101.82
603.76, 348.41, 226.77
607.36, 348.39, 351.72
602.01, 473.42, 101.79
605.61, 473.40, 226.74
609.22, 473.37, 351.69
603.87, 598.40, 101.76
607.47, 598.38, 226.71
611.08, 598.36, 351.66
725.09, 346.57, 98.22
728.69, 346.55, 223.17
732.30, 346.53, 348.12
726.94, 471.56, 98.19
730.55, 471.54, 223.14
734.15, 471.52, 348.08
728.80, 596.55, 98.16
732.41, 596.52, 223.10
736.01, 596.50, 348.05
850.02, 344.72, 94.62
853.63, 344.69, 219.56
857.23, 344.67, 344.51
851.88, 469.70, 94.58
855.48, 469.68, 219.53
859.09, 469.66, 344.48
853.74, 594.69, 94.55
857.34, 594.67, 219.50
860.94, 594.65, 344.45
601.03, 348.05, 224.60
598.55, 349.31, 349.57
596.07, 350.56, 474.54
598.03, 473.01, 223.29
595.55, 474.26, 348.25
593.07, 475.52, 473.22
595.03, 597.97, 221.97
592.55, 599.22, 346.94
590.07, 600.47, 471.91
725.97, 351.08, 227.04
723.49, 352.33, 352.01
721.01, 353.58, 476.98
722.97, 476.03, 225.73
720.49, 477.29, 350.70
718.01, 478.54, 475.67
719.97, 600.99, 224.42
717.49, 602.24, 349.39
715.01, 603.50, 474.36
850.91, 354.10, 229.49
848.43, 355.35, 354.46
845.95, 356.61, 479.43
847.91, 479.06, 228.18
845.43, 480.31, 353.15
842.95, 481.57, 478.12
844.91, 604.02, 226.87
842.43, 605.27, 351.84
839.95, 606.52, 476.80
599.13, 351.10, 350.55
598.98, 348.38, 475.52
598.82, 345.65, 600.49
595.66, 476.03, 353.27
595.51, 473.30, 478.24
595.36, 470.57, 603.21
592.19, 600.95, 355.99
592.04, 598.22, 480.96
591.89, 595.49, 605.93
724.08, 354.57, 350.77
723.93, 351.84, 475.75
723.78, 349.11, 600.72
720.61, 479.49, 353.50
720.46, 476.76, 478.47
720.31, 474.03, 603.44
717.14, 604.41, 356.22
716.99, 601.68, 481.19
716.84, 598.96, 606.16
849.03, 358.03, 351.00
848.88, 355.31, 475.97
848.73, 352.58, 600.94
845.56, 482.95, 353.72
845.41, 480.23, 478.69
845.26, 477.50, 603.66
842.09, 607.88, 356.45
841.94, 605.15, 481.42
841.79, 602.42, 606.39
598.23, 349.67, 474.75
594.61, 352.69, 599.66
590.98, 355.71, 724.57
600.99, 474.60, 471.81
597.36, 477.63, 596.72
593.74, 480.65, 721.63
603.74, 599.54, 468.87
600.12, 602.56, 593.78
596.49, 605.58, 718.69
723.15, 347.00, 478.44
719.53, 350.02, 603.35
715.90, 353.04, 728.26
725.91, 471.94, 475.50
722.28, 474.96, 600.41
718.65, 477.98, 725.32
728.66, 596.87, 472.56
725.03, 599.89, 597.47
721.41, 602.91, 722.38
848.07, 344.33, 482.13
844.44, 347.35, 607.04
840.82, 350.38, 731.95
850.82, 469.27, 479.19
847.20, 472.29, 604.10
843.57, 475.31, 729.01
853.58, 594.20, 476.25
849.95, 597.22, 601.16
846.33, 600.25, 726.07
601.65, 350.52, 599.67
600.63, 349.50, 724.66
599.61, 348.48, 849.65
600.72, 475.52, 600.68
599.69, 474.50, 725.67
598.67, 473.48, 850.67
599.78, 600.51, 601.70
598.76, 599.49, 726.69
597.74, 598.47, 851.68
726.64, 351.45, 600.70
725.62, 350.43, 725.69
724.60, 349.41, 850.68
725.71, 476.44, 601.71
724.69, 475.42, 726.70
723.67, 474.40, 851.70
724.77, 601.44, 602.73
723.75, 600.41, 727.72
722.73, 599.39, 852.71
851.63, 352.38, 601.73
850.61, 351.36, 726.72
849.59, 350.34, 851.71
850.70, 477.37, 602.74
849.68, 476.35, 727.73
848.66, 475.33, 852.72
849.77, 602.36, 603.75
848.74, 601.34, 728.75
847.72, 600.32, 853.74
601.03, 474.32, 99.48
601.53, 476.62, 224.46
602.03, 478.92, 349.44
600.49, 599.30, 97.18
600.99, 601.60, 222.16
601.49, 603.90, 347.14
599.95, 724.28, 94.88
600.45, 726.58, 219.86
600.95, 728.88, 344.84
726.03, 474.85, 98.97
726.53, 477.15, 223.95
727.03, 479.46, 348.92
725.49, 599.83, 96.67
725.99, 602.13, 221.65
726.49, 604.43, 346.63
724.95, 724.81, 94.37
725.45, 727.11, 219.35
725.95, 729.41, 344.33
851.03, 475.39, 98.46
851.53, 477.69, 223.44
852.03, 479.99, 348.41
850.49, 600.36, 96.16
850.99, 602.66, 221.14
851.49, 604.96, 346.12
849.95, 725.34, 93.86
850.45, 727.64, 218.84
850.95, 729.94, 343.82
599.36, 476.66, 224.98
602.65, 480.24, 349.88
605.95, 483.83, 474.79
602.96, 601.56, 221.30
606.25, 605.14, 346.20
609.55, 608.72, 471.11
606.56, 726.45, 217.62
609.85, 730.03, 342.53
613.14, 733.62, 467.43
724.27, 472.97, 221.79
727.56, 476.55, 346.69
730.85, 480.14, 471.60
727.86, 597.86, 218.11
731.16, 601.45, 343.02
734.45, 605.03, 467.92
731.46, 722.76, 214.43
734.76, 726.34, 339.34
738.05, 729.92, 464.24
849.17, 469.28, 218.60
852.46, 472.86, 343.51
855.76, 476.44, 468.41
852.77, 594.17, 214.92
856.06, 597.75, 339.83
859.36, 601.34, 464.73
856.37, 719.06, 211.24
859.66, 722.65, 336.15
862.95, 726.23, 461.06
601.26, 476.54, 351.62
604.56, 477.00, 476.57
607.86, 477.46, 601.53
603.61, 601.52, 351.10
606.91, 601.98, 476.06
610.21, 602.43, 601.01
605.96, 726.50, 350.58
609.26, 726.95, 475.54
612.56, 727.41, 600.49
726.20, 474.18, 348.33
729.49, 474.64, 473.28
732.79, 475.09, 598.24
728.55, 599.16, 347.81
731.85, 599.61, 472.77
735.14, 600.07, 597.72
730.90, 724.13, 347.29
734.20, 724.59, 472.25
737.49, 725.05, 597.20
851.13, 471.82, 345.04
854.43, 472.27, 470.00
857.73, 472.73, 594.95
853.48, 596.79, 344.52
856.78, 597.25, 469.48
860.08, 597.71, 594.43
855.83, 721.77, 344.00
859.13, 722.23, 468.96
862.43, 722.68, 593.91
599.24, 476.74, 474.61
600.89, 474.22, 599.57
602.53, 471.70, 724.53
602.81, 601.67, 477.08
604.46, 599.15, 602.04
606.11, 596.63, 727.01
606.39, 726.59, 479.55
608.04, 724.07, 604.51
609.69, 721.55, 729.48
724.17, 473.20, 472.89
725.82, 470.68, 597.85
727.47, 468.16, 722.81
727.75, 598.12, 475.36
729.40, 595.60, 600.32
731.05, 593.08, 725.29
731.33, 723.05, 477.83
732.97, 720.53, 602.79
734.62, 718.01, 727.76
849.11, 469.66, 471.17
850.76, 467.14, 596.13
852.41, 464.62, 721.09
852.69, 594.58, 473.64
854.34, 592.06, 598.60
855.99, 589.54, 723.57
856.26, 719.51, 476.11
857.91, 716.99, 601.07
859.56, 714.47, 726.04
599.04, 476.95, 599.65
600.95, 475.54, 724.63
602.86, 474.12, 849.61
598.43, 601.94, 601.08
600.34, 600.53, 726.05
602.24, 599.11, 851.03
597.81, 726.93, 602.50
599.72, 725.52, 727.48
601.63, 724.10, 852.45
724.03, 477.58, 597.75
725.94, 476.17, 722.73
727.84, 474.76, 847.71
723.41, 602.58, 599.18
725.32, 601.16, 724.15
727.23, 599.75, 849.13
722.80, 727.57, 600.60
724.70, 726.15, 725.57
726.61, 724.74, 850.55
849.01, 478.22, 595.85
850.92, 476.81, 720.83
852.83, 475.40, 845.81
848.40, 603.21, 597.27
850.30, 601.80, 722.25
852.21, 600.39, 847.23
847.78, 728.20, 598.70
849.69, 726.79, 723.67
851.60, 725.38, 848.65
601.28, 599.94, 101.81
603.62, 602.32, 226.77
605.97, 604.70, 351.72
604.39, 724.88, 99.38
606.74, 727.26, 224.33
609.09, 729.63, 349.29
607.51, 849.82, 96.95
609.85, 852.19, 221.90
612.20, 854.57, 346.86
726.21, 596.78, 99.53
728.56, 599.16, 224.48
730.91, 601.54, 349.44
729.33, 721.72, 97.09
731.68, 724.10, 222.05
734.03, 726.47, 347.00
732.45, 846.66, 94.66
734.79, 849.03, 219.61
737.14, 851.41, 344.57
851.15, 593.62, 97.24
853.50, 596.00, 222.19
855.85, 598.38, 347.15
854.27, 718.56, 94.80
856.62, 720.94, 219.76
858.96, 723.31, 344.72
857.38, 843.50, 92.37
859.73, 845.88, 217.33
862.08, 848.25, 342.28
600.75, 599.88, 223.15
600.00, 603.42, 348.09
599.26, 606.96, 473.04
601.24, 724.83, 219.61
600.49, 728.37, 344.56
599.75, 731.91, 469.50
601.73, 849.78, 216.07
600.98, 853.32, 341.02
600.24, 856.86, 465.96
725.74, 599.41, 223.90
725.00, 602.95, 348.85
724.25, 606.49, 473.80
726.24, 724.36, 220.37
725.49, 727.90, 345.31
724.74, 731.44, 470.26
726.73, 849.31, 216.83
725.98, 852.85, 341.78
725.24, 856.39, 466.72
850.74, 598.94, 224.66
850.00, 602.48, 349.61
849.25, 606.02, 474.56
851.23, 723.89, 221.12
850.49, 727.43, 346.07
849.74, 730.97, 471.02
851.72, 848.84, 217.59
850.98, 852.38, 342.53
850.23, 855.92, 467.48
599.99, 599.51, 349.44
598.30, 598.60, 474.43
596.60, 597.68, 599.41
602.04, 724.49, 350.39
600.34, 723.58, 475.37
598.64, 722.66, 600.36
604.08, 849.47, 351.33
602.39, 848.55, 476.32
600.69, 847.64, 601.30
724.97, 597.46, 351.12
723.27, 596.54, 476.11
721.57, 595.62, 601.09
727.01, 722.43, 352.07
725.31, 721.52, 477.05
723.61, 720.60, 602.04
729.06, 847.41, 353.02
727.36, 846.50, 478.00
725.66, 845.58, 602.99
849.94, 595.40, 352.81
848.24, 594.48, 477.79
846.54, 593.56, 602.78
851.98, 720.38, 353.75
850.28, 719.46, 478.74
848.59, 718.54, 603.72
854.03, 845.36, 354.70
852.33, 844.44, 479.68
850.63, 843.52, 604.67
598.36, 601.35, 475.90
598.51, 602.37, 600.90
598.65, 603.38, 725.89
599.78, 726.34, 474.89
599.93, 727.35, 599.88
600.07, 728.36, 724.88
601.20, 851.33, 473.87
601.35, 852.34, 598.87
601.49, 853.35, 723.87
723.35, 599.93, 475.76
723.50, 600.94, 600.76
723.65, 601.96, 725.76
724.77, 724.92, 474.75
724.92, 725.93, 599.75
725.06, 726.94, 724.74
726.19, 849.91, 473.74
726.34, 850.92, 598.73
726.48, 851.93, 723.73
848.34, 598.51, 475.63
848.49, 599.52, 600.63
848.64, 600.54, 725.62
849.76, 723.50, 474.62
849.91, 724.51, 599.61
850.06, 725.52, 724.61
851.18, 848.49, 473.60
851.33, 849.50, 598.60
851.48, 850.51, 723.59
599.26, 598.77, 600.91
596.08, 596.47, 725.85
592.90, 594.18, 850.79
598.61, 723.75, 603.19
595.43, 721.45, 728.13
592.24, 719.15, 853.07
597.96, 848.72, 605.47
594.78, 846.43, 730.41
591.59, 844.13, 855.35
724.22, 599.36, 604.11
721.04, 597.06, 729.04
717.85, 594.77, 853.98
723.57, 724.34, 606.39
720.38, 722.04, 731.32
717.20, 719.75, 856.26
722.92, 849.32, 608.67
719.73, 847.02, 733.60
716.55, 844.72, 858.54
849.18, 599.95, 607.30
845.99, 597.66, 732.24
842.81, 595.36, 857.18
848.53, 724.93, 609.58
845.34, 722.64, 734.52
842.16, 720.34, 859.46
847.87, 849.91, 611.86
844.69, 847.61, 736.80
841.51, 845.32, 861.74
