27, 125, pa2-unknown-h-output1.txt
200.52,  207.87,  193.42
394.19,  407.87,  201.53
98.30, 101.87, 101.98
101.76, 104.63, 226.91
105.23, 107.39, 351.83
99.04, 226.84, 99.20
102.51, 229.60, 224.13
105.97, 232.36, 349.05
99.78, 351.81, 96.43
103.25, 354.56, 221.35
106.71, 357.32, 346.27
223.25, 101.05, 98.54
226.71, 103.81, 223.46
230.18, 106.57, 348.38
223.99, 226.02, 95.76
227.46, 228.78, 220.68
230.92, 231.53, 345.60
224.73, 350.99, 92.98
228.20, 353.74, 217.90
231.66, 356.50, 342.82
348.20, 100.23, 95.09
351.66, 102.99, 220.01
355.13, 105.75, 344.93
348.94, 225.20, 92.31
352.41, 227.96, 217.23
355.87, 230.71, 342.15
349.68, 350.17, 89.53
353.15, 352.92, 214.45
356.61, 355.68, 339.37
100.44, 100.30, 226.55
100.74, 97.79, 351.53
101.04, 95.27, 476.50
99.84, 225.28, 229.07
100.14, 222.76, 354.05
100.44, 220.24, 479.02
99.24, 350.25, 231.59
99.54, 347.73, 356.56
99.83, 345.22, 481.54
225.44, 100.91, 226.27
225.74, 98.40, 351.24
226.04, 95.88, 476.22
224.84, 225.88, 228.78
225.14, 223.37, 353.76
225.43, 220.85, 478.73
224.23, 350.86, 231.30
224.53, 348.34, 356.28
224.83, 345.83, 481.25
350.44, 101.52, 225.98
350.74, 99.00, 350.95
351.04, 96.49, 475.93
349.83, 226.49, 228.50
350.13, 223.98, 353.47
350.43, 221.46, 478.45
349.23, 351.47, 231.01
349.53, 348.95, 355.99
349.83, 346.43, 480.96
99.63, 101.34, 348.13
99.24, 99.74, 473.12
98.86, 98.14, 598.11
100.18, 226.33, 349.73
99.80, 224.73, 474.72
99.42, 223.13, 599.71
100.74, 351.31, 351.33
100.35, 349.72, 476.31
99.97, 348.12, 601.30
224.63, 100.78, 348.51
224.24, 99.18, 473.49
223.86, 97.59, 598.48
225.18, 225.77, 350.10
224.80, 224.17, 475.09
224.41, 222.57, 600.08
225.73, 350.76, 351.70
225.35, 349.16, 476.69
224.97, 347.56, 601.68
349.62, 100.22, 348.88
349.24, 98.62, 473.87
348.86, 97.03, 598.86
350.18, 225.21, 350.48
349.80, 223.61, 475.47
349.41, 222.02, 600.46
350.73, 350.20, 352.08
350.35, 348.60, 477.07
349.97, 347.00, 602.06
99.14, 99.18, 475.62
101.18, 100.00, 600.60
103.22, 100.82, 725.58
100.66, 224.17, 474.78
102.70, 224.99, 599.76
104.74, 225.81, 724.74
102.18, 349.16, 473.93
104.22, 349.98, 598.91
106.26, 350.80, 723.89
224.11, 97.65, 473.59
226.15, 98.47, 598.57
228.19, 99.29, 723.55
225.63, 222.64, 472.75
227.67, 223.46, 597.73
229.71, 224.27, 722.71
227.16, 347.62, 471.90
229.20, 348.44, 596.88
231.24, 349.26, 721.86
349.08, 96.11, 471.56
351.12, 96.93, 596.54
353.16, 97.75, 721.52
350.61, 221.10, 470.72
352.65, 221.92, 595.70
354.69, 222.74, 720.68
352.13, 346.09, 469.87
354.17, 346.91, 594.85
356.21, 347.73, 719.84
99.81, 101.86, 599.78
100.47, 98.57, 724.74
101.12, 95.27, 849.69
103.57, 226.76, 603.06
104.22, 223.47, 728.01
104.87, 220.17, 852.97
107.32, 351.67, 606.34
107.97, 348.37, 731.29
108.63, 345.07, 856.25
224.76, 98.13, 599.03
225.41, 94.83, 723.99
226.06, 91.54, 848.94
228.51, 223.03, 602.31
229.16, 219.73, 727.26
229.82, 216.44, 852.22
232.26, 347.93, 605.58
232.91, 344.63, 730.54
233.57, 341.34, 855.49
349.70, 94.40, 598.28
350.35, 91.10, 723.23
351.01, 87.80, 848.19
353.45, 219.30, 601.56
354.10, 216.00, 726.51
354.76, 212.70, 851.47
357.20, 344.20, 604.83
357.86, 340.90, 729.79
358.51, 337.60, 854.74
100.94, 223.53, 101.83
101.67, 227.06, 226.78
102.40, 230.58, 351.73
101.27, 348.48, 98.31
102.00, 352.01, 223.25
102.73, 355.53, 348.20
101.60, 473.43, 94.78
102.33, 476.96, 219.72
103.06, 480.48, 344.67
225.94, 223.18, 101.12
226.67, 226.71, 226.06
227.39, 230.23, 351.01
226.27, 348.13, 97.59
227.00, 351.65, 222.53
227.73, 355.18, 347.48
226.60, 473.08, 94.06
227.33, 476.60, 219.01
228.06, 480.13, 343.95
350.94, 222.83, 100.40
351.66, 226.35, 225.34
352.39, 229.88, 350.29
351.27, 347.78, 96.87
352.00, 351.30, 221.82
352.72, 354.83, 346.76
351.60, 472.73, 93.34
352.33, 476.25, 218.29
353.06, 479.78, 343.23
100.84, 223.38, 224.95
100.31, 224.95, 349.94
99.78, 226.51, 474.93
102.14, 348.37, 223.39
101.61, 349.93, 348.38
101.08, 351.49, 473.37
103.44, 473.35, 221.83
102.91, 474.91, 346.82
102.37, 476.48, 471.81
225.84, 222.09, 225.50
225.30, 223.66, 350.49
224.77, 225.22, 475.48
227.13, 347.08, 223.94
226.60, 348.64, 348.93
226.07, 350.20, 473.92
228.43, 472.06, 222.38
227.90, 473.62, 347.37
227.37, 475.19, 472.36
350.83, 220.80, 226.04
350.30, 222.37, 351.03
349.77, 223.93, 476.02
352.12, 345.79, 224.49
351.59, 347.35, 349.48
351.06, 348.91, 474.46
353.42, 470.77, 222.93
352.89, 472.33, 347.92
352.36, 473.90, 472.91
99.10, 224.34, 350.49
99.87, 223.60, 475.48
100.63, 222.87, 600.48
96.05, 349.30, 351.24
96.81, 348.56, 476.24
97.58, 347.83, 601.23
92.99, 474.26, 352.00
93.76, 473.52, 476.99
94.52, 472.79, 601.99
224.06, 227.40, 349.74
224.83, 226.66, 474.74
225.59, 225.93, 599.73
221.01, 352.36, 350.50
221.77, 351.62, 475.49
222.54, 350.89, 600.49
217.95, 477.32, 351.25
218.72, 476.58, 476.24
219.48, 475.85, 601.24
349.02, 230.46, 349.00
349.79, 229.72, 473.99
350.55, 228.99, 598.99
345.97, 355.42, 349.75
346.73, 354.68, 474.74
347.50, 353.95, 599.74
342.91, 480.38, 350.50
343.68, 479.64, 475.50
344.44, 478.91, 600.49
98.35, 225.80, 476.82
97.42, 224.15, 601.81
96.50, 222.50, 726.79
98.10, 350.79, 478.47
97.18, 349.14, 603.46
96.25, 347.49, 728.44
97.85, 475.78, 480.12
96.93, 474.12, 605.11
96.00, 472.47, 730.09
223.34, 226.03, 477.75
222.42, 224.38, 602.74
221.49, 222.73, 727.72
223.10, 351.02, 479.40
222.17, 349.37, 604.39
221.25, 347.72, 729.37
222.85, 476.01, 481.05
221.92, 474.36, 606.03
221.00, 472.71, 731.02
348.34, 226.27, 478.68
347.42, 224.62, 603.67
346.49, 222.97, 728.65
348.09, 351.26, 480.33
347.17, 349.61, 605.31
346.24, 347.96, 730.30
347.85, 476.24, 481.98
346.92, 474.59, 606.96
346.00, 472.94, 731.95
100.37, 225.41, 599.65
101.48, 223.48, 724.63
102.59, 221.55, 849.61
98.81, 350.38, 601.60
99.92, 348.45, 726.58
101.04, 346.52, 851.56
97.26, 475.36, 603.54
98.37, 473.43, 728.52
99.48, 471.50, 853.50
225.35, 226.98, 598.57
226.46, 225.05, 723.55
227.58, 223.12, 848.53
223.80, 351.96, 600.51
224.91, 350.03, 725.49
226.02, 348.10, 850.47
222.24, 476.93, 602.45
223.35, 475.00, 727.43
224.47, 473.07, 852.41
350.34, 228.55, 597.48
351.45, 226.62, 722.46
352.56, 224.69, 847.44
348.78, 353.53, 599.42
349.89, 351.60, 724.40
351.01, 349.67, 849.38
347.23, 478.50, 601.36
348.34, 476.57, 726.34
349.45, 474.64, 851.32
101.16, 350.92, 99.56
98.21, 353.87, 224.49
95.27, 356.82, 349.42
102.93, 475.88, 96.65
99.98, 478.83, 221.58
97.03, 481.78, 346.51
104.69, 600.83, 93.74
101.75, 603.78, 218.67
98.80, 606.73, 343.60
226.11, 349.23, 102.54
223.17, 352.18, 227.47
220.22, 355.13, 352.40
227.88, 474.18, 99.63
224.93, 477.13, 224.56
221.99, 480.08, 349.49
229.64, 599.13, 96.72
226.70, 602.09, 221.65
223.75, 605.04, 346.59
351.07, 347.53, 105.53
348.12, 350.48, 230.46
345.17, 353.43, 355.39
352.83, 472.48, 102.62
349.89, 475.44, 227.55
346.94, 478.39, 352.48
354.60, 597.44, 99.71
351.65, 600.39, 224.64
348.71, 603.34, 349.57
98.76, 350.69, 223.92
97.33, 352.13, 348.90
95.91, 353.56, 473.89
96.95, 475.67, 222.46
95.52, 477.10, 347.45
94.09, 478.54, 472.43
95.13, 600.65, 221.01
93.70, 602.08, 345.99
92.27, 603.52, 470.98
223.74, 352.53, 225.33
222.31, 353.96, 350.31
220.88, 355.39, 475.29
221.92, 477.50, 223.87
220.50, 478.94, 348.86
219.07, 480.37, 473.84
220.11, 602.48, 222.42
218.68, 603.92, 347.40
217.25, 605.35, 472.38
348.72, 354.36, 226.73
347.29, 355.79, 351.72
345.86, 357.23, 476.70
346.90, 479.34, 225.28
345.47, 480.77, 350.26
344.05, 482.20, 475.25
345.09, 604.32, 223.83
343.66, 605.75, 348.81
342.23, 607.18, 473.79
99.08, 348.03, 350.51
99.14, 350.93, 475.47
99.20, 353.83, 600.44
95.42, 472.95, 347.61
95.48, 475.84, 472.58
95.54, 478.74, 597.54
91.76, 597.86, 344.72
91.83, 600.76, 469.68
91.89, 603.66, 594.65
224.03, 351.69, 350.36
224.09, 354.59, 475.33
224.15, 357.49, 600.29
220.37, 476.60, 347.47
220.43, 479.50, 472.43
220.49, 482.40, 597.40
216.71, 601.52, 344.57
216.77, 604.41, 469.54
216.83, 607.31, 594.50
348.98, 355.35, 350.22
349.04, 358.24, 475.18
349.10, 361.14, 600.15
345.32, 480.26, 347.32
345.38, 483.16, 472.29
345.44, 486.05, 597.25
341.66, 605.17, 344.43
341.72, 608.07, 469.39
341.78, 610.97, 594.36
98.79, 349.40, 473.55
101.25, 346.40, 598.49
103.71, 343.39, 723.43
95.97, 474.33, 476.62
98.43, 471.33, 601.56
100.88, 468.32, 726.50
93.14, 599.26, 479.68
95.60, 596.26, 604.62
98.06, 593.25, 729.56
223.74, 352.29, 471.17
226.19, 349.28, 596.11
228.65, 346.27, 721.05
220.91, 477.22, 474.23
223.37, 474.21, 599.17
225.83, 471.20, 724.11
218.09, 602.15, 477.29
220.55, 599.14, 602.23
223.00, 596.13, 727.17
348.68, 355.17, 468.78
351.14, 352.16, 593.72
353.60, 349.15, 718.66
345.86, 480.10, 471.84
348.31, 477.09, 596.78
350.77, 474.08, 721.72
343.03, 605.03, 474.90
345.49, 602.02, 599.84
347.95, 599.01, 724.78
101.64, 351.21, 601.33
101.06, 350.17, 726.33
100.47, 349.13, 851.32
105.01, 476.16, 602.39
104.42, 475.12, 727.38
103.83, 474.08, 852.38
108.37, 601.11, 603.44
107.79, 600.07, 728.44
107.20, 599.03, 853.43
226.60, 347.84, 601.89
226.01, 346.80, 726.89
225.42, 345.76, 851.88
229.96, 472.79, 602.95
229.38, 471.75, 727.94
228.79, 470.71, 852.94
233.33, 597.74, 604.00
232.74, 596.70, 729.00
232.15, 595.66, 853.99
351.55, 344.47, 602.45
350.96, 343.43, 727.45
350.38, 342.39, 852.44
354.92, 469.42, 603.51
354.33, 468.38, 728.50
353.74, 467.34, 853.50
358.28, 594.37, 604.56
357.69, 593.33, 729.56
357.11, 592.29, 854.55
99.07, 475.61, 101.52
102.29, 472.66, 226.45
105.50, 469.70, 351.37
99.28, 600.57, 104.47
102.49, 597.62, 229.40
105.71, 594.67, 354.32
99.48, 725.54, 107.42
102.70, 722.59, 232.34
105.91, 719.63, 357.27
224.03, 475.48, 98.30
227.24, 472.53, 223.23
230.46, 469.57, 348.15
224.23, 600.45, 101.25
227.45, 597.49, 226.18
230.66, 594.54, 351.10
224.44, 725.41, 104.20
227.65, 722.46, 229.12
230.87, 719.50, 354.05
348.99, 475.35, 95.08
352.20, 472.40, 220.01
355.42, 469.45, 344.93
349.19, 600.32, 98.03
352.41, 597.36, 222.96
355.62, 594.41, 347.88
349.40, 725.28, 100.98
352.61, 722.33, 225.91
355.83, 719.38, 350.83
99.67, 473.72, 225.30
98.23, 474.70, 350.29
96.79, 475.68, 475.28
97.72, 598.70, 224.30
96.28, 599.68, 349.29
94.84, 600.66, 474.27
95.76, 723.68, 223.30
94.32, 724.66, 348.28
92.88, 725.64, 473.27
224.65, 475.69, 226.73
223.21, 476.67, 351.71
221.77, 477.65, 476.70
222.69, 600.67, 225.72
221.25, 601.65, 350.71
219.81, 602.63, 475.70
220.74, 725.65, 224.72
219.30, 726.63, 349.71
217.86, 727.61, 474.70
349.62, 477.66, 228.15
348.18, 478.63, 353.14
346.74, 479.61, 478.13
347.67, 602.64, 227.15
346.23, 603.62, 352.14
344.79, 604.60, 477.12
345.71, 727.62, 226.15
344.27, 728.60, 351.13
342.83, 729.58, 476.12
98.30, 474.12, 349.35
98.61, 471.06, 474.31
98.93, 468.01, 599.28
98.87, 599.08, 352.41
99.19, 596.02, 477.37
99.51, 592.97, 602.33
99.45, 724.04, 355.46
99.77, 720.99, 480.42
100.08, 717.93, 605.38
223.29, 473.55, 349.02
223.61, 470.50, 473.98
223.93, 467.44, 598.95
223.87, 598.51, 352.07
224.19, 595.46, 477.04
224.51, 592.40, 602.00
224.45, 723.47, 355.13
224.76, 720.42, 480.09
225.08, 717.36, 605.05
348.29, 472.98, 348.69
348.61, 469.93, 473.65
348.93, 466.87, 598.61
348.87, 597.94, 351.74
349.19, 594.89, 476.70
349.50, 591.84, 601.67
349.44, 722.90, 354.79
349.76, 719.85, 479.76
350.08, 716.80, 604.72
99.62, 473.91, 474.69
97.18, 475.61, 599.66
94.74, 477.31, 724.62
100.62, 598.89, 473.01
98.18, 600.59, 597.98
95.74, 602.29, 722.94
101.62, 723.88, 471.33
99.17, 725.58, 596.30
96.73, 727.28, 721.26
224.60, 472.94, 477.15
222.15, 474.64, 602.12
219.71, 476.34, 727.08
225.59, 597.93, 475.47
223.15, 599.63, 600.43
220.71, 601.33, 725.40
226.59, 722.91, 473.79
224.15, 724.61, 598.75
221.70, 726.31, 723.72
349.57, 471.98, 479.61
347.13, 473.68, 604.57
344.68, 475.38, 729.54
350.56, 596.97, 477.92
348.12, 598.67, 602.89
345.68, 600.37, 727.85
351.56, 721.95, 476.24
349.12, 723.65, 601.21
346.68, 725.35, 726.17
101.21, 475.26, 601.85
99.81, 475.20, 726.84
98.40, 475.13, 851.83
97.47, 600.21, 601.87
96.07, 600.14, 726.87
94.66, 600.07, 851.86
93.73, 725.15, 601.90
92.33, 725.08, 726.89
90.92, 725.02, 851.88
226.15, 479.00, 603.26
224.74, 478.94, 728.25
223.34, 478.87, 853.24
222.41, 603.95, 603.28
221.00, 603.88, 728.27
219.60, 603.81, 853.26
218.67, 728.89, 603.30
217.26, 728.82, 728.29
215.86, 728.76, 853.29
351.08, 482.74, 604.66
349.68, 482.68, 729.65
348.28, 482.61, 854.65
347.34, 607.68, 604.68
345.94, 607.62, 729.68
344.53, 607.55, 854.67
343.60, 732.63, 604.71
342.20, 732.56, 729.70
340.79, 732.50, 854.69
100.50, 600.55, 99.14
97.61, 602.18, 224.10
94.72, 603.82, 349.05
102.17, 725.52, 97.54
99.28, 727.16, 222.50
96.39, 728.80, 347.46
103.84, 850.50, 95.95
100.95, 852.14, 220.90
98.06, 853.78, 345.86
225.46, 598.91, 102.05
222.56, 600.55, 227.01
219.67, 602.19, 351.97
227.13, 723.89, 100.46
224.23, 725.53, 225.41
221.34, 727.17, 350.37
228.79, 848.87, 98.86
225.90, 850.51, 223.82
223.01, 852.14, 348.77
350.41, 597.28, 104.97
347.52, 598.92, 229.92
344.63, 600.55, 354.88
352.08, 722.26, 103.37
349.19, 723.90, 228.33
346.30, 725.53, 353.28
353.75, 847.24, 101.77
350.86, 848.88, 226.73
347.97, 850.51, 351.68
100.17, 601.38, 224.17
97.28, 597.77, 349.08
94.39, 594.17, 474.00
103.56, 726.28, 227.85
100.67, 722.67, 352.76
97.78, 719.07, 477.68
106.95, 851.17, 231.53
104.06, 847.57, 356.44
101.17, 843.97, 481.36
225.09, 597.90, 226.96
222.20, 594.30, 351.87
219.31, 590.70, 476.79
228.48, 722.80, 230.64
225.59, 719.20, 355.55
222.70, 715.60, 480.47
231.87, 847.70, 234.32
228.98, 844.10, 359.23
226.09, 840.50, 484.15
350.01, 594.43, 229.75
347.12, 590.82, 354.67
344.23, 587.22, 479.58
353.40, 719.33, 233.43
350.51, 715.72, 358.35
347.62, 712.12, 483.26
356.79, 844.23, 237.11
353.90, 840.62, 362.03
351.01, 837.02, 486.94
101.79, 599.54, 351.19
99.86, 598.44, 476.17
97.92, 597.34, 601.15
98.53, 724.50, 352.24
96.60, 723.40, 477.22
94.66, 722.29, 602.20
95.28, 849.45, 353.29
93.34, 848.35, 478.27
91.41, 847.25, 603.26
226.73, 602.78, 353.16
224.80, 601.68, 478.14
222.86, 600.58, 603.12
223.48, 727.74, 354.21
221.54, 726.64, 479.19
219.61, 725.53, 604.17
220.22, 852.69, 355.26
218.29, 851.59, 480.24
216.35, 850.49, 605.22
351.68, 606.02, 355.12
349.74, 604.92, 480.10
347.81, 603.82, 605.08
348.42, 730.98, 356.17
346.48, 729.88, 481.15
344.55, 728.77, 606.13
345.16, 855.93, 357.22
343.23, 854.83, 482.20
341.29, 853.73, 607.18
101.85, 599.51, 476.83
100.79, 601.96, 601.80
99.73, 604.42, 726.77
105.19, 724.44, 474.40
104.12, 726.90, 599.37
103.06, 729.35, 724.35
108.52, 849.37, 471.98
107.46, 851.83, 596.95
106.40, 854.28, 721.92
226.80, 596.20, 477.96
225.74, 598.65, 602.93
224.68, 601.10, 727.90
230.14, 721.13, 475.53
229.08, 723.58, 600.50
228.01, 726.04, 725.47
233.47, 846.06, 473.11
232.41, 848.51, 598.08
231.35, 850.97, 723.05
351.76, 592.88, 479.08
350.69, 595.34, 604.06
349.63, 597.79, 729.03
355.09, 717.82, 476.66
354.03, 720.27, 601.63
352.96, 722.72, 726.60
358.42, 842.75, 474.24
357.36, 845.20, 599.21
356.30, 847.66, 724.18
99.70, 601.79, 598.78
96.08, 602.68, 723.73
92.46, 603.58, 848.67
96.90, 726.76, 597.81
93.28, 727.65, 722.76
89.66, 728.54, 847.70
94.10, 851.72, 596.84
90.49, 852.61, 721.78
86.87, 853.50, 846.73
224.61, 604.62, 602.38
221.00, 605.51, 727.33
217.38, 606.40, 852.27
221.82, 729.58, 601.41
218.20, 730.47, 726.35
214.58, 731.36, 851.30
219.02, 854.55, 600.44
215.40, 855.44, 725.38
211.78, 856.33, 850.32
349.53, 607.44, 605.98
345.91, 608.33, 730.92
342.29, 609.22, 855.87
346.73, 732.41, 605.00
343.12, 733.30, 729.95
339.50, 734.19, 854.89
343.94, 857.37, 604.03
340.32, 858.26, 728.98
336.70, 859.15, 853.92
224.94, 100.41, 100.42
224.64, 100.60, 225.42
224.34, 100.79, 350.42
226.49, 225.40, 100.24
226.19, 225.59, 225.24
225.89, 225.78, 350.24
228.04, 350.39, 100.05
227.74, 350.58, 225.05
227.43, 350.77, 350.05
349.93, 98.86, 100.73
349.63, 99.05, 225.73
349.33, 99.24, 350.73
351.48, 223.85, 100.54
351.18, 224.04, 225.54
350.88, 224.23, 350.54
353.03, 348.84, 100.36
352.73, 349.03, 225.36
352.42, 349.22, 350.36
474.92, 97.32, 101.03
474.62, 97.51, 226.03
474.32, 97.70, 351.03
476.47, 222.31, 100.85
476.17, 222.50, 225.85
475.87, 222.69, 350.85
478.02, 347.30, 100.66
477.72, 347.49, 225.66
477.41, 347.68, 350.66
226.35, 101.47, 224.66
223.55, 101.61, 349.63
220.74, 101.74, 474.60
225.86, 226.47, 224.51
223.05, 226.60, 349.48
220.25, 226.74, 474.45
225.36, 351.47, 224.37
222.56, 351.60, 349.33
219.76, 351.74, 474.30
351.32, 101.97, 227.46
348.51, 102.10, 352.43
345.71, 102.24, 477.40
350.82, 226.97, 227.31
348.02, 227.10, 352.28
345.22, 227.24, 477.25
350.33, 351.96, 227.17
347.53, 352.10, 352.14
344.73, 352.24, 477.10
476.28, 102.46, 230.26
473.48, 102.60, 355.23
470.68, 102.73, 480.20
475.79, 227.46, 230.12
472.99, 227.60, 355.08
470.19, 227.73, 480.05
475.30, 352.46, 229.97
472.50, 352.60, 354.94
469.69, 352.73, 479.91
226.04, 98.72, 350.82
227.93, 99.18, 475.80
229.81, 99.63, 600.79
222.95, 223.68, 350.41
224.84, 224.14, 475.40
226.72, 224.59, 600.38
219.86, 348.65, 350.01
221.75, 349.10, 474.99
223.63, 349.55, 599.98
350.99, 101.81, 348.92
352.88, 102.26, 473.90
354.76, 102.71, 598.89
347.90, 226.77, 348.51
349.79, 227.22, 473.50
351.67, 227.67, 598.48
344.81, 351.73, 348.11
346.70, 352.18, 473.09
348.58, 352.63, 598.08
475.94, 104.89, 347.02
477.82, 105.34, 472.01
479.71, 105.79, 596.99
472.85, 229.85, 346.62
474.73, 230.30, 471.60
476.62, 230.76, 596.59
469.76, 354.81, 346.21
471.64, 355.26, 471.20
473.53, 355.72, 596.18
224.14, 99.22, 475.91
223.31, 96.63, 600.88
222.47, 94.04, 725.85
224.47, 224.20, 478.50
223.64, 221.60, 603.47
222.80, 219.01, 728.44
224.80, 349.17, 481.10
223.97, 346.58, 606.07
223.13, 343.98, 731.04
349.14, 98.88, 476.74
348.30, 96.28, 601.71
347.46, 93.69, 726.68
349.47, 223.85, 479.33
348.63, 221.26, 604.30
347.79, 218.66, 729.27
349.80, 348.82, 481.93
348.96, 346.23, 606.90
348.12, 343.64, 731.87
474.14, 98.53, 477.57
473.30, 95.94, 602.54
472.46, 93.34, 727.51
474.47, 223.50, 480.16
473.63, 220.91, 605.14
472.79, 218.32, 730.11
474.80, 348.47, 482.76
473.96, 345.88, 607.73
473.12, 343.29, 732.70
223.54, 101.15, 599.30
226.82, 99.76, 724.25
230.11, 98.36, 849.20
227.03, 226.10, 600.61
230.32, 224.70, 725.56
233.60, 223.30, 850.51
230.52, 351.04, 601.92
233.81, 349.65, 726.86
237.10, 348.25, 851.81
348.45, 97.70, 595.98
351.73, 96.30, 720.93
355.02, 94.90, 845.88
351.94, 222.64, 597.28
355.23, 221.24, 722.23
358.51, 219.85, 847.18
355.43, 347.59, 598.59
358.72, 346.19, 723.54
362.01, 344.79, 848.49
473.35, 94.24, 592.65
476.64, 92.84, 717.60
479.93, 91.44, 842.55
476.85, 219.19, 593.96
480.13, 217.79, 718.91
483.42, 216.39, 843.86
480.34, 344.13, 595.27
483.63, 342.73, 720.22
486.91, 341.33, 845.16
225.77, 224.25, 98.23
227.88, 222.33, 223.19
229.98, 220.40, 348.16
228.68, 349.20, 100.10
230.78, 347.28, 225.07
232.89, 345.35, 350.04
231.58, 474.16, 101.98
233.68, 472.23, 226.94
235.79, 470.31, 351.91
350.72, 221.38, 96.08
352.83, 219.46, 221.04
354.93, 217.53, 346.01
353.63, 346.33, 97.95
355.73, 344.41, 222.92
357.83, 342.48, 347.89
356.53, 471.29, 99.83
358.63, 469.36, 224.80
360.74, 467.44, 349.76
475.67, 218.51, 93.93
477.78, 216.59, 218.90
479.88, 214.66, 343.86
478.57, 343.46, 95.80
480.68, 341.54, 220.77
482.78, 339.61, 345.74
481.48, 468.42, 97.68
483.58, 466.49, 222.65
485.69, 464.56, 347.61
223.51, 223.30, 225.69
222.59, 220.36, 350.65
221.68, 217.41, 475.61
226.97, 348.22, 228.66
226.06, 345.27, 353.62
225.14, 342.33, 478.58
230.43, 473.14, 231.63
229.52, 470.19, 356.59
228.61, 467.24, 481.56
348.46, 219.82, 226.52
347.54, 216.87, 351.48
346.63, 213.93, 476.45
351.92, 344.74, 229.49
351.01, 341.79, 354.45
350.09, 338.84, 479.42
355.38, 469.65, 232.46
354.47, 466.71, 357.42
353.55, 463.76, 482.39
473.41, 216.34, 227.35
472.49, 213.39, 352.31
471.58, 210.44, 477.28
476.87, 341.25, 230.32
475.95, 338.31, 355.29
475.04, 335.36, 480.25
480.33, 466.17, 233.29
479.42, 463.22, 358.26
478.50, 460.28, 483.22
225.25, 223.11, 349.87
222.87, 226.10, 474.82
220.49, 229.08, 599.76
223.08, 348.06, 346.85
220.70, 351.04, 471.79
218.32, 354.03, 596.73
220.92, 473.00, 343.82
218.54, 475.99, 468.76
216.15, 478.97, 593.71
350.21, 225.34, 352.20
347.83, 228.32, 477.15
345.44, 231.31, 602.09
348.04, 350.28, 349.18
345.66, 353.27, 474.12
343.28, 356.25, 599.06
345.88, 475.23, 346.15
343.49, 478.21, 471.09
341.11, 481.20, 596.04
475.17, 227.56, 354.53
472.79, 230.55, 479.48
470.40, 233.53, 604.42
473.00, 352.51, 351.51
470.62, 355.49, 476.45
468.24, 358.47, 601.39
470.83, 477.45, 348.48
468.45, 480.43, 473.42
466.07, 483.42, 598.37
226.90, 226.26, 474.50
225.09, 229.72, 599.44
223.29, 233.18, 724.38
224.76, 351.19, 471.01
222.95, 354.65, 595.95
221.15, 358.11, 720.88
222.62, 476.12, 467.51
220.81, 479.58, 592.45
219.01, 483.05, 717.39
351.87, 228.44, 476.24
350.06, 231.91, 601.18
348.25, 235.37, 726.12
349.73, 353.38, 472.75
347.92, 356.84, 597.69
346.12, 360.30, 722.63
347.59, 478.31, 469.26
345.78, 481.77, 594.20
343.98, 485.23, 719.14
476.83, 230.63, 477.99
475.03, 234.10, 602.93
473.22, 237.56, 727.87
474.70, 355.57, 474.50
472.89, 359.03, 599.44
471.08, 362.49, 724.38
472.56, 480.50, 471.00
470.75, 483.96, 595.94
468.95, 487.42, 720.88
225.94, 224.71, 598.04
228.15, 224.90, 723.02
230.37, 225.09, 848.00
225.96, 349.71, 597.85
228.18, 349.90, 722.83
230.39, 350.09, 847.81
225.98, 474.71, 597.67
228.20, 474.90, 722.65
230.42, 475.09, 847.63
350.92, 224.69, 595.82
353.13, 224.87, 720.80
355.35, 225.06, 845.78
350.94, 349.69, 595.64
353.16, 349.87, 720.62
355.37, 350.06, 845.60
350.96, 474.69, 595.45
353.18, 474.87, 720.43
355.40, 475.06, 845.41
475.90, 224.66, 593.61
478.11, 224.85, 718.59
480.33, 225.03, 843.57
475.92, 349.66, 593.42
478.14, 349.85, 718.40
480.35, 350.03, 843.38
475.94, 474.66, 593.23
478.16, 474.85, 718.21
480.38, 475.03, 843.19
223.06, 350.73, 101.55
220.53, 347.13, 226.48
218.00, 343.54, 351.40
222.85, 475.68, 105.15
220.32, 472.08, 230.07
217.79, 468.48, 354.99
222.64, 600.62, 108.74
220.11, 597.03, 233.66
217.58, 593.43, 358.58
348.03, 350.86, 104.09
345.50, 347.27, 229.01
342.97, 343.67, 353.93
347.82, 475.81, 107.68
345.30, 472.22, 232.60
342.77, 468.62, 357.52
347.62, 600.76, 111.27
345.09, 597.16, 236.19
342.56, 593.57, 361.12
473.01, 351.00, 106.62
470.48, 347.40, 231.54
467.95, 343.81, 356.47
472.80, 475.95, 110.21
470.27, 472.35, 235.14
467.74, 468.76, 360.06
472.59, 600.90, 113.81
470.06, 597.30, 238.73
467.53, 593.70, 363.65
223.74, 350.36, 223.82
225.12, 348.19, 348.79
226.51, 346.02, 473.76
222.98, 475.34, 225.99
224.37, 473.17, 350.97
225.76, 471.00, 475.94
222.22, 600.32, 228.17
223.61, 598.15, 353.15
225.00, 595.98, 478.12
348.73, 351.14, 222.44
350.11, 348.97, 347.41
351.50, 346.80, 472.39
347.97, 476.12, 224.62
349.36, 473.95, 349.59
350.75, 471.78, 474.57
347.21, 601.10, 226.80
348.60, 598.93, 351.77
349.99, 596.76, 476.75
473.72, 351.92, 221.07
475.10, 349.75, 346.04
476.49, 347.58, 471.01
472.96, 476.90, 223.25
474.35, 474.73, 348.22
475.74, 472.56, 473.19
472.20, 601.88, 225.42
473.59, 599.71, 350.40
474.98, 597.54, 475.37
223.89, 348.70, 351.53
222.58, 348.09, 476.52
221.26, 347.49, 601.52
225.70, 473.68, 352.16
224.39, 473.08, 477.15
223.07, 472.47, 602.14
227.51, 598.67, 352.78
226.19, 598.06, 477.77
224.88, 597.46, 602.76
348.87, 346.88, 352.84
347.56, 346.28, 477.83
346.24, 345.67, 602.82
350.68, 471.87, 353.47
349.37, 471.26, 478.46
348.05, 470.66, 603.45
352.49, 596.85, 354.09
351.17, 596.25, 479.08
349.86, 595.64, 604.07
473.85, 345.07, 354.15
472.54, 344.46, 479.14
471.22, 343.86, 604.13
475.66, 470.05, 354.77
474.35, 469.45, 479.77
473.03, 468.85, 604.76
477.47, 595.04, 355.40
476.15, 594.44, 480.39
474.84, 593.83, 605.38
223.44, 348.28, 476.98
220.70, 348.01, 601.95
217.95, 347.75, 726.92
223.47, 473.28, 477.24
220.73, 473.01, 602.21
217.98, 472.75, 727.18
223.51, 598.27, 477.51
220.76, 598.01, 602.48
218.01, 597.75, 727.45
348.41, 348.24, 479.72
345.67, 347.98, 604.69
342.92, 347.71, 729.66
348.44, 473.24, 479.99
345.70, 472.97, 604.96
342.95, 472.71, 729.93
348.47, 598.24, 480.25
345.73, 597.97, 605.22
342.98, 597.71, 730.19
473.38, 348.20, 482.47
470.64, 347.94, 607.44
467.89, 347.67, 732.41
473.41, 473.20, 482.73
470.67, 472.94, 607.70
467.92, 472.67, 732.67
473.44, 598.20, 483.00
470.70, 597.94, 607.97
467.95, 597.67, 732.94
225.30, 349.25, 601.76
225.09, 349.80, 726.76
224.87, 350.36, 851.76
226.40, 474.24, 601.21
226.18, 474.80, 726.20
225.97, 475.35, 851.20
227.49, 599.24, 600.65
227.28, 599.79, 725.65
227.06, 600.34, 850.65
350.30, 348.15, 601.98
350.08, 348.71, 726.98
349.87, 349.26, 851.98
351.39, 473.15, 601.43
351.18, 473.70, 726.42
350.96, 474.26, 851.42
352.49, 598.14, 600.87
352.27, 598.69, 725.87
352.06, 599.25, 850.87
475.29, 347.06, 602.20
475.08, 347.61, 727.20
474.86, 348.17, 852.20
476.39, 472.05, 601.65
476.17, 472.61, 726.64
475.96, 473.16, 851.64
477.48, 597.05, 601.09
477.27, 597.60, 726.09
477.05, 598.15, 851.09
223.10, 476.11, 101.87
224.71, 477.24, 226.86
226.32, 478.37, 351.84
226.48, 601.05, 100.70
228.09, 602.19, 225.68
229.70, 603.32, 350.66
229.86, 726.00, 99.52
231.47, 727.14, 224.50
233.08, 728.27, 349.49
348.04, 472.71, 100.29
349.65, 473.84, 225.28
351.26, 474.97, 350.26
351.42, 597.66, 99.12
353.03, 598.79, 224.10
354.64, 599.92, 349.09
354.81, 722.60, 97.94
356.42, 723.74, 222.92
358.03, 724.87, 347.91
472.98, 469.31, 98.72
474.59, 470.44, 223.70
476.20, 471.58, 348.68
476.37, 594.26, 97.54
477.98, 595.39, 222.52
479.59, 596.53, 347.51
479.75, 719.21, 96.36
481.36, 720.34, 221.34
482.97, 721.47, 346.33
223.03, 473.77, 223.69
219.55, 472.30, 348.63
216.06, 470.83, 473.57
224.89, 598.74, 225.20
221.41, 597.28, 350.15
217.93, 595.81, 475.09
226.76, 723.72, 226.72
223.28, 722.25, 351.67
219.80, 720.79, 476.61
347.97, 471.86, 227.15
344.48, 470.39, 352.09
341.00, 468.92, 477.03
349.83, 596.83, 228.66
346.35, 595.37, 353.61
342.87, 593.90, 478.55
351.70, 721.81, 230.18
348.22, 720.34, 355.13
344.73, 718.88, 480.07
472.90, 469.95, 230.60
469.42, 468.48, 355.55
465.94, 467.02, 480.49
474.77, 594.93, 232.12
471.29, 593.46, 357.07
467.81, 591.99, 482.01
476.64, 719.90, 233.64
473.15, 718.44, 358.59
469.67, 716.97, 483.53
224.65, 474.80, 350.41
226.95, 473.25, 475.38
229.26, 471.69, 600.34
226.77, 599.77, 351.92
229.07, 598.22, 476.89
231.38, 596.67, 601.86
228.89, 724.74, 353.43
231.20, 723.19, 478.40
233.50, 721.64, 603.37
349.61, 472.70, 348.07
351.91, 471.15, 473.04
354.22, 469.60, 598.01
351.73, 597.68, 349.59
354.04, 596.12, 474.56
356.34, 594.57, 599.52
353.85, 722.65, 351.10
356.16, 721.10, 476.07
358.46, 719.55, 601.04
474.57, 470.61, 345.74
476.87, 469.06, 470.71
479.18, 467.51, 595.68
476.69, 595.58, 347.26
479.00, 594.03, 472.22
481.30, 592.48, 597.19
478.81, 720.56, 348.77
481.12, 719.00, 473.74
483.42, 717.45, 598.71
225.15, 474.63, 473.80
221.84, 474.57, 598.75
218.54, 474.50, 723.71
223.36, 599.61, 473.81
220.06, 599.55, 598.77
216.76, 599.49, 723.72
221.58, 724.60, 473.83
218.28, 724.54, 598.78
214.98, 724.48, 723.74
350.09, 476.41, 477.10
346.79, 476.35, 602.06
343.48, 476.28, 727.01
348.31, 601.39, 477.11
345.01, 601.33, 602.07
341.70, 601.27, 727.03
346.53, 726.38, 477.13
343.23, 726.32, 602.09
339.92, 726.26, 727.04
475.03, 478.19, 480.40
471.73, 478.13, 605.36
468.43, 478.06, 730.32
473.25, 603.17, 480.42
469.95, 603.11, 605.37
466.65, 603.05, 730.33
471.47, 728.16, 480.43
468.17, 728.10, 605.39
464.87, 728.04, 730.34
225.41, 474.19, 598.62
223.17, 474.22, 723.60
220.94, 474.24, 848.58
221.90, 599.14, 598.53
219.66, 599.17, 723.51
217.43, 599.19, 848.49
218.39, 724.09, 598.44
216.15, 724.12, 723.42
213.92, 724.14, 848.40
350.34, 477.70, 600.85
348.10, 477.73, 725.83
345.87, 477.75, 850.81
346.83, 602.65, 600.76
344.59, 602.68, 725.74
342.36, 602.70, 850.72
343.32, 727.60, 600.68
341.08, 727.63, 725.66
338.85, 727.65, 850.64
475.27, 481.21, 603.08
473.03, 481.24, 728.06
470.80, 481.26, 853.04
471.76, 606.16, 602.99
469.52, 606.19, 727.97
467.29, 606.21, 852.95
468.25, 731.11, 602.91
466.02, 731.14, 727.89
463.78, 731.16, 852.87
225.67, 598.03, 101.00
226.30, 599.70, 225.99
226.93, 601.36, 350.98
222.31, 722.97, 99.36
222.94, 724.64, 224.34
223.57, 726.31, 349.33
218.95, 847.92, 97.71
219.58, 849.58, 222.69
220.22, 851.25, 347.68
350.62, 601.38, 100.33
351.25, 603.04, 225.31
351.89, 604.71, 350.30
347.26, 726.32, 98.68
347.90, 727.99, 223.67
348.53, 729.66, 348.65
343.90, 851.26, 97.03
344.54, 852.93, 222.02
345.17, 854.60, 347.00
475.57, 604.73, 99.65
476.21, 606.39, 224.64
476.84, 608.06, 349.62
472.22, 729.67, 98.00
472.85, 731.34, 222.99
473.48, 733.00, 347.98
468.86, 854.61, 96.35
469.49, 856.28, 221.34
470.12, 857.95, 346.33
226.75, 601.84, 224.17
228.36, 601.97, 349.16
229.97, 602.10, 474.15
223.07, 726.79, 224.09
224.69, 726.92, 349.08
226.30, 727.05, 474.07
219.40, 851.73, 224.01
221.01, 851.86, 349.00
222.62, 851.99, 473.99
351.69, 605.51, 222.56
353.30, 605.64, 347.55
354.91, 605.78, 472.54
348.01, 730.46, 222.48
349.62, 730.59, 347.46
351.23, 730.72, 472.45
344.33, 855.41, 222.39
345.95, 855.54, 347.38
347.56, 855.67, 472.37
476.62, 609.19, 220.94
478.23, 609.32, 345.93
479.85, 609.45, 470.92
472.95, 734.13, 220.86
474.56, 734.26, 345.85
476.17, 734.40, 470.84
469.27, 859.08, 220.78
470.88, 859.21, 345.77
472.49, 859.34, 470.76
225.46, 600.68, 348.13
223.30, 601.75, 473.11
221.14, 602.83, 598.09
226.51, 725.67, 347.08
224.35, 726.75, 472.05
222.19, 727.82, 597.03
227.56, 850.66, 346.02
225.40, 851.74, 470.99
223.24, 852.81, 595.97
350.44, 599.65, 350.30
348.28, 600.72, 475.28
346.12, 601.80, 600.26
351.49, 724.64, 349.24
349.33, 725.72, 474.22
347.17, 726.79, 599.20
352.54, 849.63, 348.19
350.38, 850.71, 473.16
348.22, 851.78, 598.14
475.42, 598.62, 352.47
473.26, 599.70, 477.45
471.10, 600.77, 602.43
476.46, 723.61, 351.41
474.30, 724.69, 476.39
472.14, 725.76, 601.37
477.51, 848.60, 350.35
475.35, 849.68, 475.33
473.19, 850.75, 600.31
224.58, 598.31, 476.41
221.26, 599.23, 601.37
217.95, 600.15, 726.32
223.32, 723.30, 475.46
220.01, 724.22, 600.41
216.70, 725.14, 725.36
222.07, 848.29, 474.50
218.76, 849.21, 599.45
215.44, 850.13, 724.41
349.53, 599.58, 479.72
346.21, 600.50, 604.67
342.90, 601.43, 729.62
348.27, 724.57, 478.76
344.96, 725.49, 603.71
341.65, 726.42, 728.67
347.02, 849.56, 477.81
343.71, 850.49, 602.76
340.39, 851.41, 727.71
474.48, 600.86, 483.02
471.16, 601.78, 607.98
467.85, 602.70, 732.93
473.22, 725.85, 482.07
469.91, 726.77, 607.02
466.60, 727.69, 731.97
471.97, 850.84, 481.11
468.66, 851.76, 606.06
465.34, 852.68, 731.02
223.95, 599.79, 601.86
226.06, 603.54, 726.79
228.17, 607.28, 851.71
220.53, 724.69, 598.17
222.64, 728.44, 723.10
224.74, 732.18, 848.03
217.10, 849.59, 594.49
219.21, 853.33, 719.41
221.32, 857.08, 844.34
348.89, 603.15, 599.65
351.00, 606.90, 724.57
353.11, 610.64, 849.50
345.46, 728.05, 595.96
347.57, 731.80, 720.89
349.68, 735.54, 845.82
342.03, 852.95, 592.28
344.14, 856.70, 717.20
346.25, 860.44, 842.13
473.82, 606.52, 597.44
475.93, 610.26, 722.36
478.04, 614.00, 847.29
470.40, 731.41, 593.75
472.51, 735.16, 718.68
474.62, 738.90, 843.60
466.97, 856.31, 590.07
469.08, 860.06, 714.99
471.19, 863.80, 839.92
351.81, 99.98, 98.94
350.40, 102.30, 223.91
348.99, 104.62, 348.88
351.90, 224.96, 96.62
350.49, 227.28, 221.59
349.07, 229.60, 346.56
351.99, 349.94, 94.31
350.57, 352.26, 219.28
349.16, 354.58, 344.25
476.81, 99.93, 100.36
475.39, 102.24, 225.33
473.98, 104.56, 350.30
476.89, 224.90, 98.04
475.48, 227.22, 223.01
474.07, 229.54, 347.98
476.98, 349.88, 95.72
475.56, 352.20, 220.69
474.15, 354.52, 345.66
601.80, 99.87, 101.77
600.39, 102.19, 226.74
598.97, 104.50, 351.71
601.88, 224.84, 99.45
600.47, 227.16, 224.42
599.06, 229.48, 349.39
601.97, 349.82, 97.13
600.56, 352.14, 222.10
599.14, 354.46, 347.08
349.85, 100.66, 224.19
350.32, 101.96, 349.18
350.79, 103.27, 474.17
351.05, 225.64, 222.88
351.52, 226.95, 347.87
351.99, 228.25, 472.86
352.25, 350.63, 221.57
352.72, 351.94, 346.56
353.19, 353.24, 471.55
474.84, 99.45, 223.73
475.31, 100.76, 348.72
475.78, 102.06, 473.71
476.04, 224.44, 222.42
476.51, 225.74, 347.41
476.98, 227.05, 472.40
477.24, 349.43, 221.11
477.71, 350.73, 346.10
478.18, 352.04, 471.09
599.84, 98.25, 223.27
600.31, 99.55, 348.26
600.78, 100.86, 473.25
601.04, 223.23, 221.96
601.51, 224.54, 346.95
601.98, 225.84, 471.95
602.24, 348.22, 220.65
602.71, 349.53, 345.64
603.18, 350.83, 470.64
350.44, 100.88, 351.91
352.49, 104.37, 476.84
354.54, 107.86, 601.77
351.72, 225.83, 348.40
353.78, 229.31, 473.33
355.83, 232.80, 598.27
353.01, 350.77, 344.89
355.06, 354.26, 469.82
357.11, 357.74, 594.76
475.41, 99.54, 349.89
477.47, 103.03, 474.82
479.52, 106.51, 599.76
476.70, 224.49, 346.38
478.75, 227.97, 471.32
480.81, 231.46, 596.25
477.98, 349.43, 342.87
480.04, 352.92, 467.81
482.09, 356.40, 592.74
600.39, 98.20, 347.87
602.44, 101.69, 472.81
604.50, 105.17, 597.74
601.67, 223.14, 344.36
603.73, 226.63, 469.30
605.78, 230.12, 594.23
602.96, 348.09, 340.86
605.01, 351.57, 465.79
607.07, 355.06, 590.73
350.77, 98.26, 476.26
351.18, 94.80, 601.21
351.59, 91.33, 726.16
348.80, 223.20, 479.74
349.21, 219.73, 604.69
349.63, 216.26, 729.64
346.83, 348.14, 483.21
347.25, 344.67, 608.16
347.66, 341.20, 733.11
475.76, 100.24, 475.91
476.17, 96.78, 600.86
476.58, 93.31, 725.81
473.79, 225.18, 479.38
474.20, 221.71, 604.33
474.61, 218.24, 729.28
471.82, 350.12, 482.85
472.23, 346.65, 607.80
472.64, 343.18, 732.76
600.74, 102.22, 475.55
601.15, 98.76, 600.50
601.56, 95.29, 725.45
598.77, 227.16, 479.02
599.18, 223.69, 603.97
599.59, 220.22, 728.93
596.80, 352.10, 482.50
597.21, 348.63, 607.45
597.62, 345.16, 732.40
351.69, 101.70, 601.91
353.43, 99.13, 726.87
355.18, 96.57, 851.84
354.55, 226.64, 604.44
356.30, 224.07, 729.40
358.05, 221.51, 854.36
357.42, 351.58, 606.97
359.17, 349.02, 731.93
360.91, 346.45, 856.89
476.64, 98.87, 600.11
478.39, 96.30, 725.07
480.13, 93.74, 850.03
479.51, 223.81, 602.63
481.25, 221.24, 727.60
483.00, 218.68, 852.56
482.37, 348.75, 605.16
484.12, 346.19, 730.12
485.87, 343.62, 855.08
601.60, 96.04, 598.30
603.34, 93.47, 723.26
605.09, 90.91, 848.23
604.46, 220.98, 600.83
606.21, 218.41, 725.79
607.96, 215.85, 850.75
607.33, 345.92, 603.36
609.08, 343.36, 728.32
610.82, 340.79, 853.28
350.26, 225.89, 100.02
348.79, 224.54, 225.00
347.31, 223.18, 349.98
346.53, 350.83, 101.32
345.05, 349.47, 226.31
343.57, 348.12, 351.29
342.79, 475.76, 102.63
341.31, 474.41, 227.62
339.84, 473.06, 352.60
475.20, 229.61, 101.53
473.72, 228.26, 226.52
472.24, 226.90, 351.50
471.46, 354.55, 102.84
469.99, 353.19, 227.83
468.51, 351.84, 352.81
467.73, 479.48, 104.15
466.25, 478.13, 229.13
464.77, 476.78, 354.12
600.13, 233.33, 103.05
598.66, 231.98, 228.03
597.18, 230.62, 353.02
596.40, 358.27, 104.36
594.92, 356.91, 229.34
593.44, 355.56, 354.33
592.66, 483.20, 105.67
591.18, 481.85, 230.65
589.71, 480.50, 355.63
351.02, 225.22, 225.55
352.61, 224.55, 350.54
354.20, 223.88, 475.53
349.87, 350.22, 226.24
351.47, 349.54, 351.23
353.06, 348.87, 476.21
348.73, 475.21, 226.92
350.32, 474.54, 351.91
351.91, 473.86, 476.90
476.00, 226.38, 223.96
477.59, 225.70, 348.95
479.19, 225.03, 473.94
474.86, 351.37, 224.65
476.45, 350.70, 349.64
478.04, 350.03, 474.63
473.71, 476.36, 225.34
475.31, 475.69, 350.32
476.90, 475.02, 475.31
600.99, 227.53, 222.38
602.58, 226.86, 347.37
604.17, 226.19, 472.35
599.84, 352.52, 223.06
601.43, 351.85, 348.05
603.03, 351.18, 473.04
598.70, 477.51, 223.75
600.29, 476.84, 348.74
601.88, 476.17, 473.73
351.94, 224.31, 349.74
350.08, 221.11, 474.69
348.22, 217.91, 599.64
350.66, 349.26, 352.92
348.79, 346.06, 477.87
346.93, 342.86, 602.82
349.37, 474.22, 356.11
347.51, 471.02, 481.05
345.65, 467.82, 606.00
476.92, 225.55, 351.64
475.06, 222.35, 476.58
473.20, 219.15, 601.53
475.64, 350.50, 354.82
473.77, 347.30, 479.76
471.91, 344.10, 604.71
474.35, 475.45, 358.00
472.49, 472.25, 482.94
470.63, 469.05, 607.89
601.90, 226.78, 353.53
600.04, 223.58, 478.48
598.18, 220.38, 603.42
600.62, 351.73, 356.71
598.75, 348.54, 481.66
596.89, 345.34, 606.60
599.33, 476.69, 359.89
597.47, 473.49, 484.84
595.61, 470.29, 609.78
351.54, 224.20, 474.82
355.20, 222.42, 599.75
358.85, 220.64, 724.68
353.56, 349.18, 476.54
357.22, 347.39, 601.48
360.88, 345.61, 726.41
355.58, 474.15, 478.27
359.24, 472.36, 603.20
362.90, 470.58, 728.13
476.47, 222.23, 471.13
480.13, 220.45, 596.06
483.78, 218.67, 721.00
478.49, 347.21, 472.86
482.15, 345.42, 597.79
485.81, 343.64, 722.72
480.51, 472.18, 474.58
484.17, 470.39, 599.51
487.83, 468.61, 724.45
601.40, 220.26, 467.44
605.06, 218.48, 592.38
608.71, 216.70, 717.31
603.42, 345.24, 469.17
607.08, 343.45, 594.10
610.74, 341.67, 719.04
605.44, 470.21, 470.89
609.10, 468.42, 595.83
612.76, 466.64, 720.76
351.60, 226.62, 598.15
348.56, 224.89, 723.10
345.51, 223.17, 848.05
348.12, 351.56, 599.79
345.07, 349.83, 724.74
342.02, 348.11, 849.69
344.64, 476.50, 601.43
341.59, 474.77, 726.38
338.54, 473.05, 851.33
476.52, 230.06, 601.24
473.47, 228.33, 726.19
470.42, 226.61, 851.14
473.04, 355.00, 602.88
469.99, 353.27, 727.83
466.94, 351.55, 852.78
469.55, 479.94, 604.52
466.51, 478.21, 729.47
463.46, 476.49, 854.42
601.43, 233.50, 604.34
598.38, 231.77, 729.29
595.33, 230.05, 854.24
597.95, 358.44, 605.98
594.90, 356.71, 730.93
591.85, 354.99, 855.88
594.47, 483.38, 607.62
591.42, 481.65, 732.57
588.37, 479.93, 857.52
349.87, 350.35, 100.78
347.60, 351.16, 225.76
345.32, 351.97, 350.74
347.63, 475.32, 99.93
345.36, 476.13, 224.91
343.08, 476.94, 349.89
345.39, 600.30, 99.08
343.12, 601.11, 224.06
340.84, 601.92, 349.04
474.83, 352.60, 103.04
472.56, 353.41, 228.02
470.28, 354.22, 353.00
472.59, 477.58, 102.19
470.32, 478.39, 227.17
468.04, 479.20, 352.15
470.35, 602.56, 101.34
468.08, 603.37, 226.32
465.80, 604.18, 351.30
599.79, 354.86, 105.30
597.52, 355.67, 230.28
595.24, 356.48, 355.26
597.55, 479.83, 104.45
595.28, 480.64, 229.43
593.00, 481.45, 354.41
595.31, 604.81, 103.60
593.04, 605.62, 228.58
590.76, 606.43, 353.56
349.15, 351.58, 223.81
348.45, 350.40, 348.81
347.75, 349.23, 473.80
348.35, 476.57, 224.98
347.65, 475.39, 349.97
346.94, 474.22, 474.97
347.55, 601.56, 226.15
346.85, 600.39, 351.14
346.14, 599.21, 476.14
474.15, 352.37, 224.53
473.45, 351.20, 349.52
472.74, 350.03, 474.51
473.35, 477.36, 225.69
472.64, 476.19, 350.69
471.94, 475.02, 475.68
472.55, 602.35, 226.86
471.84, 601.18, 351.86
471.14, 600.01, 476.85
599.15, 353.17, 225.24
598.44, 351.99, 350.23
597.74, 350.82, 475.22
598.34, 478.16, 226.41
597.64, 476.99, 351.40
596.93, 475.81, 476.39
597.54, 603.15, 227.58
596.84, 601.98, 352.57
596.13, 600.81, 477.56
349.65, 351.14, 348.58
347.27, 354.77, 473.51
344.89, 358.39, 598.43
351.77, 476.07, 345.00
349.39, 479.70, 469.93
347.01, 483.32, 594.85
353.90, 601.01, 341.42
351.52, 604.63, 466.35
349.14, 608.25, 591.27
474.60, 349.08, 351.02
472.22, 352.71, 475.95
469.84, 356.33, 600.87
476.73, 474.02, 347.44
474.35, 477.64, 472.37
471.97, 481.26, 597.29
478.86, 598.95, 343.86
476.48, 602.57, 468.79
474.10, 606.19, 593.71
599.56, 347.03, 353.47
597.18, 350.65, 478.39
594.80, 354.27, 603.31
601.69, 471.96, 349.88
599.31, 475.58, 474.81
596.93, 479.20, 599.73
603.82, 596.89, 346.30
601.44, 600.51, 471.23
599.06, 604.13, 596.15
350.65, 349.13, 473.09
351.72, 346.68, 598.06
352.79, 344.23, 723.03
347.04, 474.05, 475.57
348.12, 471.60, 600.54
349.19, 469.15, 725.51
343.44, 598.98, 478.05
344.51, 596.53, 603.02
345.59, 594.08, 727.99
475.59, 352.75, 472.09
476.67, 350.30, 597.06
477.74, 347.85, 722.03
471.99, 477.68, 474.57
473.06, 475.23, 599.54
474.13, 472.78, 724.51
468.38, 602.60, 477.05
469.46, 600.15, 602.02
470.53, 597.70, 726.99
600.54, 356.38, 471.09
601.61, 353.93, 596.06
602.68, 351.48, 721.03
596.93, 481.30, 473.57
598.00, 478.85, 598.54
599.08, 476.40, 723.51
593.33, 606.23, 476.05
594.40, 603.78, 601.02
595.47, 601.33, 725.99
351.75, 350.60, 598.98
352.30, 353.40, 723.95
352.85, 356.20, 848.92
350.44, 475.56, 596.19
350.99, 478.36, 721.15
351.54, 481.16, 846.12
349.14, 600.52, 593.39
349.69, 603.32, 718.36
350.24, 606.13, 843.33
476.74, 351.89, 598.40
477.29, 354.69, 723.37
477.84, 357.49, 848.34
475.43, 476.85, 595.61
475.98, 479.66, 720.57
476.53, 482.46, 845.54
474.13, 601.82, 592.81
474.68, 604.62, 717.78
475.23, 607.42, 842.75
601.73, 353.19, 597.82
602.28, 355.99, 722.79
602.83, 358.79, 847.76
600.42, 478.15, 595.03
600.97, 480.95, 719.99
601.52, 483.75, 844.96
599.12, 603.11, 592.23
599.67, 605.91, 717.20
600.22, 608.71, 842.17
350.67, 474.03, 101.35
351.25, 475.41, 226.34
351.83, 476.78, 351.33
350.96, 599.02, 99.97
351.54, 600.40, 224.96
352.12, 601.78, 349.95
351.25, 724.01, 98.59
351.83, 725.39, 223.58
352.41, 726.77, 348.57
475.67, 473.73, 100.78
476.25, 475.11, 225.77
476.83, 476.49, 350.76
475.96, 598.72, 99.40
476.54, 600.10, 224.39
477.12, 601.48, 349.38
476.25, 723.71, 98.02
476.83, 725.09, 223.01
477.41, 726.47, 348.00
600.67, 473.43, 100.20
601.25, 474.81, 225.19
601.83, 476.19, 350.18
600.96, 598.43, 98.82
601.54, 599.81, 223.81
602.11, 601.19, 348.80
601.25, 723.42, 97.44
601.83, 724.80, 222.43
602.40, 726.18, 347.42
348.85, 473.29, 223.02
352.53, 473.31, 347.96
356.21, 473.33, 472.91
347.81, 598.29, 223.03
351.48, 598.30, 347.98
355.16, 598.32, 472.92
346.76, 723.28, 223.04
350.44, 723.30, 347.99
354.11, 723.32, 472.94
473.80, 474.34, 219.34
477.47, 474.36, 344.29
481.15, 474.37, 469.23
472.75, 599.33, 219.36
476.42, 599.35, 344.30
480.10, 599.37, 469.25
471.70, 724.33, 219.37
475.38, 724.35, 344.31
479.05, 724.36, 469.26
598.74, 475.38, 215.67
602.41, 475.40, 340.61
606.09, 475.42, 465.56
597.69, 600.38, 215.68
601.37, 600.40, 340.63
605.04, 600.42, 465.57
596.64, 725.38, 215.69
600.32, 725.39, 340.64
603.99, 725.41, 465.58
348.32, 474.16, 351.93
349.86, 473.87, 476.92
351.41, 473.59, 601.91
350.18, 599.14, 352.19
351.72, 598.86, 477.18
353.27, 598.57, 602.17
352.04, 724.13, 352.45
353.59, 723.84, 477.44
355.13, 723.56, 602.43
473.29, 472.30, 350.38
474.84, 472.01, 475.37
476.38, 471.73, 600.36
475.16, 597.28, 350.64
476.70, 597.00, 475.63
478.24, 596.71, 600.62
477.02, 722.27, 350.91
478.56, 721.98, 475.90
480.11, 721.70, 600.89
598.27, 470.44, 348.83
599.81, 470.15, 473.82
601.36, 469.87, 598.81
600.13, 595.43, 349.09
601.68, 595.14, 474.08
603.22, 594.85, 599.07
602.00, 720.41, 349.36
603.54, 720.12, 474.35
605.08, 719.84, 599.34
349.21, 476.00, 475.93
352.11, 477.90, 600.88
355.01, 479.81, 725.83
347.19, 600.97, 474.07
350.09, 602.87, 599.02
352.99, 604.78, 723.97
345.17, 725.94, 472.21
348.07, 727.84, 597.16
350.97, 729.75, 722.11
474.16, 477.97, 473.00
477.06, 479.88, 597.95
479.96, 481.78, 722.90
472.14, 602.94, 471.14
475.04, 604.85, 596.09
477.94, 606.75, 721.04
470.12, 727.91, 469.28
473.02, 729.82, 594.23
475.92, 731.72, 719.18
599.11, 479.95, 470.07
602.01, 481.85, 595.02
604.91, 483.76, 719.97
597.09, 604.92, 468.21
599.99, 606.82, 593.16
602.89, 608.73, 718.11
595.07, 729.89, 466.35
597.97, 731.79, 591.30
600.87, 733.70, 716.26
350.92, 474.43, 601.65
353.47, 471.36, 726.59
356.02, 468.28, 851.52
348.37, 599.37, 604.78
350.92, 596.29, 729.71
353.48, 593.22, 854.65
345.82, 724.30, 607.90
348.38, 721.23, 732.84
350.93, 718.15, 857.77
475.87, 477.04, 599.16
478.42, 473.97, 724.10
480.97, 470.90, 849.03
473.32, 601.98, 602.29
475.87, 598.90, 727.22
478.42, 595.83, 852.16
470.77, 726.91, 605.41
473.32, 723.84, 730.35
475.88, 720.77, 855.28
600.82, 479.65, 596.67
603.37, 476.58, 721.61
605.92, 473.51, 846.55
598.27, 604.59, 599.80
600.82, 601.51, 724.73
603.37, 598.44, 849.67
595.72, 729.52, 602.92
598.27, 726.45, 727.86
600.82, 723.38, 852.80
351.39, 599.72, 101.00
349.90, 601.19, 225.99
348.40, 602.67, 350.97
347.80, 724.66, 99.49
346.31, 726.13, 224.47
344.81, 727.61, 349.45
344.21, 849.60, 97.97
342.72, 851.07, 222.95
341.22, 852.55, 347.93
476.33, 603.33, 102.45
474.84, 604.80, 227.44
473.34, 606.28, 352.42
472.74, 728.27, 100.94
471.25, 729.74, 225.92
469.75, 731.22, 350.90
469.15, 853.21, 99.42
467.66, 854.68, 224.40
466.16, 856.16, 349.38
601.27, 606.94, 103.90
599.78, 608.41, 228.89
598.28, 609.89, 353.87
597.68, 731.88, 102.39
596.19, 733.35, 227.37
594.69, 734.83, 352.35
594.09, 856.82, 100.87
592.59, 858.29, 225.85
591.10, 859.77, 350.83
350.67, 600.31, 224.28
348.53, 603.56, 349.22
346.38, 606.81, 474.16
350.96, 725.27, 221.03
348.82, 728.52, 345.97
346.67, 731.77, 470.91
351.25, 850.23, 217.79
349.11, 853.48, 342.73
346.96, 856.73, 467.67
475.65, 600.08, 226.43
473.51, 603.33, 351.37
471.36, 606.58, 476.31
475.94, 725.04, 223.19
473.80, 728.29, 348.13
471.65, 731.53, 473.06
476.23, 850.00, 219.94
474.09, 853.24, 344.88
471.94, 856.49, 469.82
600.63, 599.85, 228.58
598.49, 603.09, 353.52
596.34, 606.34, 478.46
600.92, 724.80, 225.34
598.78, 728.05, 350.28
596.63, 731.30, 475.22
601.21, 849.76, 222.09
599.07, 853.01, 347.03
596.92, 856.26, 471.97
351.39, 600.89, 350.68
351.78, 600.58, 475.68
352.17, 600.28, 600.68
351.63, 725.89, 350.99
352.02, 725.58, 475.99
352.41, 725.28, 600.98
351.87, 850.89, 351.29
352.26, 850.58, 476.29
352.64, 850.28, 601.29
476.39, 600.65, 350.29
476.78, 600.35, 475.29
477.17, 600.04, 600.29
476.63, 725.65, 350.60
477.02, 725.34, 475.60
477.40, 725.04, 600.60
476.87, 850.65, 350.90
477.26, 850.34, 475.90
477.64, 850.04, 600.90
601.39, 600.41, 349.91
601.78, 600.11, 474.91
602.17, 599.80, 599.90
601.63, 725.41, 350.21
602.02, 725.11, 475.21
602.40, 724.80, 600.21
601.87, 850.41, 350.52
602.25, 850.11, 475.51
602.64, 849.80, 600.51
351.17, 599.29, 473.85
349.89, 598.22, 598.84
348.62, 597.15, 723.83
354.49, 724.24, 474.96
353.21, 723.17, 599.95
351.94, 722.10, 724.94
357.81, 849.19, 476.06
356.53, 848.12, 601.05
355.26, 847.05, 726.04
476.12, 595.96, 475.10
474.84, 594.89, 600.09
473.57, 593.82, 725.08
479.44, 720.91, 476.21
478.16, 719.84, 601.19
476.89, 718.77, 726.18
482.76, 845.86, 477.31
481.48, 844.79, 602.30
480.21, 843.72, 727.29
601.07, 592.63, 476.35
599.79, 591.56, 601.34
598.51, 590.48, 726.33
604.39, 717.58, 477.45
603.11, 716.51, 602.44
601.84, 715.44, 727.43
607.71, 842.53, 478.56
606.43, 841.46, 603.55
605.16, 840.39, 728.54
349.75, 600.11, 600.60
348.21, 603.05, 725.55
346.67, 605.99, 850.51
350.45, 725.08, 597.67
348.91, 728.02, 722.62
347.37, 730.96, 847.58
351.15, 850.04, 594.74
349.61, 852.98, 719.69
348.07, 855.92, 844.65
474.74, 599.45, 602.16
473.20, 602.39, 727.11
471.66, 605.33, 852.07
475.44, 724.41, 599.23
473.90, 727.35, 724.18
472.36, 730.29, 849.14
476.14, 849.37, 596.29
474.60, 852.31, 721.25
473.06, 855.25, 846.21
599.73, 598.78, 603.72
598.19, 601.72, 728.67
596.64, 604.66, 853.63
600.43, 723.75, 600.78
598.89, 726.69, 725.74
597.35, 729.63, 850.70
601.13, 848.71, 597.85
599.59, 851.65, 722.81
598.05, 854.59, 847.77
474.03, 98.97, 99.05
472.55, 101.77, 224.01
471.07, 104.56, 348.97
477.02, 223.91, 96.29
475.54, 226.70, 221.25
474.05, 229.50, 346.21
480.00, 348.84, 93.53
478.52, 351.64, 218.49
477.04, 354.43, 343.45
598.99, 96.02, 100.60
597.51, 98.82, 225.56
596.03, 101.61, 350.52
601.97, 220.95, 97.84
600.49, 223.75, 222.80
599.01, 226.55, 347.76
604.96, 345.89, 95.08
603.48, 348.68, 220.04
601.99, 351.48, 345.00
723.94, 93.07, 102.15
722.46, 95.87, 227.11
720.98, 98.66, 352.07
726.93, 218.00, 99.39
725.45, 220.80, 224.35
723.97, 223.60, 349.31
729.91, 342.94, 96.63
728.43, 345.73, 221.59
726.95, 348.53, 346.55
475.49, 98.76, 226.59
476.02, 97.11, 351.58
476.55, 95.45, 476.57
475.92, 223.75, 228.25
476.45, 222.09, 353.24
476.98, 220.44, 478.22
476.36, 348.74, 229.90
476.89, 347.08, 354.89
477.42, 345.42, 479.88
600.48, 98.33, 226.06
601.01, 96.68, 351.04
601.54, 95.02, 476.03
600.92, 223.32, 227.71
601.45, 221.66, 352.70
601.98, 220.01, 477.69
601.36, 348.31, 229.37
601.89, 346.65, 354.36
602.42, 345.00, 479.34
725.48, 97.90, 225.52
726.01, 96.25, 350.51
726.54, 94.59, 475.50
725.92, 222.89, 227.18
726.45, 221.24, 352.16
726.98, 219.58, 477.15
726.35, 347.88, 228.83
726.88, 346.22, 353.82
727.41, 344.57, 478.81
473.55, 100.56, 348.95
477.17, 101.56, 473.90
480.79, 102.55, 598.84
472.59, 225.55, 347.99
476.21, 226.55, 472.93
479.83, 227.55, 597.87
471.63, 350.55, 347.02
475.25, 351.54, 471.96
478.87, 352.54, 596.90
598.49, 101.49, 345.33
602.11, 102.49, 470.27
605.73, 103.48, 595.22
597.54, 226.49, 344.36
601.15, 227.48, 469.30
604.77, 228.48, 594.25
596.58, 351.48, 343.39
600.19, 352.47, 468.34
603.81, 353.47, 593.28
723.44, 102.42, 341.70
727.06, 103.42, 466.65
730.67, 104.41, 591.59
722.48, 227.42, 340.74
726.10, 228.41, 465.68
729.72, 229.41, 590.62
721.52, 352.41, 339.77
725.14, 353.40, 464.71
728.76, 354.40, 589.65
474.33, 99.29, 475.92
472.04, 99.84, 600.90
469.74, 100.38, 725.88
477.09, 224.26, 475.42
474.80, 224.81, 600.40
472.50, 225.35, 725.38
479.85, 349.23, 474.93
477.56, 349.77, 599.91
475.26, 350.32, 724.88
599.28, 96.54, 478.22
596.99, 97.09, 603.20
594.69, 97.63, 728.18
602.04, 221.51, 477.73
599.75, 222.06, 602.71
597.45, 222.60, 727.68
604.80, 346.48, 477.23
602.51, 347.02, 602.21
600.21, 347.57, 727.19
724.23, 93.79, 480.53
721.93, 94.34, 605.51
719.64, 94.88, 730.48
726.99, 218.76, 480.03
724.69, 219.31, 605.01
722.40, 219.85, 729.99
729.75, 343.73, 479.54
727.45, 344.27, 604.51
725.16, 344.82, 729.49
476.10, 101.74, 599.71
479.44, 99.14, 724.64
482.77, 96.54, 849.56
475.20, 226.71, 602.33
478.54, 224.11, 727.26
481.87, 221.51, 852.19
474.30, 351.68, 604.96
477.64, 349.08, 729.88
480.97, 346.48, 854.81
601.05, 102.71, 596.39
604.39, 100.11, 721.32
607.73, 97.51, 846.25
600.15, 227.68, 599.02
603.49, 225.08, 723.94
606.83, 222.48, 848.87
599.25, 352.65, 601.64
602.59, 350.05, 726.57
605.92, 347.45, 851.50
726.01, 103.68, 593.07
729.34, 101.08, 718.00
732.68, 98.48, 842.93
725.10, 228.65, 595.70
728.44, 226.05, 720.63
731.78, 223.45, 845.55
724.20, 353.62, 598.32
727.54, 351.02, 723.25
730.88, 348.42, 848.18
474.55, 226.42, 98.23
475.02, 227.46, 223.23
475.49, 228.51, 348.22
475.47, 351.41, 97.18
475.94, 352.45, 222.18
476.40, 353.50, 347.17
476.38, 476.40, 96.13
476.85, 477.45, 221.13
477.32, 478.49, 346.12
599.55, 225.50, 97.77
600.02, 226.54, 222.76
600.48, 227.59, 347.76
600.46, 350.49, 96.72
600.93, 351.54, 221.72
601.40, 352.58, 346.71
601.38, 475.48, 95.67
601.85, 476.53, 220.67
602.32, 477.57, 345.66
724.54, 224.58, 97.31
725.01, 225.62, 222.30
725.48, 226.67, 347.30
725.46, 349.57, 96.26
725.93, 350.62, 221.26
726.40, 351.66, 346.25
726.37, 474.56, 95.21
726.84, 475.61, 220.21
727.31, 476.65, 345.20
474.69, 223.18, 224.45
477.02, 226.45, 349.39
479.35, 229.72, 474.32
472.90, 348.12, 221.21
475.24, 351.39, 346.15
477.57, 354.66, 471.09
471.12, 473.07, 217.98
473.45, 476.34, 342.91
475.79, 479.61, 467.85
599.65, 224.90, 222.07
601.99, 228.17, 347.01
604.32, 231.44, 471.95
597.87, 349.84, 218.84
600.20, 353.12, 343.77
602.53, 356.39, 468.71
596.09, 474.79, 215.60
598.42, 478.06, 340.53
600.75, 481.33, 465.47
724.62, 226.62, 219.70
726.95, 229.89, 344.63
729.28, 233.16, 469.57
722.84, 351.57, 216.46
725.17, 354.84, 341.39
727.50, 358.11, 466.33
721.05, 476.51, 213.22
723.39, 479.78, 338.16
725.72, 483.05, 463.09
476.72, 223.67, 348.33
476.63, 220.50, 473.29
476.55, 217.33, 598.25
478.58, 348.62, 351.50
478.50, 345.44, 476.46
478.41, 342.27, 601.42
480.44, 473.56, 354.67
480.36, 470.39, 479.63
480.28, 467.22, 604.59
601.70, 221.80, 348.36
601.62, 218.63, 473.32
601.54, 215.46, 598.28
603.57, 346.75, 351.53
603.48, 343.58, 476.49
603.40, 340.41, 601.45
605.43, 471.70, 354.70
605.35, 468.53, 479.66
605.26, 465.35, 604.62
726.69, 219.94, 348.40
726.61, 216.77, 473.36
726.52, 213.60, 598.32
728.55, 344.89, 351.57
728.47, 341.71, 476.53
728.39, 338.54, 601.49
730.42, 469.83, 354.74
730.33, 466.66, 479.70
730.25, 463.49, 604.66
474.01, 226.21, 475.65
472.99, 227.52, 600.64
471.96, 228.83, 725.63
470.90, 351.16, 474.31
469.87, 352.47, 599.30
468.85, 353.79, 724.29
467.79, 476.11, 472.97
466.76, 477.43, 597.96
465.73, 478.74, 722.95
598.97, 229.33, 476.64
597.94, 230.64, 601.63
596.92, 231.96, 726.62
595.86, 354.28, 475.30
594.83, 355.60, 600.29
593.80, 356.91, 725.28
592.74, 479.24, 473.97
591.72, 480.55, 598.95
590.69, 481.86, 723.94
723.93, 232.45, 477.64
722.90, 233.77, 602.63
721.87, 235.08, 727.61
720.81, 357.41, 476.30
719.79, 358.72, 601.29
718.76, 360.03, 726.28
717.70, 482.36, 474.96
716.67, 483.67, 599.95
715.65, 484.99, 724.94
474.47, 225.89, 598.63
476.78, 223.30, 723.58
479.09, 220.71, 848.54
473.84, 350.86, 601.24
476.16, 348.27, 726.19
478.47, 345.68, 851.14
473.22, 475.83, 603.84
475.53, 473.24, 728.79
477.84, 470.65, 853.74
599.45, 226.56, 596.33
601.76, 223.97, 721.29
604.07, 221.38, 846.24
598.82, 351.53, 598.94
601.13, 348.94, 723.89
603.44, 346.35, 848.84
598.20, 476.51, 601.54
600.51, 473.91, 726.49
602.82, 471.32, 851.44
724.42, 227.24, 594.04
726.73, 224.64, 718.99
729.05, 222.05, 843.94
723.80, 352.21, 596.64
726.11, 349.62, 721.59
728.42, 347.02, 846.54
723.17, 477.18, 599.24
725.48, 474.59, 724.20
727.80, 472.00, 849.15
475.86, 349.36, 99.65
473.80, 351.06, 224.62
471.74, 352.77, 349.59
479.51, 474.29, 98.01
477.44, 476.00, 222.98
475.38, 477.71, 347.95
483.15, 599.23, 96.36
481.09, 600.94, 221.33
479.03, 602.64, 346.30
600.79, 345.74, 101.76
598.73, 347.45, 226.73
596.67, 349.15, 351.70
604.43, 470.68, 100.12
602.37, 472.38, 225.09
600.31, 474.09, 350.06
608.08, 595.61, 98.47
606.02, 597.32, 223.44
603.96, 599.03, 348.41
725.72, 342.13, 103.87
723.66, 343.83, 228.84
721.60, 345.54, 353.81
729.36, 467.06, 102.23
727.30, 468.77, 227.20
725.24, 470.47, 352.17
733.01, 592.00, 100.58
730.95, 593.70, 225.55
728.89, 595.41, 350.52
474.22, 350.24, 226.34
470.97, 347.92, 351.28
467.72, 345.59, 476.21
470.85, 475.18, 228.58
467.60, 472.85, 353.52
464.35, 470.52, 478.45
467.49, 600.11, 230.82
464.23, 597.78, 355.76
460.98, 595.46, 480.69
599.14, 353.55, 229.65
595.88, 351.23, 354.59
592.63, 348.90, 479.53
595.77, 478.49, 231.89
592.51, 476.16, 356.83
589.26, 473.83, 481.77
592.40, 603.42, 234.13
589.14, 601.09, 359.07
585.89, 598.77, 484.01
724.05, 356.86, 232.97
720.80, 354.53, 357.90
717.54, 352.21, 482.84
720.68, 481.80, 235.21
717.43, 479.47, 360.14
714.17, 477.14, 485.08
717.31, 606.73, 237.45
714.06, 604.40, 362.38
710.80, 602.08, 487.32
474.69, 351.26, 351.32
475.02, 352.95, 476.31
475.35, 354.64, 601.30
472.74, 476.23, 349.63
473.07, 477.92, 474.62
473.40, 479.62, 599.61
470.80, 601.20, 347.95
471.13, 602.90, 472.93
471.46, 604.59, 597.92
599.68, 353.20, 350.97
600.00, 354.89, 475.95
600.33, 356.58, 600.94
597.73, 478.17, 349.28
598.06, 479.86, 474.27
598.39, 481.56, 599.25
595.78, 603.15, 347.59
596.11, 604.84, 472.58
596.44, 606.53, 597.57
724.66, 355.14, 350.61
724.99, 356.83, 475.60
725.32, 358.53, 600.59
722.71, 480.11, 348.92
723.04, 481.81, 473.91
723.37, 483.50, 598.90
720.77, 605.09, 347.24
721.10, 606.78, 472.22
721.42, 608.47, 597.21
476.91, 350.77, 475.36
479.55, 348.02, 600.30
482.19, 345.28, 725.24
474.41, 475.71, 478.16
477.05, 472.97, 603.10
479.70, 470.22, 728.04
471.91, 600.66, 480.96
474.55, 597.91, 605.90
477.20, 595.16, 730.84
601.85, 353.33, 472.77
604.50, 350.58, 597.71
607.14, 347.83, 722.65
599.36, 478.27, 475.57
602.00, 475.52, 600.51
604.64, 472.77, 725.45
596.86, 603.21, 478.37
599.50, 600.46, 603.31
602.15, 597.72, 728.25
726.80, 355.88, 470.18
729.44, 353.13, 595.12
732.09, 350.38, 720.06
724.30, 480.82, 472.98
726.95, 478.08, 597.92
729.59, 475.33, 722.86
721.81, 605.77, 475.78
724.45, 603.02, 600.72
727.09, 600.27, 725.67
475.41, 348.98, 599.83
479.10, 348.74, 724.77
482.78, 348.51, 849.72
474.17, 473.97, 600.10
477.85, 473.73, 725.05
481.54, 473.50, 849.99
472.93, 598.96, 600.37
476.61, 598.73, 725.32
480.29, 598.49, 850.26
600.35, 350.23, 596.15
604.04, 349.99, 721.09
607.72, 349.76, 846.04
599.11, 475.22, 596.42
602.79, 474.99, 721.37
606.48, 474.75, 846.31
597.87, 600.21, 596.69
601.55, 599.98, 721.64
605.23, 599.74, 846.58
725.29, 351.48, 592.47
728.97, 351.24, 717.41
732.66, 351.01, 842.36
724.05, 476.47, 592.74
727.73, 476.24, 717.68
731.42, 476.00, 842.63
722.81, 601.46, 593.01
726.49, 601.23, 717.96
730.17, 600.99, 842.90
473.88, 474.90, 101.42
474.50, 471.76, 226.38
475.13, 468.63, 351.34
476.35, 599.83, 104.54
476.97, 596.70, 229.50
477.60, 593.57, 354.46
478.82, 724.77, 107.66
479.45, 721.64, 232.62
480.07, 718.50, 357.58
598.85, 472.44, 100.74
599.48, 469.31, 225.70
600.10, 466.17, 350.65
601.32, 597.38, 103.86
601.95, 594.24, 228.82
602.57, 591.11, 353.78
603.80, 722.31, 106.98
604.42, 719.18, 231.94
605.04, 716.05, 356.90
723.83, 469.99, 100.05
724.45, 466.85, 225.01
725.08, 463.72, 349.97
726.30, 594.92, 103.17
726.92, 591.79, 228.13
727.55, 588.66, 353.09
728.77, 719.86, 106.29
729.39, 716.73, 231.25
730.02, 713.59, 356.21
476.98, 475.16, 226.07
473.98, 477.30, 351.02
470.97, 479.44, 475.96
476.91, 600.14, 223.93
473.91, 602.28, 348.88
470.91, 604.42, 473.82
476.85, 725.12, 221.79
473.85, 727.26, 346.73
470.85, 729.40, 471.68
601.94, 475.27, 229.07
598.94, 477.41, 354.02
595.94, 479.55, 478.96
601.88, 600.25, 226.93
598.88, 602.39, 351.87
595.87, 604.53, 476.82
601.81, 725.24, 224.79
598.81, 727.38, 349.73
595.81, 729.51, 474.68
726.90, 475.39, 232.07
723.90, 477.53, 357.01
720.90, 479.67, 481.96
726.84, 600.37, 229.93
723.84, 602.51, 354.87
720.84, 604.65, 479.82
726.78, 725.35, 227.79
723.77, 727.49, 352.73
720.77, 729.63, 477.68
473.21, 476.15, 350.60
474.09, 475.30, 475.59
474.98, 474.45, 600.59
471.54, 601.13, 351.46
472.43, 600.28, 476.45
473.31, 599.43, 601.45
469.88, 726.12, 352.32
470.77, 725.27, 477.32
471.65, 724.42, 602.31
598.19, 477.82, 349.72
599.08, 476.97, 474.72
599.96, 476.12, 599.71
596.53, 602.80, 350.59
597.41, 601.95, 475.58
598.30, 601.10, 600.57
594.87, 727.79, 351.45
595.75, 726.94, 476.44
596.64, 726.09, 601.44
723.18, 479.48, 348.85
724.06, 478.63, 473.84
724.95, 477.78, 598.84
721.51, 604.47, 349.71
722.40, 603.62, 474.71
723.29, 602.77, 599.70
719.85, 729.46, 350.57
720.74, 728.61, 475.57
721.62, 727.76, 600.56
473.38, 474.88, 475.07
473.85, 474.11, 600.07
474.33, 473.35, 725.07
476.92, 599.83, 475.82
477.39, 599.06, 600.82
477.87, 598.30, 725.82
480.46, 724.77, 476.57
480.93, 724.01, 601.57
481.41, 723.25, 726.57
598.33, 471.34, 474.58
598.80, 470.58, 599.57
599.28, 469.81, 724.57
601.87, 596.29, 475.33
602.34, 595.53, 600.32
602.82, 594.76, 725.32
605.41, 721.24, 476.08
605.88, 720.47, 601.07
606.36, 719.71, 726.07
723.28, 467.81, 474.08
723.75, 467.04, 599.07
724.23, 466.28, 724.07
726.82, 592.75, 474.83
727.29, 591.99, 599.83
727.77, 591.23, 724.82
730.36, 717.70, 475.58
730.83, 716.94, 600.58
731.31, 716.17, 725.57
475.06, 473.28, 600.46
474.00, 475.57, 725.44
472.94, 477.87, 850.41
473.10, 598.24, 598.15
472.04, 600.54, 723.13
470.98, 602.83, 848.10
471.13, 723.21, 595.84
470.07, 725.50, 720.82
469.01, 727.79, 845.79
600.04, 475.26, 601.49
598.98, 477.56, 726.46
597.92, 479.85, 851.43
598.08, 600.22, 599.18
597.02, 602.52, 724.15
595.96, 604.81, 849.12
596.11, 725.19, 596.86
595.05, 727.48, 721.84
593.99, 729.78, 846.81
725.02, 477.24, 602.51
723.96, 479.54, 727.48
722.90, 481.83, 852.46
723.06, 602.21, 600.20
722.00, 604.50, 725.17
720.94, 606.80, 850.15
721.09, 727.17, 597.89
720.03, 729.47, 722.86
718.97, 731.76, 847.84
473.02, 599.74, 99.51
473.46, 598.29, 224.50
473.90, 596.84, 349.49
474.28, 724.72, 100.96
474.72, 723.27, 225.95
475.16, 721.82, 350.94
475.54, 849.71, 102.40
475.98, 848.26, 227.39
476.42, 846.81, 352.38
598.02, 598.49, 99.06
598.46, 597.04, 224.05
598.90, 595.59, 349.04
599.27, 723.47, 100.50
599.71, 722.02, 225.49
600.15, 720.57, 350.48
600.53, 848.46, 101.95
600.97, 847.01, 226.94
601.41, 845.56, 351.93
723.01, 597.23, 98.60
723.45, 595.79, 223.59
723.89, 594.34, 348.59
724.27, 722.22, 100.05
724.71, 720.77, 225.04
725.15, 719.32, 350.03
725.52, 847.21, 101.49
725.96, 845.76, 226.48
726.40, 844.31, 351.47
476.21, 600.98, 226.36
472.77, 604.48, 351.26
469.33, 607.97, 476.17
476.91, 725.93, 222.88
473.47, 729.43, 347.79
470.03, 732.92, 472.69
477.61, 850.88, 219.41
474.17, 854.38, 344.31
470.73, 857.87, 469.21
601.16, 600.38, 229.82
597.72, 603.87, 354.72
594.28, 607.37, 479.63
601.86, 725.33, 226.34
598.42, 728.82, 351.25
594.98, 732.32, 476.15
602.56, 850.28, 222.87
599.12, 853.77, 347.77
595.68, 857.27, 472.67
726.11, 599.78, 233.28
722.67, 603.27, 358.18
719.23, 606.76, 483.09
726.81, 724.73, 229.80
723.37, 728.22, 354.71
719.93, 731.71, 479.61
727.51, 849.68, 226.33
724.07, 853.17, 351.23
720.63, 856.66, 476.13
474.46, 601.95, 351.45
477.23, 598.59, 476.38
480.00, 595.22, 601.30
474.28, 726.91, 354.83
477.05, 723.54, 479.75
479.82, 720.17, 604.67
474.11, 851.86, 358.20
476.87, 848.49, 483.12
479.64, 845.13, 608.05
599.43, 602.21, 348.69
602.20, 598.84, 473.62
604.97, 595.47, 598.54
599.25, 727.16, 352.06
602.02, 723.79, 476.99
604.79, 720.43, 601.91
599.07, 852.12, 355.44
601.84, 848.75, 480.36
604.61, 845.38, 605.29
724.40, 602.46, 345.93
727.17, 599.09, 470.86
729.93, 595.73, 595.78
724.22, 727.42, 349.30
726.99, 724.05, 474.23
729.76, 720.68, 599.15
724.04, 852.37, 352.68
726.81, 849.00, 477.60
729.58, 845.63, 602.53
474.26, 601.79, 476.26
475.07, 599.65, 601.24
475.89, 597.52, 726.22
471.59, 726.74, 478.42
472.40, 724.61, 603.40
473.22, 722.47, 728.38
468.92, 851.70, 480.57
469.73, 849.56, 605.55
470.55, 847.42, 730.53
599.23, 604.47, 475.50
600.04, 602.34, 600.48
600.86, 600.20, 725.46
596.56, 729.43, 477.65
597.37, 727.29, 602.63
598.19, 725.16, 727.61
593.89, 854.38, 479.80
594.70, 852.24, 604.78
595.51, 850.11, 729.76
724.20, 607.16, 474.73
725.01, 605.02, 599.71
725.83, 602.89, 724.69
721.53, 732.11, 476.88
722.34, 729.98, 601.86
723.15, 727.84, 726.84
718.86, 857.07, 479.03
719.67, 854.93, 604.01
720.48, 852.79, 728.99
476.63, 600.64, 598.91
480.05, 599.10, 723.85
483.48, 597.56, 848.80
473.00, 725.58, 600.55
476.42, 724.04, 725.50
479.85, 722.49, 850.44
469.37, 850.52, 602.20
472.79, 848.97, 727.14
476.22, 847.43, 852.08
601.53, 604.31, 595.53
604.95, 602.77, 720.48
608.38, 601.23, 845.42
597.90, 729.25, 597.18
601.32, 727.71, 722.12
604.75, 726.16, 847.06
594.27, 854.19, 598.82
597.69, 852.64, 723.76
601.12, 851.10, 848.71
726.43, 607.99, 592.15
729.85, 606.44, 717.10
733.28, 604.90, 842.04
722.80, 732.92, 593.80
726.22, 731.38, 718.74
729.65, 729.84, 843.68
719.17, 857.86, 595.44
722.59, 856.32, 720.38
726.02, 854.77, 845.33
598.37, 100.14, 98.03
595.85, 97.30, 222.98
593.34, 94.45, 347.92
599.20, 225.11, 100.90
596.69, 222.26, 225.84
594.17, 219.41, 350.78
600.04, 350.07, 103.76
597.52, 347.22, 228.70
595.01, 344.38, 353.65
723.34, 99.25, 100.53
720.82, 96.40, 225.47
718.31, 93.56, 350.41
724.17, 224.22, 103.39
721.66, 221.37, 228.34
719.14, 218.52, 353.28
725.01, 349.18, 106.26
722.49, 346.33, 231.20
719.98, 343.49, 356.14
848.31, 98.36, 103.02
845.80, 95.51, 227.97
843.28, 92.67, 352.91
849.15, 223.33, 105.89
846.63, 220.48, 230.83
844.11, 217.63, 355.77
849.98, 348.29, 108.75
847.46, 345.44, 233.70
844.95, 342.59, 358.64
599.02, 100.37, 226.11
599.03, 102.41, 351.09
599.05, 104.45, 476.08
595.33, 225.29, 224.07
595.35, 227.34, 349.05
595.37, 229.38, 474.03
591.65, 350.22, 222.03
591.66, 352.27, 347.01
591.68, 354.31, 471.99
723.96, 104.05, 226.03
723.98, 106.09, 351.02
724.00, 108.14, 476.00
720.28, 228.98, 223.99
720.29, 231.02, 348.97
720.31, 233.06, 473.96
716.59, 353.91, 221.95
716.61, 355.95, 346.93
716.63, 357.99, 471.92
848.91, 107.74, 225.95
848.93, 109.78, 350.94
848.94, 111.82, 475.92
845.22, 232.66, 223.91
845.24, 234.71, 348.90
845.26, 236.75, 473.88
841.54, 357.59, 221.87
841.55, 359.64, 346.86
841.57, 361.68, 471.84
601.61, 98.49, 350.70
603.48, 96.65, 475.67
605.36, 94.81, 600.64
604.26, 223.45, 352.50
606.14, 221.61, 477.47
608.01, 219.76, 602.44
606.91, 348.41, 354.30
608.79, 346.56, 479.27
610.66, 344.72, 604.25
726.57, 95.86, 348.79
728.44, 94.02, 473.76
730.32, 92.18, 598.73
729.22, 220.82, 350.59
731.09, 218.98, 475.56
732.97, 217.14, 600.53
731.87, 345.78, 352.39
733.75, 343.94, 477.36
735.62, 342.10, 602.33
851.53, 93.24, 346.88
853.40, 91.40, 471.85
855.27, 89.56, 596.82
854.18, 218.20, 348.68
856.05, 216.36, 473.65
857.93, 214.52, 598.62
856.83, 343.16, 350.48
858.70, 341.32, 475.45
860.58, 339.48, 600.42
598.16, 101.28, 473.99
601.80, 101.90, 598.94
605.44, 102.52, 723.88
598.05, 226.28, 473.37
601.68, 226.90, 598.32
605.32, 227.52, 723.27
597.93, 351.27, 472.76
601.57, 351.90, 597.70
605.20, 352.52, 722.65
723.11, 101.38, 470.36
726.75, 102.00, 595.30
730.38, 102.62, 720.25
722.99, 226.38, 469.74
726.63, 227.00, 594.68
730.27, 227.62, 719.63
722.88, 351.37, 469.12
726.51, 352.00, 594.06
730.15, 352.62, 719.01
848.06, 101.48, 466.72
851.69, 102.10, 591.67
855.33, 102.72, 716.61
847.94, 226.48, 466.10
851.58, 227.10, 591.05
855.21, 227.72, 715.99
847.82, 351.47, 465.48
851.46, 352.10, 590.43
855.10, 352.72, 715.37
598.51, 98.54, 599.65
598.97, 101.06, 724.62
599.44, 103.57, 849.59
598.69, 223.51, 597.13
599.15, 226.03, 722.10
599.62, 228.55, 847.08
598.87, 348.49, 594.61
599.33, 351.00, 719.59
599.80, 353.52, 844.56
723.51, 98.35, 599.18
723.97, 100.87, 724.16
724.43, 103.38, 849.13
723.69, 223.32, 596.67
724.15, 225.84, 721.64
724.61, 228.36, 846.62
723.87, 348.30, 594.15
724.33, 350.81, 719.13
724.80, 353.33, 844.10
848.51, 98.16, 598.72
848.97, 100.68, 723.70
849.43, 103.19, 848.67
848.69, 223.13, 596.21
849.15, 225.65, 721.18
849.61, 228.17, 846.16
848.87, 348.11, 593.69
849.33, 350.62, 718.67
849.79, 353.14, 843.64
601.73, 224.87, 98.91
599.83, 223.24, 223.89
597.93, 221.61, 348.86
605.04, 349.81, 100.59
603.14, 348.18, 225.57
601.23, 346.55, 350.54
608.35, 474.76, 102.27
606.44, 473.13, 227.25
604.54, 471.50, 352.22
726.67, 221.54, 100.77
724.77, 219.91, 225.75
722.87, 218.28, 350.72
729.98, 346.48, 102.45
728.08, 344.85, 227.43
726.17, 343.22, 352.40
733.29, 471.43, 104.13
731.38, 469.80, 229.10
729.48, 468.17, 354.08
851.62, 218.20, 102.63
849.71, 216.58, 227.61
847.81, 214.95, 352.58
854.92, 343.15, 104.31
853.02, 341.52, 229.28
851.12, 339.89, 354.26
858.23, 468.09, 105.99
856.33, 466.47, 230.96
854.42, 464.84, 355.94
599.09, 226.35, 224.70
597.51, 223.03, 349.65
595.94, 219.71, 474.59
596.97, 351.29, 227.99
595.39, 347.97, 352.94
593.82, 344.65, 477.88
594.85, 476.22, 231.28
593.27, 472.91, 356.23
591.70, 469.59, 481.17
724.06, 228.42, 226.33
722.48, 225.11, 351.28
720.91, 221.79, 476.22
721.94, 353.36, 229.62
720.37, 350.05, 354.57
718.79, 346.73, 479.51
719.82, 478.30, 232.91
718.25, 474.98, 357.86
716.67, 471.67, 482.80
849.03, 230.50, 227.96
847.46, 227.18, 352.91
845.88, 223.87, 477.85
846.91, 355.44, 231.25
845.34, 352.12, 356.20
843.76, 348.81, 481.14
844.79, 480.38, 234.54
843.22, 477.06, 359.49
841.64, 473.75, 484.43
601.83, 223.78, 351.74
603.82, 220.91, 476.69
605.81, 218.05, 601.64
601.29, 348.74, 354.61
603.28, 345.88, 479.56
605.27, 343.02, 604.51
600.74, 473.71, 357.48
602.73, 470.85, 482.43
604.72, 467.98, 607.38
726.82, 224.37, 349.76
728.81, 221.51, 474.71
730.80, 218.64, 599.66
726.27, 349.33, 352.63
728.26, 346.47, 477.58
730.25, 343.61, 602.53
725.72, 474.30, 355.50
727.71, 471.44, 480.45
729.71, 468.58, 605.40
851.80, 224.96, 347.78
853.79, 222.10, 472.73
855.78, 219.24, 597.68
851.25, 349.93, 350.65
853.24, 347.06, 475.60
855.23, 344.20, 600.55
850.71, 474.89, 353.52
852.70, 472.03, 478.47
854.69, 469.17, 603.43
599.27, 224.06, 474.28
602.10, 222.94, 599.24
604.94, 221.81, 724.20
595.56, 349.00, 475.49
598.39, 347.88, 600.45
601.23, 346.75, 725.41
591.85, 473.94, 476.70
594.68, 472.82, 601.66
597.52, 471.69, 726.62
724.18, 227.80, 471.48
727.02, 226.68, 596.44
729.85, 225.55, 721.40
720.47, 352.74, 472.69
723.31, 351.61, 597.65
726.14, 350.49, 722.61
716.76, 477.68, 473.90
719.60, 476.55, 598.86
722.43, 475.43, 723.82
849.10, 231.54, 468.68
851.93, 230.41, 593.64
854.76, 229.29, 718.60
845.39, 356.48, 469.89
848.22, 355.35, 594.85
851.05, 354.23, 719.81
841.68, 481.41, 471.10
844.51, 480.29, 596.06
847.35, 479.16, 721.02
598.10, 226.79, 599.24
599.27, 226.95, 724.23
600.43, 227.12, 849.22
601.21, 351.75, 599.04
602.37, 351.91, 724.03
603.54, 352.08, 849.03
604.32, 476.71, 598.84
605.48, 476.88, 723.84
606.65, 477.04, 848.83
723.06, 223.68, 598.08
724.22, 223.84, 723.07
725.39, 224.01, 848.06
726.16, 348.64, 597.88
727.33, 348.81, 722.87
728.49, 348.97, 847.87
729.27, 473.60, 597.68
730.44, 473.77, 722.68
731.60, 473.93, 847.67
848.01, 220.57, 596.91
849.18, 220.73, 721.91
850.34, 220.90, 846.90
851.12, 345.53, 596.72
852.28, 345.70, 721.71
853.45, 345.86, 846.71
854.23, 470.49, 596.52
855.39, 470.66, 721.52
856.56, 470.82, 846.51
598.53, 349.73, 101.70
601.27, 350.46, 226.67
604.01, 351.19, 351.64
596.63, 474.72, 101.02
599.37, 475.45, 225.98
602.11, 476.18, 350.95
594.73, 599.70, 100.33
597.47, 600.43, 225.30
600.21, 601.16, 350.26
723.48, 351.62, 98.95
726.22, 352.35, 223.92
728.96, 353.08, 348.89
721.58, 476.60, 98.26
724.32, 477.33, 223.23
727.07, 478.06, 348.20
719.69, 601.58, 97.58
722.43, 602.31, 222.54
725.17, 603.04, 347.51
848.44, 353.50, 96.20
851.18, 354.23, 221.17
853.92, 354.96, 346.14
846.54, 478.48, 95.51
849.28, 479.21, 220.48
852.02, 479.94, 345.45
844.64, 603.47, 94.82
847.38, 604.20, 219.79
850.12, 604.93, 344.76
600.26, 351.34, 224.58
600.45, 354.57, 349.54
600.64, 357.81, 474.50
600.94, 476.30, 221.35
601.13, 479.53, 346.30
601.32, 482.76, 471.26
601.63, 601.25, 218.11
601.81, 604.49, 343.07
602.00, 607.72, 468.03
725.26, 350.65, 224.41
725.45, 353.89, 349.37
725.63, 357.12, 474.33
725.94, 475.61, 221.18
726.13, 478.84, 346.13
726.32, 482.08, 471.09
726.62, 600.56, 217.94
726.81, 603.80, 342.90
727.00, 607.03, 467.86
850.25, 349.96, 224.24
850.44, 353.20, 349.20
850.63, 356.43, 474.16
850.94, 474.92, 221.00
851.13, 478.15, 345.96
851.32, 481.39, 470.92
851.62, 599.88, 217.77
851.81, 603.11, 342.73
852.00, 606.34, 467.69
598.39, 351.93, 348.31
600.25, 350.79, 473.29
602.11, 349.65, 598.28
600.05, 476.91, 349.43
601.91, 475.77, 474.41
603.77, 474.63, 599.39
601.71, 601.89, 350.54
603.57, 600.76, 475.52
605.43, 599.62, 600.50
723.36, 350.28, 346.44
725.22, 349.14, 471.42
727.09, 348.00, 596.40
725.03, 475.26, 347.55
726.89, 474.13, 472.53
728.75, 472.99, 597.51
726.69, 600.25, 348.67
728.55, 599.11, 473.65
730.41, 597.97, 598.63
848.34, 348.64, 344.56
850.20, 347.50, 469.54
852.06, 346.36, 594.52
850.00, 473.62, 345.68
851.86, 472.48, 470.66
853.72, 471.34, 595.64
851.66, 598.60, 346.79
853.52, 597.47, 471.77
855.38, 596.33, 596.75
600.80, 351.97, 476.09
599.12, 351.88, 601.07
597.44, 351.79, 726.06
599.60, 476.97, 476.16
597.91, 476.88, 601.15
596.23, 476.79, 726.14
598.39, 601.96, 476.23
596.71, 601.87, 601.22
595.03, 601.78, 726.21
725.79, 353.18, 477.77
724.11, 353.09, 602.76
722.42, 353.00, 727.75
724.58, 478.17, 477.84
722.90, 478.08, 602.83
721.22, 477.99, 727.82
723.37, 603.17, 477.92
721.69, 603.08, 602.90
720.01, 602.99, 727.89
850.77, 354.39, 479.45
849.09, 354.30, 604.44
847.41, 354.21, 729.43
849.56, 479.38, 479.52
847.88, 479.29, 604.51
846.20, 479.20, 729.50
848.35, 604.37, 479.60
846.67, 604.28, 604.59
844.99, 604.19, 729.57
599.21, 351.04, 598.70
597.75, 347.56, 723.64
596.30, 344.09, 848.58
601.17, 475.97, 602.19
599.71, 472.50, 727.14
598.26, 469.03, 852.08
603.12, 600.91, 605.69
601.67, 597.44, 730.63
600.22, 593.96, 855.58
724.18, 349.04, 600.09
722.73, 345.57, 725.04
721.28, 342.09, 849.98
726.14, 473.98, 603.59
724.69, 470.50, 728.53
723.24, 467.03, 853.48
728.10, 598.91, 607.09
726.65, 595.44, 732.03
725.20, 591.96, 856.97
849.16, 347.04, 601.49
847.71, 343.57, 726.43
846.25, 340.09, 851.38
851.12, 471.98, 604.99
849.67, 468.50, 729.93
848.21, 465.03, 854.87
853.08, 596.91, 608.48
851.62, 593.44, 733.43
850.17, 589.96, 858.37
599.76, 476.72, 101.21
602.33, 479.38, 226.15
604.89, 482.03, 351.10
600.97, 601.69, 98.53
603.54, 604.34, 223.47
606.11, 607.00, 348.42
602.19, 726.66, 95.85
604.76, 729.31, 220.79
607.32, 731.97, 345.74
724.73, 475.46, 98.67
727.30, 478.11, 223.61
729.86, 480.77, 348.56
725.94, 600.42, 95.98
728.51, 603.08, 220.93
731.08, 605.73, 345.88
727.16, 725.39, 93.30
729.72, 728.04, 218.25
732.29, 730.70, 343.20
849.70, 474.19, 96.12
852.26, 476.84, 221.07
854.83, 479.50, 346.02
850.91, 599.15, 93.44
853.48, 601.81, 218.39
856.04, 604.46, 343.34
852.12, 724.12, 90.76
854.69, 726.77, 215.71
857.26, 729.43, 340.65
599.42, 475.55, 225.43
598.66, 474.35, 350.42
597.90, 473.14, 475.41
602.07, 600.52, 226.65
601.31, 599.31, 351.64
600.54, 598.11, 476.63
604.72, 725.48, 227.86
603.95, 724.28, 352.86
603.19, 723.08, 477.85
724.39, 472.89, 226.16
723.63, 471.69, 351.15
722.87, 470.49, 476.15
727.04, 597.86, 227.38
726.28, 596.66, 352.37
725.51, 595.45, 477.37
729.69, 722.83, 228.60
728.92, 721.62, 353.59
728.16, 720.42, 478.58
849.36, 470.24, 226.90
848.60, 469.03, 351.89
847.84, 467.83, 476.88
852.01, 595.20, 228.12
851.25, 594.00, 353.11
850.48, 592.80, 478.10
854.66, 720.17, 229.34
853.89, 718.97, 354.33
853.13, 717.76, 479.32
599.65, 476.89, 348.22
603.11, 473.88, 473.13
606.56, 470.87, 598.05
596.06, 601.80, 351.32
599.52, 598.79, 476.24
602.97, 595.78, 601.15
592.47, 726.70, 354.43
595.92, 723.70, 479.34
599.38, 720.69, 604.26
724.55, 480.56, 344.85
728.01, 477.55, 469.77
731.46, 474.55, 594.68
720.96, 605.47, 347.96
724.42, 602.46, 472.87
727.87, 599.46, 597.79
717.37, 730.38, 351.06
720.82, 727.37, 475.98
724.28, 724.37, 600.89
849.45, 484.24, 341.48
852.91, 481.23, 466.40
856.36, 478.22, 591.31
845.86, 609.15, 344.59
849.32, 606.14, 469.50
852.77, 603.13, 594.42
842.27, 734.06, 347.69
845.72, 731.05, 472.61
849.18, 728.04, 597.53
601.62, 474.67, 473.37
602.26, 475.95, 598.37
602.89, 477.22, 723.36
600.95, 599.66, 472.10
601.58, 600.94, 597.09
602.22, 602.22, 722.09
600.27, 724.66, 470.83
600.91, 725.93, 595.82
601.54, 727.21, 720.81
726.62, 475.34, 472.73
727.26, 476.62, 597.73
727.89, 477.89, 722.72
725.95, 600.33, 471.46
726.58, 601.61, 596.45
727.22, 602.88, 721.44
725.27, 725.32, 470.19
725.91, 726.60, 595.18
726.54, 727.88, 720.17
851.62, 476.01, 472.09
852.25, 477.28, 597.08
852.89, 478.56, 722.08
850.94, 601.00, 470.82
851.58, 602.28, 595.81
852.21, 603.55, 720.80
850.27, 725.99, 469.55
850.90, 727.27, 594.54
851.54, 728.54, 719.53
598.44, 473.26, 601.32
596.03, 475.83, 726.27
593.62, 478.40, 851.22
600.37, 598.22, 598.79
597.96, 600.79, 723.74
595.55, 603.36, 848.69
602.30, 723.18, 596.26
599.89, 725.75, 721.21
597.48, 728.32, 846.16
723.40, 471.39, 603.77
720.99, 473.95, 728.72
718.58, 476.52, 853.67
725.33, 596.34, 601.24
722.92, 598.91, 726.19
720.51, 601.48, 851.14
727.26, 721.30, 598.71
724.85, 723.87, 723.66
722.44, 726.44, 848.61
848.37, 469.51, 606.22
845.95, 472.07, 731.17
843.54, 474.64, 856.12
850.29, 594.47, 603.69
847.88, 597.03, 728.64
845.47, 599.60, 853.59
852.22, 719.43, 601.16
849.81, 721.99, 726.11
847.40, 724.56, 851.06
599.24, 601.11, 99.47
598.85, 602.75, 224.46
598.46, 604.39, 349.45
597.43, 726.08, 97.82
597.04, 727.72, 222.81
596.66, 729.36, 347.80
595.63, 851.06, 96.18
595.24, 852.70, 221.17
594.85, 854.34, 346.16
724.22, 602.92, 99.83
723.83, 604.56, 224.82
723.45, 606.20, 349.81
722.42, 727.89, 98.19
722.03, 729.53, 223.18
721.64, 731.17, 348.16
720.61, 852.87, 96.54
720.22, 854.51, 221.53
719.84, 856.15, 346.52
849.21, 604.73, 100.20
848.82, 606.37, 225.18
848.43, 608.01, 350.17
847.40, 729.70, 98.55
847.02, 731.34, 223.54
846.63, 732.98, 348.53
845.60, 854.68, 96.91
845.21, 856.32, 221.89
844.82, 857.96, 346.88
600.36, 600.62, 224.85
603.97, 601.38, 349.79
607.58, 602.13, 474.74
596.65, 725.57, 224.20
600.26, 726.32, 349.15
603.87, 727.08, 474.09
592.95, 850.51, 223.55
596.55, 851.27, 348.50
600.16, 852.02, 473.44
725.25, 604.31, 221.22
728.86, 605.07, 346.16
732.47, 605.82, 471.11
721.55, 729.26, 220.57
725.15, 730.01, 345.52
728.76, 730.76, 470.46
717.84, 854.20, 219.92
721.45, 854.95, 344.87
725.05, 855.71, 469.82
850.15, 608.00, 217.59
853.75, 608.75, 342.54
857.36, 609.51, 467.48
846.44, 732.94, 216.94
850.05, 733.70, 341.89
853.65, 734.45, 466.83
842.73, 857.89, 216.30
846.34, 858.64, 341.24
849.95, 859.39, 466.19
598.80, 601.40, 348.37
597.17, 602.01, 473.36
595.54, 602.63, 598.35
601.63, 726.36, 347.79
600.00, 726.98, 472.78
598.37, 727.59, 597.77
604.46, 851.33, 347.21
602.83, 851.95, 472.20
601.21, 852.56, 597.19
723.75, 598.57, 350.01
722.13, 599.19, 475.00
720.50, 599.80, 599.99
726.59, 723.54, 349.43
724.96, 724.16, 474.42
723.33, 724.77, 599.41
729.42, 848.51, 348.86
727.79, 849.12, 473.84
726.16, 849.74, 598.83
848.71, 595.75, 351.65
847.08, 596.36, 476.64
845.46, 596.98, 601.63
851.54, 720.72, 351.07
849.92, 721.33, 476.06
848.29, 721.95, 601.05
854.38, 845.68, 350.50
852.75, 846.30, 475.48
851.12, 846.91, 600.47
599.43, 601.00, 474.57
599.48, 604.40, 599.53
599.53, 607.80, 724.48
596.29, 725.92, 471.17
596.33, 729.32, 596.13
596.38, 732.72, 721.08
593.14, 850.83, 467.78
593.19, 854.23, 592.73
593.23, 857.63, 717.68
724.39, 604.15, 474.44
724.44, 607.55, 599.39
724.49, 610.95, 724.35
721.25, 729.06, 471.04
721.29, 732.46, 596.00
721.34, 735.86, 720.95
718.10, 853.98, 467.64
718.15, 857.38, 592.60
718.19, 860.78, 717.55
849.35, 607.29, 474.31
849.40, 610.69, 599.26
849.45, 614.09, 724.22
846.21, 732.21, 470.91
846.25, 735.61, 595.86
846.30, 739.01, 720.82
843.06, 857.12, 467.51
843.11, 860.52, 592.47
843.15, 863.92, 717.42
598.49, 600.08, 598.47
600.44, 598.14, 723.44
602.39, 596.21, 848.41
595.18, 725.02, 600.46
597.14, 723.08, 725.43
599.09, 721.15, 850.40
591.88, 849.96, 602.44
593.83, 848.03, 727.41
595.78, 846.09, 852.38
723.43, 603.41, 596.57
725.38, 601.48, 721.54
727.33, 599.55, 846.51
720.12, 728.35, 598.56
722.08, 726.42, 723.53
724.03, 724.49, 848.50
716.82, 853.29, 600.54
718.77, 851.36, 725.51
720.72, 849.43, 850.48
848.37, 606.75, 594.67
850.32, 604.82, 719.64
852.28, 602.88, 844.61
845.07, 731.69, 596.66
847.02, 729.76, 721.63
848.97, 727.82, 846.60
841.76, 856.63, 598.64
843.71, 854.70, 723.61
845.66, 852.76, 848.58
