27, 125, pa2-debug-a-output2.txt
401.64, 402.42, 193.96 
233.28, 228.78, 224.69 
184.86, 183.43, 305.22 
234.22, 238.93, 603.71 
171.00, 265.02, 267.95 
144.59, 246.56, 313.35 
177.36, 299.59, 507.29 
150.65, 352.26, 273.03 
133.17, 351.92, 316.56 
224.65, 595.99, 586.01 
257.56, 232.99, 260.72 
247.99, 173.32, 315.12 
256.79, 261.86, 478.21 
246.86, 267.52, 278.11 
238.79, 243.52, 318.87 
247.57, 307.63, 424.05 
244.01, 347.18, 283.92 
240.01, 347.35, 325.37 
294.28, 532.62, 515.24 
350.70, 236.09, 275.66 
353.17, 172.74, 320.98 
343.44, 283.40, 446.83 
353.44, 264.45, 288.12 
356.18, 243.05, 324.41 
354.54, 315.58, 407.51 
357.95, 344.42, 288.07 
359.38, 345.06, 326.16 
234.20, 228.53, 223.21 
184.27, 183.55, 304.88 
189.21, 193.06, 442.46 
168.36, 264.90, 269.22 
140.98, 246.38, 312.64 
147.37, 249.19, 467.14 
144.52, 351.84, 273.31 
125.49, 351.65, 314.05 
129.29, 348.68, 471.58 
256.48, 234.05, 260.94 
246.20, 175.01, 314.66 
250.24, 197.09, 467.38 
242.96, 268.42, 277.75 
233.83, 245.61, 318.11 
237.02, 250.20, 470.24 
236.67, 349.41, 283.75 
231.67, 350.50, 324.12 
233.35, 350.99, 468.70 
348.70, 237.61, 276.60 
351.08, 176.60, 321.16 
349.13, 197.59, 473.09 
348.17, 267.14, 288.46 
350.52, 247.41, 324.25 
350.55, 249.10, 471.44 
348.99, 350.27, 288.36 
350.10, 351.60, 325.45 
351.04, 350.87, 471.65 
183.91, 183.41, 305.01 
188.17, 189.90, 439.27 
166.60, 168.26, 550.97 
141.23, 245.03, 318.55 
147.52, 245.58, 472.36 
140.40, 246.15, 570.65 
127.16, 349.52, 325.94 
129.35, 342.16, 484.73 
124.78, 343.02, 586.68 
245.18, 173.24, 318.44 
248.62, 193.97, 470.03 
247.78, 170.60, 565.53 
233.95, 242.45, 326.61 
235.48, 245.96, 480.19 
235.48, 247.37, 584.81 
233.64, 346.26, 337.56 
232.90, 342.37, 484.98 
230.82, 343.45, 585.48 
348.64, 173.30, 328.01 
343.75, 194.76, 481.61 
345.25, 174.32, 581.06 
350.49, 242.60, 335.37 
347.17, 243.26, 485.15 
345.57, 241.54, 588.75 
352.49, 344.95, 341.85 
350.23, 339.60, 492.07 
348.68, 339.86, 593.52 
189.95, 190.13, 442.67 
166.74, 168.24, 552.35 
97.05, 97.86, 600.85 
146.23, 245.47, 473.45 
136.71, 246.43, 570.91 
92.18, 220.68, 603.27 
123.47, 341.47, 485.59 
117.20, 343.27, 588.86 
87.40, 346.14, 599.71 
249.84, 196.44, 475.32 
247.39, 173.81, 569.13 
218.40, 99.31, 605.57 
233.55, 249.16, 483.78 
231.75, 251.05, 585.95 
216.58, 221.64, 603.45 
226.50, 347.51, 486.38 
222.52, 349.57, 585.14 
211.23, 348.15, 602.60 
346.70, 198.95, 487.89 
346.00, 178.36, 583.64 
344.57, 96.52, 601.52 
345.11, 249.31, 491.23 
341.83, 248.51, 591.29 
340.71, 227.15, 603.58 
342.93, 349.78, 496.11 
339.62, 351.20, 594.56 
336.83, 352.95, 603.72 
169.59, 171.47, 552.34 
105.86, 106.24, 603.17 
102.01, 101.32, 724.89 
141.02, 249.63, 570.52 
104.21, 228.65, 602.21 
100.99, 226.99, 720.89 
123.76, 347.38, 584.48 
100.95, 353.37, 599.61 
100.05, 353.24, 718.08 
250.15, 178.26, 567.96 
229.20, 107.73, 603.37 
228.14, 103.98, 722.18 
236.22, 253.22, 582.65 
228.08, 230.37, 602.22 
227.14, 228.49, 717.53 
229.12, 351.49, 580.25 
224.29, 354.66, 601.28 
226.49, 354.76, 713.41 
349.43, 183.64, 579.53 
353.78, 108.25, 600.14 
354.61, 106.01, 720.69 
347.11, 249.84, 585.25 
351.15, 234.57, 602.71 
353.96, 230.25, 712.80 
346.60, 351.41, 587.39 
349.08, 357.37, 603.26 
352.02, 357.65, 706.40 
230.85, 240.79, 596.64 
165.05, 266.30, 267.57 
137.92, 249.36, 316.42 
171.86, 302.74, 511.09 
141.65, 356.21, 271.60 
121.28, 356.24, 315.81 
178.07, 435.40, 521.99 
144.42, 488.88, 273.12 
122.69, 486.70, 307.86 
254.43, 258.99, 463.12 
241.20, 269.78, 275.62 
231.07, 249.93, 323.40 
240.75, 317.13, 422.81 
233.88, 355.49, 282.09 
227.30, 357.22, 328.11 
245.49, 468.50, 462.74 
232.91, 486.97, 287.03 
227.11, 488.39, 325.61 
341.88, 277.46, 427.50 
347.64, 269.22, 285.75 
347.72, 253.03, 330.96 
344.99, 330.69, 399.91 
346.02, 358.60, 286.03 
345.16, 360.35, 331.18 
343.00, 473.66, 419.33 
341.71, 490.37, 287.32 
341.95, 492.14, 328.37 
165.81, 264.86, 266.97 
139.77, 247.51, 316.68 
146.33, 251.26, 471.59 
144.81, 352.90, 271.88 
126.69, 353.51, 316.77 
130.88, 351.88, 474.24 
150.89, 484.79, 274.92 
132.12, 483.70, 310.18 
137.15, 484.03, 466.57 
241.87, 267.04, 275.77 
233.02, 245.06, 321.30 
236.58, 250.89, 474.23 
237.60, 348.18, 282.92 
233.05, 349.96, 326.22 
235.02, 351.61, 471.36 
239.93, 478.59, 288.34 
236.67, 480.82, 323.93 
237.95, 484.94, 464.59 
347.02, 264.98, 286.95 
349.57, 245.24, 326.98 
349.84, 248.16, 475.09 
350.30, 346.62, 287.64 
351.67, 348.63, 327.26 
352.87, 348.98, 474.09 
350.68, 477.16, 288.60 
352.93, 479.68, 324.21 
354.86, 482.79, 468.40 
140.72, 245.47, 316.81 
147.78, 248.05, 471.25 
143.30, 251.66, 571.83 
127.75, 350.34, 320.03 
131.86, 346.54, 477.70 
130.62, 350.91, 583.54 
133.89, 480.26, 316.32 
138.71, 478.44, 473.12 
136.30, 481.96, 582.20 
233.48, 242.33, 321.74 
236.93, 247.20, 474.95 
239.35, 251.85, 583.58 
234.18, 345.90, 329.24 
235.87, 345.21, 475.39 
236.77, 349.63, 582.23 
238.67, 476.60, 329.34 
239.61, 478.10, 471.53 
238.88, 480.13, 577.88 
349.83, 241.89, 327.86 
349.57, 243.93, 476.25 
350.81, 245.45, 585.74 
353.01, 343.62, 330.62 
353.74, 341.53, 478.56 
355.14, 344.92, 588.95 
355.34, 474.34, 329.86 
356.81, 474.78, 476.07 
358.07, 475.96, 586.49 
147.04, 245.77, 469.69 
139.35, 249.30, 570.41 
98.26, 228.06, 602.18 
126.23, 342.56, 477.11 
122.29, 347.07, 585.23 
95.48, 352.70, 599.52 
129.50, 473.88, 472.77 
125.07, 477.78, 586.73 
93.90, 477.46, 601.97 
234.96, 248.00, 477.84 
234.51, 252.63, 584.25 
221.98, 228.06, 602.65 
229.76, 346.25, 477.40 
227.51, 351.16, 582.21 
218.60, 353.42, 601.66 
229.79, 479.13, 472.65 
225.82, 481.73, 577.19 
217.00, 479.21, 603.86 
347.10, 247.26, 483.36 
345.19, 248.91, 588.68 
345.56, 231.63, 603.05 
346.83, 346.82, 484.91 
344.97, 350.90, 591.08 
343.71, 356.04, 603.28 
345.46, 480.63, 481.51 
343.26, 482.19, 588.24 
341.66, 480.24, 605.64 
141.47, 250.17, 571.66 
102.97, 229.79, 602.67 
99.81, 230.05, 725.31 
125.16, 348.49, 584.62 
100.72, 354.97, 599.71 
98.84, 355.50, 721.41 
128.15, 479.22, 584.83 
99.80, 479.95, 601.98 
95.99, 481.04, 711.18 
237.09, 253.11, 584.45 
227.18, 230.36, 602.55 
225.39, 231.97, 727.28 
230.73, 351.89, 581.83 
224.21, 355.61, 601.58 
225.20, 356.44, 721.17 
229.30, 482.62, 576.24 
222.91, 481.44, 603.59 
223.52, 481.71, 712.98 
348.45, 249.30, 587.73 
350.78, 233.96, 602.97 
351.54, 232.69, 727.40 
348.53, 351.31, 589.68 
349.25, 357.85, 603.31 
350.41, 358.43, 718.85 
347.14, 482.81, 586.20 
347.46, 482.23, 605.45 
348.58, 483.90, 710.10 
172.71, 302.97, 500.67 
141.50, 350.66, 269.94 
121.13, 346.49, 319.47 
180.52, 441.14, 498.52 
145.79, 482.36, 269.56 
125.39, 476.25, 316.23 
169.41, 551.97, 508.18 
137.79, 597.70, 274.09 
123.53, 594.62, 320.01 
242.12, 312.70, 414.62 
234.25, 346.39, 280.45 
226.88, 343.57, 331.73 
247.76, 463.81, 440.62 
235.96, 476.28, 283.85 
230.14, 474.09, 333.31 
247.76, 567.41, 437.82 
234.73, 592.28, 287.59 
230.46, 594.09, 333.64 
346.70, 322.59, 393.71 
346.80, 345.54, 284.71 
344.98, 342.65, 336.08 
348.33, 464.16, 404.03 
346.64, 475.61, 284.06 
345.79, 473.50, 336.81 
349.21, 571.42, 403.06 
346.80, 590.21, 289.69 
347.17, 594.29, 338.55 
142.36, 352.57, 269.97 
124.49, 352.25, 319.89 
128.83, 350.34, 478.58 
149.18, 484.14, 272.45 
130.90, 482.38, 313.47 
136.12, 482.53, 471.12 
143.15, 598.16, 279.57 
129.89, 599.62, 313.73 
134.34, 599.78, 469.52 
235.49, 346.47, 281.45 
230.69, 347.54, 329.31 
232.63, 349.10, 475.33 
238.85, 476.38, 286.55 
235.50, 478.29, 327.26 
236.65, 482.19, 468.84 
239.31, 591.50, 292.42 
237.42, 597.35, 324.63 
238.40, 600.48, 465.51 
348.00, 343.76, 286.41 
349.12, 344.93, 330.65 
350.09, 345.09, 478.53 
349.69, 473.63, 286.97 
351.67, 475.78, 327.79 
353.35, 478.64, 473.22 
351.59, 587.76, 294.10 
354.82, 595.82, 326.64 
357.10, 597.84, 468.33 
124.12, 346.90, 321.19 
129.20, 341.72, 480.04 
128.43, 345.09, 584.47 
130.27, 476.61, 318.45 
136.15, 473.25, 477.05 
133.98, 475.49, 584.17 
130.17, 594.92, 321.74 
136.06, 592.94, 478.99 
133.48, 596.87, 585.87 
230.16, 342.20, 329.49 
232.76, 340.34, 476.00 
234.49, 343.70, 582.52 
235.07, 472.56, 330.96 
236.81, 472.69, 473.56 
236.79, 473.39, 578.62 
237.33, 592.89, 331.16 
238.96, 593.43, 473.95 
238.70, 595.03, 581.30 
348.59, 339.55, 330.28 
350.17, 336.22, 478.11 
352.44, 338.51, 588.77 
351.33, 469.89, 330.74 
353.61, 468.92, 477.24 
355.77, 468.85, 587.02 
354.64, 591.29, 332.37 
357.43, 590.49, 476.24 
359.11, 589.76, 586.92 
129.09, 341.91, 478.36 
128.98, 341.99, 583.66 
107.66, 341.08, 599.96 
132.22, 473.09, 480.59 
129.88, 471.75, 586.66 
104.48, 466.04, 602.24 
128.23, 592.51, 487.70 
125.22, 593.71, 590.72 
101.86, 589.92, 604.91 
232.71, 345.57, 473.91 
234.83, 345.47, 581.68 
231.51, 342.62, 601.39 
232.43, 478.47, 475.21 
232.53, 475.46, 578.94 
229.16, 468.08, 604.14 
229.76, 597.77, 479.86 
229.64, 596.83, 583.10 
227.39, 592.60, 605.96 
350.22, 346.62, 475.70 
352.86, 345.30, 587.80 
356.32, 345.56, 603.25 
348.52, 480.31, 478.67 
351.00, 476.42, 587.43 
354.06, 469.74, 605.36 
347.28, 598.99, 482.11 
349.17, 595.78, 589.34 
351.63, 594.22, 606.98 
124.07, 345.97, 585.92 
97.25, 347.64, 599.86 
95.09, 343.14, 729.38 
125.93, 476.39, 588.73 
94.51, 472.20, 602.16 
94.46, 469.66, 731.29 
120.81, 597.21, 592.07 
92.25, 596.16, 604.82 
92.80, 594.58, 734.09 
229.73, 349.80, 583.99 
221.02, 348.38, 602.03 
220.98, 344.72, 734.54 
227.70, 480.06, 580.59 
219.07, 473.88, 605.04 
219.53, 470.41, 736.63 
224.89, 600.57, 584.39 
217.63, 598.55, 606.27 
216.71, 595.97, 740.78 
347.53, 349.62, 592.57 
346.35, 351.25, 603.41 
345.60, 346.43, 738.66 
345.73, 480.59, 591.30 
344.22, 475.10, 606.12 
343.51, 473.05, 740.76 
344.06, 599.26, 592.69 
341.99, 600.17, 607.55 
340.87, 598.31, 744.13 
181.43, 445.48, 498.18 
146.44, 489.85, 269.65 
126.08, 487.50, 316.47 
170.98, 551.57, 516.15 
138.97, 602.24, 276.69 
123.97, 603.66, 317.57 
108.15, 608.24, 350.42 
104.84, 668.43, 280.96 
104.06, 695.15, 332.11 
248.52, 466.14, 438.55 
236.53, 482.31, 283.75 
230.56, 484.03, 334.02 
249.74, 567.29, 441.55 
236.43, 595.99, 289.08 
231.83, 601.87, 331.17 
225.67, 603.33, 351.29 
230.05, 660.93, 296.24 
228.49, 691.93, 336.23 
349.42, 464.90, 401.90 
347.30, 480.08, 283.76 
346.09, 481.98, 338.09 
351.87, 570.97, 406.04 
348.99, 592.90, 290.66 
349.01, 600.89, 336.43 
353.19, 605.39, 358.39 
353.94, 658.83, 301.08 
352.93, 690.87, 338.22 
145.93, 482.69, 269.18 
124.45, 480.91, 316.69 
126.96, 480.84, 478.92 
139.25, 597.57, 276.21 
122.41, 598.49, 316.68 
124.04, 598.36, 476.82 
104.57, 665.14, 280.70 
101.72, 690.61, 330.69 
97.13, 684.30, 483.95 
236.13, 476.22, 283.02 
229.05, 478.42, 335.71 
226.40, 483.05, 478.53 
235.58, 592.07, 288.22 
229.64, 597.47, 332.18 
226.53, 601.07, 475.29 
228.19, 658.76, 295.42 
225.14, 688.25, 336.56 
221.54, 685.66, 478.40 
347.07, 475.15, 282.97 
344.49, 477.40, 341.18 
341.45, 481.08, 489.15 
347.70, 589.86, 289.55 
346.38, 597.36, 338.84 
343.74, 599.54, 484.01 
351.53, 657.48, 300.19 
349.27, 687.98, 340.13 
347.11, 683.48, 484.63 
128.37, 476.99, 316.24 
135.26, 470.02, 475.22 
134.42, 468.92, 583.30 
123.75, 595.07, 322.56 
131.81, 590.18, 481.74 
130.32, 591.51, 587.36 
100.13, 687.88, 343.07 
103.85, 676.40, 497.89 
106.08, 681.23, 599.11 
233.17, 478.31, 328.04 
236.10, 475.08, 470.00 
237.40, 472.41, 577.21 
230.62, 597.32, 331.21 
233.63, 595.23, 474.07 
234.63, 594.34, 580.98 
222.67, 688.36, 341.89 
226.18, 680.53, 485.14 
229.12, 683.56, 591.47 
349.01, 481.22, 326.73 
352.76, 476.99, 471.78 
356.33, 473.47, 584.77 
347.37, 600.11, 331.68 
351.51, 596.59, 474.87 
354.53, 593.36, 586.41 
346.79, 690.29, 339.64 
351.32, 681.12, 483.64 
354.50, 681.64, 595.41 
131.63, 475.79, 477.05 
130.02, 477.38, 585.62 
104.72, 474.16, 602.17 
127.67, 594.56, 480.93 
125.48, 598.01, 588.70 
103.36, 598.14, 604.36 
98.98, 680.25, 494.25 
100.03, 685.54, 599.29 
101.73, 722.36, 602.20 
231.81, 480.35, 471.59 
232.12, 480.32, 577.39 
228.88, 475.48, 603.83 
229.73, 599.18, 473.20 
229.86, 600.54, 580.70 
227.87, 599.93, 605.13 
222.37, 683.96, 481.63 
224.48, 688.06, 590.42 
225.55, 723.07, 602.15 
347.79, 481.36, 474.68 
350.40, 480.40, 585.79 
353.58, 476.27, 605.33 
347.30, 599.90, 474.94 
349.40, 598.78, 586.63 
351.91, 600.55, 606.67 
347.84, 684.02, 480.91 
350.26, 685.72, 594.76 
350.54, 723.76, 604.15 
128.54, 477.27, 587.11 
100.48, 478.49, 602.42 
102.18, 481.30, 728.25 
122.65, 597.56, 588.95 
97.62, 602.43, 604.35 
96.31, 605.66, 717.67 
93.91, 683.44, 598.26 
93.33, 724.25, 602.89 
93.44, 732.34, 712.94 
230.62, 482.79, 579.22 
225.00, 482.19, 604.61 
227.16, 484.01, 726.74 
226.27, 602.45, 580.46 
221.74, 606.65, 604.90 
222.27, 609.46, 717.32 
218.00, 688.84, 588.14 
216.91, 728.02, 601.92 
218.02, 737.93, 709.83 
348.84, 485.35, 588.64 
349.82, 485.31, 605.83 
351.53, 488.44, 722.90 
345.41, 602.59, 587.64 
345.69, 609.75, 606.68 
347.03, 614.49, 712.54 
343.93, 688.40, 593.67 
341.96, 731.65, 603.97 
342.21, 744.12, 704.53 
167.25, 553.52, 503.58 
136.58, 598.20, 273.11 
123.66, 594.53, 321.75 
99.75, 612.69, 350.50 
97.27, 668.95, 278.05 
98.34, 687.47, 339.56 
92.43, 721.61, 347.60 
91.28, 785.46, 279.10 
86.98, 809.21, 346.36 
245.61, 570.23, 435.47 
233.64, 596.15, 287.54 
230.41, 598.14, 334.24 
214.39, 607.41, 345.32 
220.62, 664.27, 293.72 
220.65, 689.08, 342.56 
223.75, 725.08, 355.92 
216.66, 785.00, 307.65 
213.67, 810.31, 354.61 
347.07, 576.57, 401.73 
345.82, 597.28, 290.65 
347.31, 602.36, 338.28 
342.00, 609.22, 352.32 
344.56, 664.43, 299.88 
344.89, 692.35, 343.77 
345.22, 730.28, 355.94 
340.18, 798.56, 294.46 
339.25, 818.64, 341.31 
138.53, 600.33, 273.51 
128.09, 595.44, 322.83 
134.26, 591.10, 480.77 
104.33, 671.04, 278.91 
107.92, 688.12, 342.22 
109.72, 677.43, 495.64 
105.59, 790.49, 286.74 
102.32, 809.08, 355.81 
104.10, 798.13, 493.48 
236.40, 594.88, 288.42 
235.22, 595.22, 332.61 
236.62, 593.48, 475.66 
228.69, 663.27, 294.34 
230.89, 686.60, 342.51 
232.63, 679.05, 486.07 
229.06, 783.69, 306.41 
228.63, 805.64, 354.48 
232.28, 796.29, 491.44 
348.94, 592.57, 291.34 
352.47, 595.45, 334.27 
354.85, 592.27, 478.47 
352.40, 660.44, 299.99 
354.93, 686.52, 341.64 
357.70, 677.54, 486.54 
353.40, 786.72, 294.42 
354.76, 805.93, 341.93 
358.88, 792.10, 493.77 
124.69, 597.40, 322.11 
126.99, 596.82, 482.20 
120.02, 602.75, 591.22 
103.36, 689.91, 336.59 
99.57, 682.42, 490.97 
94.78, 688.79, 599.69 
98.27, 812.70, 343.39 
97.40, 811.37, 479.35 
99.26, 819.54, 580.95 
231.88, 597.54, 336.34 
229.29, 600.16, 480.24 
224.45, 604.45, 583.38 
226.58, 688.54, 341.44 
223.65, 684.52, 484.88 
220.32, 691.68, 591.69 
223.91, 809.36, 349.36 
223.42, 810.07, 482.75 
222.94, 820.87, 586.15 
348.96, 598.29, 342.36 
346.86, 599.32, 488.33 
343.62, 601.30, 591.78 
350.80, 688.95, 344.51 
349.22, 682.96, 490.59 
346.25, 689.14, 598.30 
349.81, 811.01, 339.38 
349.41, 806.28, 490.01 
347.34, 817.29, 599.48 
129.20, 595.27, 479.36 
122.69, 600.12, 589.45 
94.91, 603.01, 604.49 
103.30, 681.26, 489.47 
98.72, 686.77, 598.46 
95.80, 726.26, 602.47 
100.66, 807.87, 480.81 
101.65, 814.27, 582.00 
98.55, 849.92, 607.30 
231.62, 597.86, 478.24 
226.85, 600.99, 582.53 
219.24, 602.42, 605.50 
227.08, 682.67, 484.18 
223.72, 688.74, 591.37 
219.42, 726.26, 601.98 
227.29, 805.30, 484.06 
226.48, 813.97, 587.83 
221.89, 851.24, 603.99 
349.36, 596.43, 486.36 
346.09, 597.25, 590.95 
343.41, 600.90, 607.19 
352.45, 680.66, 489.95 
349.38, 685.69, 597.88 
344.31, 726.52, 603.65 
353.57, 800.36, 491.46 
351.41, 809.53, 600.34 
345.30, 851.87, 600.12 
124.34, 597.69, 588.97 
99.37, 598.61, 604.41 
98.96, 598.18, 722.59 
98.64, 684.98, 599.18 
97.88, 722.48, 602.37 
97.64, 721.25, 729.20 
97.18, 809.28, 585.48 
98.04, 846.48, 607.07 
96.74, 849.71, 723.08 
228.44, 600.31, 581.52 
223.85, 600.35, 605.30 
224.41, 599.31, 722.77 
223.03, 688.08, 590.87 
221.60, 723.88, 602.07 
222.69, 724.41, 726.09 
223.28, 812.92, 587.67 
221.52, 849.21, 603.80 
220.90, 850.78, 723.76 
347.86, 598.49, 588.72 
347.95, 601.03, 606.86 
349.11, 601.58, 719.15 
348.77, 686.09, 596.35 
346.56, 725.44, 603.85 
347.05, 727.42, 721.71 
348.31, 811.64, 599.13 
345.14, 851.31, 600.36 
345.47, 849.12, 729.55 
229.78, 567.55, 576.42 
254.49, 232.56, 259.50 
241.02, 175.65, 315.59 
253.53, 258.28, 474.94 
238.29, 268.29, 275.74 
225.20, 245.98, 319.60 
238.42, 312.08, 426.67 
229.45, 351.01, 281.96 
220.34, 351.29, 326.28 
304.05, 479.63, 493.39 
345.43, 232.45, 274.28 
343.16, 178.54, 326.87 
338.34, 278.33, 429.75 
342.25, 267.76, 285.84 
340.23, 249.07, 330.02 
341.39, 327.92, 398.82 
340.43, 354.56, 285.87 
337.44, 354.55, 331.87 
449.66, 497.02, 511.60 
476.54, 231.09, 273.24 
473.21, 181.16, 329.16 
471.27, 273.48, 439.81 
472.29, 259.93, 279.23 
467.86, 252.82, 333.46 
471.14, 334.64, 406.10 
467.04, 354.95, 282.43 
463.36, 359.49, 334.59 
256.30, 227.12, 257.83 
246.18, 174.87, 320.46 
250.52, 197.42, 473.06 
243.34, 266.85, 275.44 
234.70, 244.59, 323.02 
237.94, 250.21, 476.17 
238.27, 348.63, 282.14 
233.51, 349.39, 328.52 
235.12, 350.32, 474.26 
349.60, 230.72, 273.47 
350.90, 175.60, 326.74 
348.90, 197.77, 479.50 
349.57, 265.01, 286.14 
351.57, 245.73, 328.99 
351.34, 248.30, 477.54 
351.35, 348.39, 286.59 
352.23, 349.46, 329.92 
352.97, 349.09, 477.59 
480.25, 235.01, 275.30 
481.68, 176.04, 324.39 
480.90, 196.40, 474.65 
480.53, 255.71, 280.07 
479.72, 246.83, 328.21 
479.97, 249.90, 475.04 
478.71, 344.13, 283.99 
478.59, 350.85, 329.01 
479.78, 351.12, 474.93 
246.24, 174.39, 320.22 
248.41, 196.03, 471.97 
246.33, 176.13, 568.02 
233.21, 243.86, 325.08 
233.37, 248.62, 478.44 
232.14, 252.46, 584.22 
230.37, 348.43, 332.87 
228.36, 347.23, 479.36 
225.09, 350.96, 582.77 
350.59, 176.26, 331.17 
344.54, 197.77, 484.34 
344.26, 179.46, 582.40 
349.71, 245.84, 335.42 
345.14, 247.68, 485.29 
342.23, 248.49, 589.35 
348.76, 349.94, 338.67 
345.19, 347.41, 488.28 
342.29, 350.40, 592.16 
481.22, 177.89, 333.61 
476.03, 197.32, 484.34 
472.91, 176.88, 580.93 
477.64, 248.37, 339.43 
473.56, 249.94, 487.62 
470.14, 246.20, 586.21 
474.99, 353.19, 342.22 
471.82, 350.75, 490.74 
468.56, 351.34, 591.12 
249.57, 194.63, 469.18 
249.52, 174.58, 566.63 
224.60, 100.90, 603.41 
235.64, 246.68, 476.19 
236.52, 250.20, 583.68 
225.61, 222.50, 602.63 
231.74, 344.20, 478.31 
230.76, 347.26, 582.97 
223.56, 347.39, 601.71 
346.01, 195.70, 478.81 
348.07, 178.88, 580.45 
349.71, 96.95, 599.83 
347.83, 245.07, 480.03 
347.17, 245.51, 587.22 
348.97, 224.61, 602.93 
349.08, 343.27, 484.14 
348.52, 345.41, 590.89 
348.71, 348.59, 603.25 
477.79, 194.68, 475.95 
477.22, 176.78, 577.91 
474.36, 101.28, 605.17 
476.51, 246.75, 479.77 
475.61, 242.76, 582.85 
473.88, 224.64, 605.43 
475.85, 345.64, 483.74 
475.04, 345.15, 588.41 
473.58, 348.99, 605.56 
250.67, 176.35, 567.50 
229.19, 104.80, 603.31 
228.16, 100.66, 722.60 
239.32, 251.58, 583.09 
231.51, 227.39, 602.32 
230.52, 225.29, 718.91 
235.39, 349.07, 581.39 
231.07, 351.75, 601.43 
233.29, 351.37, 715.71 
350.02, 180.26, 579.61 
354.04, 101.41, 599.77 
354.45, 99.97, 721.95 
350.69, 246.07, 585.22 
354.66, 228.28, 602.77 
357.25, 223.55, 714.92 
353.57, 345.74, 588.10 
355.96, 351.23, 603.31 
358.70, 350.85, 709.44 
479.50, 178.13, 575.86 
478.80, 105.42, 604.51 
479.72, 94.48, 714.91 
479.41, 242.79, 579.68 
479.78, 226.87, 604.68 
482.05, 222.53, 710.28 
480.25, 344.12, 584.21 
480.91, 349.90, 605.08 
483.14, 350.51, 705.41 
255.06, 263.63, 462.02 
242.77, 264.69, 273.98 
233.95, 238.25, 324.46 
240.43, 315.42, 409.04 
233.64, 345.21, 279.32 
228.34, 339.87, 335.42 
242.61, 465.69, 431.33 
231.35, 474.65, 281.74 
227.25, 470.11, 339.01 
341.41, 279.63, 427.91 
348.68, 264.44, 285.04 
350.05, 242.11, 331.46 
344.24, 328.59, 391.26 
346.35, 348.81, 284.22 
346.65, 343.89, 337.77 
340.99, 471.27, 399.47 
341.33, 479.21, 283.30 
342.61, 474.75, 340.64 
474.65, 273.86, 444.32 
479.36, 257.08, 279.06 
478.15, 246.07, 331.55 
474.01, 333.85, 401.75 
473.26, 349.19, 281.55 
472.86, 349.60, 337.48 
471.38, 477.62, 403.76 
468.82, 483.10, 280.31 
468.68, 479.48, 340.96 
243.04, 266.87, 274.93 
235.18, 244.74, 324.33 
239.07, 250.22, 477.69 
234.72, 349.40, 281.26 
230.36, 349.64, 330.03 
232.73, 350.24, 476.14 
232.84, 479.86, 285.54 
229.30, 480.52, 328.59 
230.91, 483.44, 470.51 
349.49, 266.88, 286.10 
352.14, 248.66, 329.57 
352.68, 250.67, 478.19 
347.14, 353.02, 286.23 
348.69, 353.74, 330.82 
350.19, 353.02, 478.67 
342.03, 484.22, 286.96 
344.57, 485.17, 328.88 
346.69, 487.13, 474.35 
480.09, 259.58, 280.64 
480.07, 252.64, 328.15 
481.14, 254.87, 474.85 
474.16, 353.17, 284.04 
474.88, 359.18, 329.19 
476.87, 359.07, 475.17 
469.96, 487.98, 284.13 
470.74, 489.62, 327.82 
473.71, 491.44, 472.18 
234.24, 243.15, 321.62 
238.06, 246.67, 474.61 
240.97, 250.08, 583.45 
233.60, 347.04, 330.95 
235.68, 344.44, 477.42 
236.91, 346.97, 583.13 
236.70, 477.86, 332.83 
238.00, 477.32, 475.74 
237.47, 477.12, 579.54 
350.86, 243.78, 327.33 
350.98, 244.33, 475.40 
352.55, 244.68, 585.29 
352.39, 346.34, 331.91 
353.54, 342.33, 480.15 
355.32, 343.80, 589.54 
353.15, 477.32, 333.05 
354.99, 475.71, 480.02 
356.65, 474.68, 588.04 
479.09, 244.26, 326.06 
479.76, 245.37, 472.42 
481.39, 241.56, 579.62 
478.76, 347.01, 330.55 
480.36, 343.61, 476.85 
482.02, 342.29, 585.50 
479.61, 476.75, 332.40 
482.23, 475.06, 477.78 
484.19, 473.21, 584.13 
236.42, 248.13, 477.09 
238.13, 252.13, 584.27 
229.01, 226.52, 602.58 
233.88, 346.61, 478.15 
233.94, 350.38, 583.04 
228.37, 351.61, 601.78 
236.18, 479.64, 474.92 
234.55, 480.89, 578.91 
229.40, 477.22, 604.30 
349.02, 245.75, 479.39 
349.51, 246.75, 587.03 
352.51, 227.67, 602.94 
351.49, 344.51, 482.48 
352.13, 347.35, 590.35 
353.53, 351.47, 603.33 
352.87, 478.12, 480.66 
353.31, 478.46, 588.18 
354.27, 475.64, 605.57 
477.71, 246.73, 477.69 
478.07, 243.44, 582.04 
477.47, 226.53, 605.26 
478.30, 345.74, 480.61 
478.74, 345.90, 587.11 
478.41, 350.53, 605.43 
480.10, 477.48, 479.90 
480.85, 477.01, 585.04 
479.47, 474.63, 605.69 
236.75, 250.90, 584.41 
222.99, 227.45, 602.67 
217.56, 230.16, 727.71 
232.70, 348.41, 581.98 
222.90, 352.80, 601.49 
220.22, 354.41, 719.94 
233.76, 478.73, 576.22 
224.48, 478.65, 603.39 
221.40, 479.60, 710.28 
347.63, 245.03, 589.03 
346.59, 227.58, 603.21 
343.55, 229.18, 738.21 
350.59, 345.18, 591.10 
347.87, 352.35, 603.29 
345.54, 353.38, 727.28 
352.15, 475.98, 587.60 
348.99, 476.53, 605.47 
346.62, 479.19, 715.74 
475.98, 240.93, 585.77 
471.26, 225.87, 606.54 
469.22, 228.15, 744.31 
477.08, 343.48, 589.71 
472.68, 351.33, 605.84 
470.27, 352.18, 734.97 
479.57, 474.18, 586.40 
474.10, 475.09, 605.99 
470.90, 478.68, 725.08 
242.63, 315.14, 413.54 
237.95, 345.83, 280.67 
234.29, 340.31, 332.34 
249.54, 466.81, 433.40 
241.16, 475.46, 283.24 
239.25, 470.56, 336.58 
250.34, 570.79, 424.45 
241.88, 591.85, 286.47 
241.86, 591.37, 339.42 
347.37, 320.96, 397.97 
351.24, 342.75, 285.70 
353.22, 337.62, 332.68 
351.31, 463.58, 405.08 
353.34, 472.50, 284.08 
356.17, 467.71, 335.91 
354.29, 571.58, 400.50 
355.74, 588.11, 288.78 
359.75, 589.61, 340.06 
477.38, 319.05, 413.93 
478.60, 335.42, 283.34 
479.62, 336.34, 330.56 
482.59, 462.81, 414.60 
481.48, 468.43, 281.72 
482.62, 465.00, 334.53 
486.31, 567.39, 405.15 
484.78, 585.83, 283.85 
486.08, 586.38, 338.76 
237.66, 350.66, 281.43 
231.66, 349.09, 330.60 
232.06, 347.89, 476.80 
240.29, 481.30, 285.13 
235.80, 480.02, 331.14 
235.45, 480.98, 473.58 
239.89, 595.28, 289.53 
237.05, 598.80, 331.00 
236.53, 599.65, 473.71 
350.82, 348.68, 285.40 
350.20, 347.15, 333.46 
349.45, 344.59, 482.09 
351.75, 479.37, 285.03 
352.09, 478.28, 333.28 
352.01, 478.19, 480.20 
353.15, 592.27, 291.15 
354.65, 597.96, 334.51 
355.02, 597.45, 478.78 
478.07, 342.82, 282.37 
476.52, 346.75, 333.97 
476.18, 344.59, 481.16 
480.00, 476.55, 281.74 
478.52, 476.49, 334.51 
479.20, 476.28, 480.37 
482.20, 591.02, 285.29 
480.87, 595.72, 335.60 
482.15, 594.86, 479.52 
230.40, 345.79, 330.83 
229.40, 346.83, 477.12 
227.24, 352.83, 582.02 
232.79, 476.50, 329.32 
231.04, 479.74, 471.19 
227.26, 483.58, 576.67 
232.26, 595.95, 326.95 
230.22, 598.65, 468.64 
226.23, 602.98, 578.67 
348.85, 345.86, 335.50 
346.43, 345.57, 484.53 
344.69, 350.79, 590.93 
348.71, 476.95, 333.16 
346.91, 479.26, 479.87 
344.85, 482.09, 587.63 
349.16, 596.90, 332.27 
347.83, 598.30, 475.80 
345.26, 600.13, 586.96 
475.14, 347.58, 337.74 
473.11, 347.53, 485.66 
471.08, 350.27, 589.27 
475.04, 477.40, 336.01 
474.02, 479.56, 482.18 
472.29, 481.53, 586.16 
475.27, 596.51, 334.94 
474.82, 597.42, 478.80 
473.10, 599.24, 585.39 
230.02, 346.17, 477.14 
231.20, 350.10, 582.49 
226.58, 351.46, 601.69 
228.26, 479.03, 473.45 
227.58, 480.56, 577.78 
222.78, 477.10, 604.05 
223.95, 598.09, 473.35 
223.06, 600.80, 580.38 
219.36, 601.55, 604.98 
347.10, 348.81, 480.05 
349.01, 351.73, 589.41 
351.60, 356.09, 603.31 
343.66, 482.70, 477.84 
345.26, 483.26, 586.91 
347.47, 480.36, 605.50 
340.66, 600.86, 476.37 
341.69, 601.06, 587.22 
343.29, 604.73, 606.68 
473.74, 354.78, 476.92 
475.50, 355.12, 585.80 
476.48, 359.90, 605.20 
470.61, 487.06, 476.00 
472.73, 486.86, 583.64 
472.70, 484.13, 605.43 
467.36, 603.08, 475.25 
469.46, 603.15, 584.27 
468.62, 607.85, 605.87 
232.64, 351.00, 583.37 
223.39, 354.92, 601.88 
222.09, 356.15, 728.86 
233.84, 481.49, 578.07 
225.17, 480.63, 604.03 
223.34, 481.53, 719.04 
234.30, 601.30, 579.69 
227.13, 605.01, 604.73 
224.00, 607.29, 710.85 
350.71, 347.63, 592.23 
348.62, 354.33, 603.44 
346.93, 354.73, 735.24 
352.40, 478.52, 589.01 
349.89, 478.37, 605.72 
348.15, 480.92, 723.97 
354.29, 597.32, 587.99 
351.07, 602.91, 606.77 
348.95, 606.92, 714.66 
477.19, 345.72, 590.58 
473.41, 353.15, 606.08 
471.71, 353.23, 741.05 
479.85, 476.50, 587.44 
474.95, 476.78, 606.30 
472.53, 480.15, 731.89 
482.19, 595.49, 586.29 
476.34, 600.95, 606.32 
473.47, 605.75, 723.57 
247.60, 464.69, 442.03 
234.17, 474.34, 283.87 
226.47, 469.30, 332.58 
246.54, 568.67, 433.56 
232.24, 591.10, 286.51 
226.25, 590.18, 335.32 
220.95, 607.54, 348.23 
223.27, 662.10, 292.73 
220.29, 682.59, 345.32 
347.86, 466.29, 402.14 
344.38, 474.39, 283.75 
341.68, 469.36, 338.06 
347.83, 573.22, 397.35 
343.78, 589.70, 288.64 
342.30, 590.99, 342.25 
347.48, 609.24, 354.45 
346.36, 661.25, 297.84 
343.92, 683.05, 349.68 
478.79, 469.20, 401.09 
471.97, 473.68, 280.00 
467.73, 469.62, 342.27 
479.04, 572.17, 391.51 
472.07, 589.75, 283.05 
468.20, 590.40, 346.75 
474.42, 611.50, 350.05 
471.12, 664.38, 293.48 
468.48, 682.81, 352.84 
237.59, 480.22, 284.13 
233.26, 476.96, 333.23 
233.26, 475.94, 476.10 
232.18, 594.98, 287.24 
229.16, 596.28, 334.34 
229.08, 595.85, 477.94 
218.84, 663.79, 293.27 
219.25, 687.53, 343.02 
219.15, 680.94, 486.89 
348.46, 484.75, 284.63 
349.23, 481.65, 335.15 
349.48, 479.69, 482.40 
343.93, 596.16, 290.62 
345.82, 600.58, 338.04 
346.40, 598.53, 483.06 
342.56, 663.70, 299.71 
343.34, 690.83, 344.03 
344.36, 682.33, 489.74 
476.56, 488.53, 281.36 
475.54, 486.23, 336.11 
476.65, 484.20, 482.19 
472.27, 598.97, 285.54 
471.71, 603.45, 339.05 
473.38, 600.79, 483.64 
466.93, 668.31, 296.26 
467.70, 693.67, 343.84 
469.22, 684.74, 489.77 
231.34, 476.83, 333.48 
233.22, 476.22, 476.49 
233.07, 475.97, 579.49 
230.49, 596.25, 334.41 
232.27, 596.13, 478.08 
231.93, 597.24, 582.62 
224.39, 687.54, 342.77 
226.48, 681.17, 486.53 
228.04, 686.07, 592.15 
347.09, 477.65, 333.37 
349.48, 476.00, 480.27 
351.69, 474.91, 588.07 
347.28, 597.49, 335.88 
350.05, 595.84, 480.48 
351.73, 594.62, 588.73 
348.49, 688.20, 341.56 
351.72, 680.40, 486.51 
353.58, 683.09, 596.58 
473.36, 478.46, 332.07 
476.60, 476.69, 477.54 
479.19, 474.80, 584.20 
473.28, 597.34, 334.65 
477.11, 595.25, 478.42 
479.72, 594.07, 584.77 
472.91, 688.35, 339.29 
476.62, 680.61, 483.52 
478.72, 683.74, 593.93 
234.48, 478.20, 476.80 
235.26, 481.42, 579.76 
233.04, 479.56, 604.66 
232.71, 597.54, 474.66 
233.33, 601.38, 581.61 
232.30, 604.15, 605.32 
226.04, 682.70, 479.16 
228.63, 688.33, 589.76 
230.27, 726.61, 602.13 
350.88, 478.85, 479.28 
354.14, 481.21, 587.62 
357.92, 480.14, 605.61 
350.60, 597.99, 475.68 
353.36, 599.37, 586.98 
356.41, 604.50, 606.68 
351.32, 682.70, 477.62 
354.44, 685.78, 593.65 
355.32, 726.70, 604.28 
478.02, 480.39, 475.30 
481.73, 481.97, 583.04 
483.16, 481.26, 605.31 
477.54, 598.07, 472.45 
481.31, 599.51, 582.47 
481.94, 604.88, 605.55 
476.10, 683.52, 473.43 
479.37, 686.96, 590.42 
480.13, 726.75, 604.86 
231.71, 479.81, 578.59 
224.43, 473.96, 604.14 
224.69, 470.02, 723.14 
231.31, 600.18, 582.47 
225.53, 598.49, 605.56 
224.78, 595.75, 726.47 
228.31, 688.46, 592.46 
225.34, 723.07, 602.21 
225.09, 718.91, 735.45 
350.08, 477.58, 588.87 
349.31, 472.52, 605.58 
349.34, 469.97, 723.89 
351.10, 596.71, 590.08 
349.73, 597.21, 607.07 
349.40, 595.85, 726.85 
353.96, 685.46, 598.30 
350.24, 723.22, 603.82 
349.56, 718.66, 735.55 
477.54, 476.32, 586.70 
474.43, 471.70, 606.04 
473.68, 469.78, 727.07 
479.03, 595.35, 587.67 
474.93, 595.89, 606.66 
474.04, 595.58, 731.32 
478.99, 686.13, 597.06 
475.04, 722.81, 604.60 
474.99, 716.68, 740.15 
246.76, 567.17, 441.07 
236.48, 591.77, 288.27 
235.63, 592.46, 332.50 
218.67, 605.61, 349.64 
226.86, 660.83, 294.03 
229.43, 684.28, 341.23 
226.33, 715.77, 348.12 
224.50, 775.08, 306.37 
224.86, 800.82, 353.05 
347.77, 571.74, 409.46 
348.75, 590.89, 291.36 
352.80, 594.36, 333.73 
345.19, 606.55, 356.40 
350.16, 658.62, 300.27 
353.27, 685.56, 340.23 
350.05, 712.89, 350.11 
349.41, 781.16, 295.78 
351.11, 804.09, 339.76 
478.88, 569.37, 413.72 
477.70, 591.62, 286.51 
479.00, 594.87, 332.47 
472.28, 606.56, 354.62 
474.96, 660.75, 296.46 
477.74, 686.22, 337.97 
472.78, 715.94, 351.18 
474.37, 783.76, 292.30 
476.76, 803.11, 341.36 
233.72, 593.04, 288.44 
230.60, 596.83, 331.49 
230.49, 598.75, 474.53 
222.60, 660.15, 294.67 
222.96, 687.79, 337.61 
222.80, 683.68, 479.90 
220.14, 774.60, 308.10 
217.92, 807.77, 347.45 
220.03, 807.49, 479.25 
345.44, 592.74, 291.24 
347.43, 599.34, 334.97 
348.17, 599.76, 479.27 
346.12, 658.83, 301.05 
347.08, 689.58, 338.40 
348.26, 683.84, 482.22 
344.58, 783.09, 297.41 
343.72, 813.00, 333.86 
346.13, 807.53, 482.28 
474.11, 594.08, 285.88 
473.44, 600.46, 335.70 
475.17, 600.34, 479.68 
470.80, 662.20, 296.99 
471.49, 690.93, 337.95 
473.09, 684.89, 481.92 
469.67, 788.17, 292.38 
469.73, 813.04, 337.11 
471.62, 807.94, 486.28 
233.19, 596.72, 332.88 
231.12, 595.12, 475.88 
226.87, 594.88, 581.18 
224.95, 687.86, 342.70 
222.69, 680.39, 486.23 
219.85, 684.27, 591.54 
219.03, 807.99, 355.65 
218.59, 799.70, 490.73 
217.77, 803.65, 590.46 
350.33, 599.96, 338.53 
348.67, 596.80, 483.60 
345.82, 594.33, 589.81 
349.11, 690.37, 345.62 
347.86, 680.81, 491.77 
345.16, 683.58, 598.13 
344.89, 814.00, 345.34 
345.15, 800.71, 497.86 
343.46, 805.16, 602.32 
476.38, 601.74, 341.77 
475.75, 598.06, 486.69 
473.66, 595.68, 588.22 
473.53, 692.26, 347.64 
472.77, 682.26, 494.35 
470.25, 686.54, 598.04 
470.93, 815.01, 351.80 
470.39, 802.80, 503.98 
467.56, 811.02, 599.88 
231.03, 596.38, 476.18 
230.39, 597.54, 581.78 
227.60, 596.16, 605.49 
223.76, 681.49, 484.66 
224.98, 686.10, 591.39 
225.17, 720.19, 602.27 
221.03, 802.37, 487.21 
224.57, 808.01, 589.49 
224.53, 845.75, 603.45 
348.65, 597.17, 479.00 
349.96, 595.99, 588.18 
351.75, 597.08, 606.83 
349.02, 681.55, 485.08 
350.55, 683.99, 596.11 
350.09, 721.47, 604.04 
347.39, 801.95, 488.99 
349.95, 806.95, 599.73 
348.38, 847.59, 600.14 
475.66, 597.60, 477.44 
477.93, 596.45, 584.54 
477.14, 597.99, 605.92 
473.88, 682.56, 482.66 
475.65, 685.55, 593.91 
474.95, 722.42, 604.66 
472.65, 802.30, 490.39 
474.21, 810.07, 595.89 
472.74, 850.04, 595.59 
229.67, 598.34, 581.21 
227.05, 597.85, 605.31 
229.54, 596.64, 721.12 
228.13, 686.30, 590.72 
228.55, 721.24, 602.26 
231.47, 722.15, 724.23 
231.83, 808.69, 589.07 
231.95, 846.51, 603.38 
233.39, 848.02, 723.38 
349.08, 593.51, 587.37 
351.13, 594.76, 606.76 
354.20, 595.20, 712.96 
353.65, 681.54, 594.94 
353.50, 718.39, 604.30 
355.79, 722.48, 714.70 
357.15, 801.52, 598.87 
355.77, 844.17, 600.22 
357.88, 844.41, 722.62 
477.06, 590.66, 583.52 
476.57, 591.73, 605.77 
478.41, 593.07, 709.68 
478.85, 680.37, 592.02 
478.38, 715.27, 604.92 
480.93, 720.56, 710.36 
481.15, 798.76, 595.20 
480.15, 842.33, 596.48 
483.92, 840.91, 721.75 
304.27, 492.17, 493.44 
349.33, 230.13, 273.21 
348.08, 173.71, 327.21 
343.55, 280.94, 427.88 
349.16, 264.11, 284.74 
348.48, 243.30, 332.30 
350.56, 325.94, 393.37 
350.71, 348.56, 284.55 
349.03, 345.97, 336.41 
448.32, 531.14, 520.09 
480.10, 231.37, 273.75 
478.66, 174.43, 327.45 
477.21, 276.23, 441.86 
479.96, 254.83, 277.92 
476.58, 244.67, 334.29 
480.71, 327.45, 401.78 
477.89, 344.97, 281.33 
475.34, 347.72, 338.02 
550.02, 525.50, 521.09 
590.89, 227.82, 276.70 
597.21, 174.97, 331.50 
591.71, 273.83, 425.51 
598.65, 253.38, 279.63 
598.33, 243.68, 337.47 
597.03, 333.39, 390.31 
600.17, 339.19, 282.70 
598.03, 348.44, 341.97 
347.70, 231.53, 273.71 
347.89, 175.75, 325.72 
344.78, 198.10, 478.32 
350.20, 265.17, 286.91 
351.09, 246.07, 327.19 
349.70, 248.98, 475.29 
354.59, 347.57, 287.58 
354.33, 349.87, 327.27 
353.89, 350.36, 474.11 
478.18, 234.41, 275.20 
478.46, 174.84, 324.68 
476.30, 196.08, 475.17 
481.30, 254.53, 280.13 
479.23, 245.37, 327.50 
478.22, 249.11, 474.27 
482.10, 340.70, 284.48 
480.70, 348.65, 327.50 
480.65, 349.89, 472.98 
588.56, 231.31, 278.68 
596.94, 173.86, 327.34 
596.24, 193.02, 474.67 
599.15, 252.78, 282.11 
600.62, 242.42, 329.53 
599.89, 248.95, 474.79 
603.72, 331.90, 285.77 
603.04, 346.07, 330.55 
602.93, 349.10, 472.47 
349.60, 175.23, 325.76 
348.30, 197.77, 478.38 
352.46, 184.72, 580.72 
350.90, 245.45, 327.17 
351.42, 248.41, 475.28 
353.34, 252.05, 585.75 
352.25, 348.95, 327.30 
353.71, 349.41, 474.15 
355.82, 355.16, 587.19 
480.31, 175.27, 322.63 
480.23, 196.10, 472.77 
482.43, 182.41, 576.10 
479.07, 246.01, 325.64 
480.02, 249.64, 471.98 
481.91, 249.22, 580.11 
478.60, 349.56, 325.70 
480.50, 350.83, 470.65 
482.53, 353.93, 582.96 
598.39, 175.16, 323.48 
599.26, 193.63, 470.44 
601.15, 180.45, 575.04 
600.50, 244.29, 325.90 
601.52, 250.46, 470.26 
603.55, 251.04, 580.45 
601.10, 348.65, 326.95 
602.79, 351.93, 467.88 
605.55, 351.85, 579.65 
344.33, 195.50, 476.94 
345.86, 178.53, 579.68 
346.73, 94.09, 599.27 
344.58, 245.09, 480.35 
343.29, 244.49, 587.30 
344.42, 220.77, 602.90 
344.28, 343.23, 486.60 
343.09, 343.70, 591.66 
342.59, 344.83, 603.18 
475.91, 195.15, 474.94 
474.69, 177.09, 577.63 
471.37, 99.59, 604.81 
473.09, 247.59, 480.94 
471.52, 242.47, 583.35 
469.27, 222.33, 605.46 
470.92, 346.95, 487.13 
469.43, 344.86, 589.81 
467.44, 346.86, 605.69 
595.97, 193.89, 476.01 
595.11, 174.14, 576.47 
594.85, 102.91, 607.87 
595.38, 250.41, 482.95 
594.47, 245.45, 584.91 
594.26, 222.32, 607.63 
594.00, 350.62, 487.43 
593.42, 345.57, 587.45 
591.83, 348.23, 606.79 
348.56, 181.05, 580.05 
347.62, 102.66, 599.97 
343.07, 102.62, 724.47 
347.97, 247.48, 586.08 
347.01, 229.82, 602.75 
344.48, 225.46, 718.54 
349.48, 348.06, 588.88 
346.89, 353.12, 603.18 
344.73, 352.21, 714.11 
477.87, 177.54, 578.44 
472.24, 104.75, 605.40 
468.76, 103.01, 728.56 
476.39, 244.58, 582.95 
471.92, 229.23, 605.36 
469.68, 226.59, 725.07 
475.99, 347.87, 587.56 
471.79, 353.45, 605.39 
469.37, 352.75, 721.37 
597.66, 173.21, 578.75 
595.98, 105.09, 608.97 
593.28, 103.08, 732.38 
598.76, 246.46, 585.64 
596.86, 227.28, 607.73 
594.17, 228.09, 731.15 
599.52, 346.94, 586.44 
596.12, 353.26, 606.36 
594.00, 352.61, 729.83 
340.18, 279.81, 428.33 
345.60, 266.16, 285.18 
344.92, 247.31, 331.61 
344.86, 326.30, 396.89 
345.13, 352.21, 285.38 
343.47, 352.02, 333.51 
343.74, 468.66, 412.54 
341.93, 483.25, 285.78 
341.32, 483.51, 332.00 
473.40, 274.82, 441.47 
476.02, 257.85, 278.73 
472.79, 250.12, 333.65 
474.81, 330.71, 405.98 
472.05, 350.87, 282.22 
469.62, 355.66, 335.00 
474.47, 473.96, 415.79 
469.74, 485.07, 281.97 
467.41, 486.04, 334.06 
589.53, 271.50, 425.72 
595.78, 256.54, 279.79 
594.98, 250.74, 336.75 
592.20, 339.51, 395.92 
594.89, 347.04, 283.10 
592.65, 358.43, 338.80 
594.50, 483.36, 405.33 
592.47, 485.75, 283.30 
590.62, 488.26, 337.88 
347.70, 264.37, 285.41 
351.51, 241.84, 330.42 
353.05, 242.35, 479.18 
349.20, 347.91, 284.58 
351.93, 343.53, 336.32 
354.54, 338.49, 485.58 
347.95, 478.36, 283.56 
351.62, 474.37, 338.77 
354.89, 471.48, 486.92 
478.50, 255.67, 280.22 
479.77, 243.25, 327.80 
482.02, 243.89, 474.41 
476.35, 344.17, 282.52 
478.29, 345.52, 333.53 
481.39, 340.91, 480.40 
475.91, 478.06, 281.19 
478.00, 475.11, 336.65 
482.12, 472.11, 482.80 
597.12, 254.89, 283.03 
601.07, 242.23, 326.92 
603.08, 245.14, 471.53 
598.71, 337.93, 284.61 
600.78, 345.99, 333.39 
603.62, 343.04, 476.11 
597.96, 476.23, 284.03 
600.36, 475.53, 336.34 
603.76, 472.48, 479.25 
350.77, 244.99, 332.14 
347.66, 245.92, 481.33 
346.13, 246.07, 587.74 
350.09, 348.43, 336.61 
348.01, 344.65, 485.89 
346.59, 346.41, 591.46 
348.71, 479.70, 337.71 
347.25, 478.29, 485.41 
345.55, 477.27, 589.80 
478.82, 247.14, 334.40 
476.28, 248.10, 482.07 
474.47, 243.77, 583.84 
476.39, 351.34, 338.56 
474.74, 347.81, 486.54 
473.03, 347.01, 589.50 
475.06, 481.41, 340.36 
474.41, 479.85, 487.16 
472.92, 478.00, 588.05 
600.38, 246.97, 338.09 
598.18, 250.52, 484.40 
597.09, 246.38, 585.64 
598.99, 353.27, 342.89 
597.55, 350.76, 487.23 
596.80, 347.02, 587.41 
597.67, 482.88, 344.61 
596.77, 481.14, 488.66 
595.98, 478.17, 586.79 
347.13, 244.98, 479.01 
348.73, 244.19, 586.67 
352.93, 220.62, 602.93 
345.38, 343.11, 485.60 
347.16, 343.32, 591.39 
349.72, 344.35, 603.26 
342.53, 476.58, 487.04 
344.06, 473.85, 590.42 
346.23, 468.23, 605.76 
475.69, 248.41, 476.26 
477.28, 243.60, 581.44 
477.87, 223.94, 605.06 
472.01, 348.41, 482.65 
473.62, 345.93, 588.02 
474.53, 347.70, 605.48 
469.52, 480.41, 485.29 
471.35, 476.90, 587.44 
471.25, 471.55, 606.16 
597.68, 251.98, 474.97 
599.42, 248.04, 582.08 
602.62, 226.10, 606.70 
594.96, 353.71, 479.75 
597.28, 348.09, 584.56 
598.87, 350.32, 605.90 
592.26, 484.06, 483.10 
594.47, 479.43, 584.69 
595.90, 475.29, 605.61 
346.62, 247.55, 586.48 
347.19, 226.60, 602.79 
346.15, 219.36, 720.77 
346.39, 348.33, 590.56 
345.35, 350.09, 603.19 
344.76, 345.64, 724.81 
344.62, 479.44, 589.25 
343.25, 474.19, 605.67 
342.70, 471.68, 727.31 
474.96, 245.81, 582.79 
472.11, 227.94, 605.27 
471.38, 221.82, 723.41 
472.82, 349.68, 588.76 
470.22, 352.12, 605.55 
469.47, 347.83, 727.77 
471.99, 480.88, 587.69 
468.31, 475.91, 606.29 
467.06, 474.20, 732.05 
597.54, 248.85, 584.68 
597.03, 227.94, 607.40 
595.90, 224.51, 725.68 
596.58, 350.36, 586.75 
594.59, 353.57, 606.49 
594.06, 349.49, 732.25 
595.09, 481.83, 586.52 
593.02, 478.19, 606.24 
591.78, 475.73, 737.94 
348.01, 323.77, 396.81 
352.68, 348.05, 285.33 
355.52, 346.33, 333.66 
348.84, 465.97, 409.05 
351.56, 478.70, 284.88 
355.31, 477.36, 333.70 
348.92, 571.67, 407.73 
350.88, 591.92, 290.95 
355.81, 597.26, 335.10 
478.08, 324.73, 413.30 
480.01, 343.85, 283.31 
481.91, 348.00, 330.86 
480.07, 468.45, 420.45 
479.84, 478.06, 282.64 
481.79, 477.79, 331.62 
480.25, 568.53, 413.56 
479.87, 591.78, 286.28 
482.02, 596.72, 332.99 
593.80, 333.22, 408.36 
601.93, 337.32, 285.62 
604.17, 348.04, 330.91 
598.37, 476.70, 414.90 
601.31, 475.95, 285.68 
603.86, 477.85, 331.48 
603.08, 567.38, 405.32 
601.48, 595.47, 286.47 
604.64, 595.37, 332.40 
351.23, 349.77, 284.92 
347.86, 347.54, 334.96 
344.38, 344.41, 483.82 
347.15, 480.54, 284.54 
344.78, 478.69, 335.30 
341.89, 478.02, 482.39 
343.53, 593.34, 290.65 
342.35, 598.31, 336.87 
339.80, 597.37, 481.52 
478.33, 349.19, 281.27 
474.05, 352.10, 338.30 
470.96, 349.23, 486.33 
475.04, 483.25, 280.58 
470.94, 482.21, 339.28 
468.85, 481.41, 486.03 
471.89, 595.73, 284.75 
468.18, 600.40, 340.86 
466.65, 598.78, 485.88 
600.52, 346.53, 282.48 
596.74, 355.84, 344.00 
594.00, 353.92, 488.47 
597.11, 484.86, 282.21 
593.83, 485.47, 344.91 
591.66, 484.56, 488.95 
594.62, 601.34, 283.39 
591.77, 601.16, 346.07 
589.79, 600.28, 489.62 
350.35, 348.09, 335.55 
346.18, 342.39, 484.48 
342.67, 342.37, 590.89 
349.09, 479.25, 338.49 
345.54, 475.82, 486.26 
341.76, 472.85, 590.02 
348.55, 598.82, 342.59 
345.26, 595.63, 488.45 
340.85, 593.22, 591.46 
476.60, 350.77, 339.60 
472.83, 345.32, 487.67 
468.97, 342.77, 590.00 
475.41, 480.74, 343.35 
472.62, 477.19, 490.43 
468.94, 473.36, 589.43 
474.55, 599.19, 347.50 
472.36, 595.51, 493.16 
468.56, 593.07, 590.57 
599.14, 352.59, 346.04 
595.76, 348.05, 490.62 
592.95, 342.72, 588.57 
597.95, 482.06, 349.72 
595.12, 478.28, 494.06 
592.29, 473.27, 588.55 
597.73, 598.25, 353.58 
595.01, 595.64, 497.60 
591.74, 595.50, 590.28 
350.58, 346.53, 482.56 
350.93, 348.86, 590.36 
352.00, 352.49, 603.32 
348.85, 480.30, 481.20 
348.95, 480.10, 588.31 
349.63, 476.64, 605.60 
347.56, 599.03, 480.44 
347.10, 598.67, 588.81 
347.16, 601.25, 606.87 
477.35, 350.78, 481.10 
477.50, 350.50, 587.36 
476.88, 354.67, 605.44 
476.03, 482.89, 480.92 
476.45, 481.89, 585.53 
474.80, 478.70, 605.81 
474.58, 599.88, 480.87 
474.99, 599.56, 586.16 
472.44, 602.77, 606.23 
599.92, 354.76, 480.02 
600.95, 351.41, 584.70 
601.24, 356.23, 605.85 
598.22, 485.22, 480.64 
599.15, 483.15, 583.89 
599.45, 481.22, 605.32 
597.17, 600.61, 481.34 
597.64, 603.03, 584.87 
597.68, 604.95, 605.80 
350.42, 346.20, 591.11 
354.10, 348.19, 603.35 
358.13, 343.82, 727.60 
348.07, 477.09, 589.82 
351.36, 472.14, 605.75 
355.39, 469.99, 729.86 
345.78, 596.44, 590.93 
348.50, 596.93, 607.23 
352.20, 595.66, 732.63 
476.94, 348.13, 587.04 
478.91, 350.69, 605.41 
482.66, 347.14, 718.64 
475.49, 479.37, 586.02 
476.44, 474.74, 605.88 
479.58, 472.92, 722.87 
473.64, 597.63, 587.24 
473.67, 598.84, 606.47 
476.68, 598.74, 726.72 
600.38, 349.50, 583.18 
603.23, 352.46, 605.54 
607.05, 350.38, 712.28 
598.24, 481.09, 583.12 
601.03, 477.70, 605.13 
604.33, 475.35, 717.13 
596.37, 601.36, 584.78 
598.92, 601.41, 605.79 
601.99, 600.77, 720.99 
348.89, 468.42, 406.03 
349.39, 476.59, 284.29 
350.80, 471.26, 335.74 
348.88, 573.94, 399.60 
348.85, 590.98, 289.17 
351.43, 592.46, 340.43 
348.44, 609.24, 354.09 
351.50, 661.70, 298.26 
353.15, 684.22, 348.14 
480.12, 470.96, 412.68 
477.46, 475.89, 281.37 
477.20, 471.64, 335.85 
480.29, 571.67, 400.43 
477.55, 590.92, 284.09 
477.61, 591.86, 340.68 
475.28, 609.96, 351.49 
476.30, 663.57, 294.18 
477.71, 683.95, 347.24 
598.67, 477.98, 403.97 
599.34, 473.59, 283.74 
599.66, 471.75, 337.75 
602.65, 572.72, 389.82 
599.56, 594.20, 283.91 
600.53, 590.28, 342.12 
600.09, 609.49, 345.23 
601.60, 664.10, 289.07 
602.40, 681.61, 348.93 
347.19, 478.47, 285.06 
344.96, 478.08, 333.46 
342.26, 478.81, 480.13 
343.25, 591.70, 291.55 
342.24, 597.77, 333.85 
339.92, 597.98, 477.71 
342.53, 657.83, 301.16 
340.49, 688.20, 337.75 
338.55, 682.45, 481.07 
475.09, 481.48, 281.07 
471.13, 481.91, 337.16 
469.20, 482.50, 483.59 
471.71, 594.25, 285.45 
468.07, 600.13, 337.50 
466.72, 599.63, 481.93 
467.17, 663.07, 296.62 
464.87, 690.70, 339.99 
463.45, 684.06, 484.79 
597.15, 483.33, 282.58 
594.00, 485.44, 342.59 
591.98, 485.94, 486.38 
594.42, 600.18, 283.87 
591.68, 601.20, 342.45 
589.87, 601.26, 485.55 
592.55, 666.89, 290.33 
589.68, 691.15, 344.73 
587.62, 686.21, 487.19 
347.24, 477.28, 333.97 
346.66, 479.68, 480.86 
345.82, 482.56, 588.05 
350.41, 597.15, 333.02 
350.31, 598.56, 476.82 
349.00, 600.41, 587.44 
354.69, 687.59, 335.57 
355.02, 683.08, 478.29 
354.10, 686.65, 593.98 
473.51, 474.84, 335.66 
473.72, 477.03, 481.85 
473.23, 479.11, 586.04 
476.52, 594.43, 334.54 
477.32, 595.48, 478.33 
476.88, 597.36, 584.99 
479.14, 685.71, 335.83 
479.84, 681.07, 478.86 
479.00, 685.84, 592.49 
596.23, 472.22, 339.13 
596.11, 474.28, 482.50 
596.18, 475.07, 584.53 
599.50, 590.75, 337.54 
599.61, 592.23, 480.00 
599.28, 596.69, 584.25 
603.90, 681.64, 338.79 
603.87, 679.06, 479.32 
603.10, 686.45, 587.50 
349.10, 478.91, 482.52 
347.36, 476.79, 588.79 
346.19, 471.68, 605.54 
346.60, 597.94, 483.77 
344.23, 596.18, 589.93 
342.52, 596.34, 607.06 
345.16, 681.78, 491.06 
342.97, 685.00, 598.00 
338.93, 722.23, 603.76 
476.28, 482.77, 484.38 
474.76, 479.81, 586.94 
471.26, 474.88, 606.11 
473.63, 599.70, 486.37 
472.03, 598.01, 588.26 
467.60, 599.12, 606.75 
470.04, 683.66, 493.18 
468.02, 688.29, 597.94 
463.65, 726.24, 604.42 
598.43, 486.27, 486.19 
597.59, 482.29, 585.91 
595.91, 478.61, 605.96 
596.25, 601.50, 488.86 
594.92, 602.49, 587.58 
592.92, 602.35, 606.60 
594.20, 686.13, 494.03 
592.22, 693.38, 593.49 
588.80, 729.16, 605.30 
350.65, 476.75, 588.92 
353.09, 469.98, 605.55 
356.28, 465.66, 723.84 
349.00, 596.09, 590.82 
350.88, 594.62, 607.22 
353.77, 591.49, 731.49 
349.18, 685.62, 599.53 
348.69, 721.73, 603.86 
351.45, 711.86, 746.47 
478.13, 478.39, 585.29 
478.23, 471.93, 605.71 
480.48, 468.03, 719.30 
476.92, 596.86, 587.28 
476.09, 595.96, 606.50 
478.28, 593.92, 727.85 
474.27, 687.41, 597.59 
473.52, 723.01, 604.60 
476.72, 714.76, 741.35 
600.69, 479.39, 582.97 
602.79, 474.22, 605.06 
605.29, 469.94, 715.65 
599.40, 600.13, 585.45 
601.34, 597.94, 605.93 
603.58, 595.38, 724.11 
598.49, 690.77, 591.72 
598.83, 723.37, 605.28 
602.76, 717.35, 735.89 
348.01, 573.11, 406.02 
348.35, 591.68, 290.69 
351.61, 594.45, 335.84 
349.73, 607.74, 355.22 
353.67, 660.25, 299.56 
355.96, 685.72, 342.89 
358.24, 718.24, 350.54 
356.69, 784.37, 294.21 
357.80, 804.08, 343.10 
479.24, 569.15, 409.62 
477.18, 589.70, 285.43 
477.75, 591.67, 335.22 
476.77, 607.10, 354.52 
478.48, 660.63, 295.18 
480.44, 683.64, 341.20 
480.59, 714.68, 347.94 
481.62, 779.79, 292.28 
483.39, 797.54, 346.00 
602.02, 567.93, 400.29 
599.11, 591.20, 285.14 
600.59, 588.04, 335.99 
601.52, 604.82, 350.64 
603.65, 659.94, 289.55 
605.09, 679.44, 342.15 
604.15, 712.66, 347.80 
607.87, 771.95, 295.61 
609.16, 792.91, 345.77 
347.49, 592.06, 291.28 
347.72, 598.50, 334.48 
346.70, 598.88, 478.62 
347.66, 658.23, 301.12 
346.87, 688.85, 338.01 
346.25, 683.16, 481.62 
345.69, 781.25, 297.56 
343.04, 811.43, 333.74 
343.63, 805.76, 481.85 
476.23, 593.99, 285.42 
473.74, 600.07, 336.90 
473.68, 599.87, 481.14 
472.37, 662.60, 296.55 
471.28, 690.64, 339.14 
471.11, 684.38, 483.55 
470.68, 788.04, 292.13 
469.00, 812.32, 338.45 
469.10, 806.94, 487.96 
598.40, 599.41, 284.34 
597.02, 600.47, 340.70 
596.34, 600.79, 483.57 
597.82, 665.41, 290.33 
596.17, 690.33, 342.85 
595.30, 685.97, 484.64 
596.43, 791.50, 296.32 
594.75, 814.42, 342.56 
593.04, 810.56, 490.82 
347.81, 599.58, 336.15 
346.83, 598.21, 480.70 
344.65, 597.49, 588.82 
351.84, 689.96, 341.49 
351.31, 682.27, 486.46 
349.40, 685.34, 596.67 
352.97, 813.45, 338.84 
353.78, 803.78, 489.96 
352.83, 809.73, 599.92 
473.80, 597.08, 338.47 
473.82, 595.29, 483.04 
472.47, 594.49, 586.87 
476.26, 688.19, 342.55 
476.18, 680.39, 487.87 
474.43, 684.65, 595.70 
478.96, 806.69, 344.98 
478.98, 797.67, 495.33 
476.99, 807.31, 597.48 
596.99, 593.48, 342.13 
596.36, 592.34, 485.31 
595.26, 593.90, 586.09 
601.03, 684.29, 346.29 
600.22, 678.76, 488.66 
598.53, 685.59, 591.05 
604.63, 802.11, 348.01 
602.94, 794.18, 496.87 
600.63, 804.06, 597.58 
351.23, 597.93, 481.24 
354.21, 595.55, 589.04 
357.63, 595.16, 606.94 
349.31, 681.86, 489.21 
352.43, 684.22, 597.52 
353.61, 720.62, 604.00 
345.39, 803.02, 494.95 
349.51, 807.08, 601.57 
349.48, 847.27, 599.69 
478.18, 600.23, 477.74 
482.13, 598.02, 584.53 
482.97, 598.42, 605.87 
474.07, 684.55, 484.98 
477.44, 687.17, 594.76 
478.40, 723.36, 604.60 
470.61, 807.22, 494.46 
473.72, 813.57, 596.78 
473.85, 851.42, 595.33 
600.45, 602.25, 474.56 
604.06, 602.88, 582.33 
607.90, 602.53, 605.30 
598.16, 687.50, 480.23 
601.58, 691.59, 588.12 
603.57, 725.34, 604.78 
594.35, 813.65, 491.26 
597.01, 819.38, 595.84 
599.61, 853.83, 595.30 
347.43, 597.86, 588.47 
350.56, 601.46, 606.84 
354.70, 603.36, 717.72 
348.27, 685.26, 595.54 
349.12, 725.27, 603.97 
352.51, 730.27, 716.75 
347.78, 809.79, 597.98 
347.65, 850.80, 600.56 
350.75, 852.46, 720.80 
475.34, 598.07, 584.34 
475.94, 602.10, 605.87 
478.95, 605.15, 711.57 
473.30, 686.40, 592.82 
473.96, 725.55, 604.67 
477.65, 732.86, 709.39 
472.17, 812.14, 593.80 
472.01, 852.73, 595.46 
476.62, 852.56, 718.34 
597.87, 600.75, 581.63 
601.00, 603.60, 605.18 
604.64, 605.60, 705.14 
597.49, 689.15, 586.03 
599.13, 725.17, 604.65 
603.67, 734.41, 703.17 
595.51, 814.01, 592.49 
597.62, 852.73, 595.80 
603.50, 855.40, 707.59 
446.40, 531.07, 528.34 
476.50, 234.82, 275.10 
472.96, 177.33, 324.87 
474.09, 275.75, 450.11 
475.04, 257.42, 279.84 
469.77, 248.33, 330.19 
476.72, 328.62, 410.46 
471.92, 348.62, 283.00 
467.37, 352.98, 332.28 
551.29, 514.59, 521.51 
588.82, 229.84, 276.71 
592.76, 178.24, 330.50 
589.91, 272.39, 429.12 
594.82, 255.48, 279.92 
592.16, 248.34, 335.15 
593.58, 337.32, 396.50 
594.69, 344.12, 283.20 
590.52, 354.94, 338.02 
601.09, 343.08, 345.13 
662.67, 224.45, 293.34 
685.45, 180.90, 347.31 
660.55, 293.73, 359.26 
689.66, 265.68, 301.60 
702.11, 247.28, 347.00 
684.42, 354.34, 350.01 
704.77, 342.15, 290.45 
705.46, 354.27, 347.39 
480.64, 236.86, 276.02 
479.94, 174.43, 322.73 
476.82, 193.18, 473.16 
477.95, 256.55, 278.68 
475.12, 244.88, 332.70 
473.26, 244.69, 480.05 
473.29, 348.33, 281.12 
471.28, 347.87, 339.33 
470.32, 341.97, 487.51 
591.24, 234.37, 279.09 
598.14, 176.23, 326.61 
596.59, 192.02, 473.56 
597.20, 255.78, 280.13 
596.98, 245.62, 335.59 
595.47, 247.79, 481.64 
596.02, 345.09, 282.37 
594.18, 351.21, 342.83 
593.45, 346.36, 487.28 
662.56, 230.47, 295.73 
689.45, 180.11, 342.54 
681.85, 191.10, 484.19 
691.74, 266.97, 302.40 
706.33, 245.67, 345.61 
701.05, 247.99, 488.33 
706.29, 344.08, 290.18 
709.01, 351.65, 350.05 
706.85, 347.13, 494.26 
480.58, 175.16, 325.52 
476.11, 196.10, 476.09 
473.96, 180.65, 577.77 
475.95, 245.69, 328.99 
472.63, 248.92, 476.02 
470.15, 247.85, 581.99 
472.18, 349.09, 329.45 
469.84, 349.43, 475.73 
467.59, 352.28, 585.63 
598.74, 176.95, 330.66 
596.13, 195.24, 478.14 
594.61, 178.92, 577.95 
597.69, 246.37, 333.15 
594.99, 252.19, 478.89 
593.33, 251.16, 583.50 
595.03, 352.05, 334.24 
592.94, 353.95, 477.20 
591.59, 353.79, 583.44 
690.27, 180.49, 347.16 
682.42, 194.62, 489.72 
685.82, 181.34, 591.91 
707.04, 246.47, 344.55 
701.55, 252.43, 486.86 
700.37, 255.41, 595.14 
709.80, 352.40, 342.79 
706.44, 354.79, 485.46 
707.46, 353.47, 590.80 
479.80, 194.64, 476.44 
483.92, 177.20, 577.73 
485.12, 104.72, 605.80 
480.66, 246.69, 478.23 
484.42, 243.85, 582.10 
486.92, 227.96, 605.51 
482.09, 345.63, 479.99 
485.87, 346.55, 586.58 
488.70, 352.04, 605.52 
598.79, 191.37, 471.68 
602.21, 174.31, 574.92 
608.51, 106.27, 606.55 
601.93, 246.90, 474.51 
605.53, 245.47, 582.22 
611.55, 225.38, 606.72 
604.23, 345.77, 475.00 
608.69, 343.50, 582.84 
612.96, 349.27, 605.39 
683.02, 188.17, 477.31 
689.54, 174.51, 584.29 
730.33, 97.66, 596.74 
706.82, 243.78, 475.28 
708.78, 247.58, 592.49 
732.70, 226.15, 606.59 
717.19, 342.25, 476.76 
723.16, 339.37, 588.09 
736.51, 346.61, 603.43 
476.27, 178.01, 577.31 
475.14, 106.12, 604.94 
475.80, 100.72, 721.73 
472.69, 243.90, 581.17 
472.72, 229.31, 604.86 
474.62, 226.50, 715.73 
470.23, 346.19, 585.51 
470.50, 352.74, 605.06 
472.25, 353.79, 709.35 
596.35, 176.50, 575.45 
598.79, 110.43, 607.13 
600.38, 100.29, 717.05 
595.45, 247.45, 581.65 
597.54, 230.21, 606.61 
599.28, 228.53, 711.72 
594.09, 347.41, 582.04 
594.87, 354.21, 605.40 
596.71, 356.61, 707.54 
685.65, 179.17, 587.44 
721.60, 105.91, 599.48 
725.19, 105.68, 719.65 
700.95, 251.87, 592.50 
719.80, 233.73, 606.35 
725.35, 229.64, 708.52 
709.48, 346.92, 588.13 
718.69, 355.67, 603.67 
721.90, 359.22, 705.10 
477.07, 276.75, 445.59 
477.81, 254.67, 278.46 
472.31, 243.47, 332.68 
477.92, 326.55, 403.11 
472.98, 343.88, 281.65 
468.31, 345.82, 336.96 
476.75, 469.94, 407.14 
469.78, 477.35, 280.74 
465.33, 475.54, 338.71 
592.00, 272.96, 422.93 
596.92, 253.74, 279.27 
594.37, 244.36, 337.99 
594.95, 335.20, 389.02 
595.64, 340.95, 282.27 
591.35, 349.33, 342.89 
596.23, 479.31, 393.33 
592.49, 478.47, 281.99 
588.62, 478.67, 344.75 
662.44, 294.19, 356.97 
691.69, 264.41, 301.67 
703.80, 244.27, 349.94 
686.75, 352.08, 346.79 
706.02, 340.47, 290.18 
706.22, 350.11, 352.56 
684.95, 486.33, 344.19 
698.95, 480.72, 288.74 
701.63, 481.13, 350.51 
480.89, 256.52, 279.53 
478.78, 247.84, 329.92 
477.77, 250.16, 477.03 
481.88, 346.76, 283.04 
480.49, 352.36, 331.65 
480.42, 351.54, 478.17 
484.74, 481.17, 282.82 
483.31, 482.42, 330.99 
484.24, 483.57, 475.88 
599.21, 254.21, 281.42 
600.30, 244.81, 331.94 
599.51, 249.97, 477.53 
603.66, 337.81, 284.57 
602.84, 349.79, 334.65 
602.73, 350.48, 477.56 
605.52, 476.01, 285.14 
605.25, 479.48, 333.92 
605.66, 480.56, 476.30 
689.68, 265.53, 305.22 
708.58, 241.64, 341.67 
704.74, 246.63, 483.00 
712.17, 332.71, 292.49 
717.38, 344.42, 341.66 
715.76, 345.80, 483.82 
709.75, 471.65, 291.27 
717.46, 475.87, 336.53 
716.52, 476.00, 482.14 
475.52, 246.04, 333.09 
474.35, 246.54, 480.57 
473.98, 241.62, 583.08 
471.75, 349.63, 338.22 
471.47, 345.17, 486.25 
471.16, 343.53, 589.43 
469.04, 479.59, 340.94 
469.77, 477.02, 488.01 
469.68, 474.23, 588.55 
597.38, 246.80, 335.32 
596.47, 249.67, 481.36 
596.59, 245.26, 584.41 
594.64, 352.90, 341.08 
594.50, 349.56, 485.32 
595.03, 344.89, 586.70 
592.11, 482.47, 343.76 
592.54, 479.80, 487.78 
593.00, 475.83, 586.40 
706.84, 246.85, 344.78 
702.40, 249.80, 487.25 
702.16, 249.97, 596.05 
709.45, 353.28, 347.65 
707.88, 350.33, 491.55 
710.89, 344.73, 593.07 
704.89, 484.71, 346.24 
703.81, 480.93, 494.19 
706.64, 476.28, 597.79 
474.42, 246.77, 476.62 
471.22, 245.51, 582.00 
467.49, 232.65, 604.92 
474.66, 345.88, 476.20 
471.70, 348.80, 585.66 
468.12, 356.25, 605.07 
476.02, 477.60, 472.20 
473.45, 480.26, 582.14 
468.86, 480.60, 605.18 
596.51, 248.14, 480.40 
594.23, 246.87, 583.97 
592.41, 230.18, 607.23 
597.42, 347.32, 478.69 
595.46, 347.32, 584.10 
592.48, 355.27, 605.80 
598.24, 477.28, 475.59 
596.31, 478.66, 581.72 
593.41, 480.30, 604.84 
701.62, 246.64, 489.37 
700.06, 249.53, 596.59 
716.25, 229.80, 606.25 
710.65, 345.02, 488.02 
711.12, 344.26, 591.79 
716.84, 354.50, 603.81 
709.42, 475.25, 484.67 
709.33, 475.82, 594.74 
717.11, 479.69, 605.22 
475.64, 242.79, 582.47 
471.39, 226.57, 605.25 
469.33, 223.73, 723.44 
476.93, 345.02, 587.17 
472.95, 350.64, 605.35 
470.74, 350.09, 719.53 
479.63, 476.07, 584.67 
474.58, 474.74, 605.60 
471.61, 475.83, 716.08 
598.00, 243.66, 585.06 
596.34, 222.95, 607.64 
593.85, 223.45, 728.87 
600.39, 342.51, 586.06 
597.29, 348.68, 606.28 
595.35, 348.34, 727.40 
602.07, 473.24, 584.75 
599.12, 473.55, 605.51 
596.48, 474.28, 724.85 
702.88, 245.84, 598.34 
720.52, 221.41, 606.25 
716.32, 223.22, 740.48 
715.93, 338.72, 593.83 
721.95, 347.11, 603.92 
719.12, 345.69, 738.77 
715.40, 469.24, 597.82 
723.46, 471.98, 604.88 
721.22, 472.05, 733.45 
476.97, 327.26, 407.43 
477.84, 343.24, 282.29 
478.79, 344.27, 334.20 
475.35, 471.11, 409.17 
474.22, 477.03, 280.95 
475.40, 473.69, 337.69 
471.87, 572.06, 398.91 
470.82, 591.63, 284.21 
472.41, 593.56, 341.61 
593.48, 337.94, 401.49 
600.00, 340.10, 284.25 
601.21, 347.76, 335.05 
595.17, 481.26, 404.47 
596.46, 478.59, 283.45 
597.96, 477.31, 338.31 
595.92, 573.72, 391.27 
593.69, 597.10, 283.84 
595.67, 594.75, 341.78 
681.98, 360.71, 354.21 
708.84, 340.06, 292.08 
715.77, 348.38, 339.93 
682.30, 490.31, 349.99 
701.21, 481.50, 290.66 
710.40, 480.18, 338.72 
690.28, 583.96, 350.04 
699.10, 605.36, 292.19 
710.38, 596.41, 342.54 
478.43, 346.96, 281.92 
480.42, 348.59, 335.63 
483.64, 344.32, 482.82 
474.44, 481.03, 280.78 
476.66, 478.34, 338.45 
480.87, 475.78, 484.88 
470.59, 594.31, 284.46 
473.24, 597.25, 341.75 
478.05, 594.41, 486.77 
600.55, 344.22, 284.21 
602.71, 352.55, 335.53 
605.66, 349.70, 478.60 
596.62, 483.25, 283.51 
599.07, 482.33, 338.05 
602.58, 479.70, 481.29 
593.52, 600.01, 284.12 
596.44, 598.72, 340.95 
600.22, 596.42, 483.95 
709.37, 344.32, 291.94 
717.19, 353.58, 339.33 
718.57, 351.50, 481.27 
700.90, 486.95, 291.07 
711.35, 485.67, 337.41 
713.37, 482.04, 483.43 
699.12, 608.56, 292.44 
711.36, 600.65, 340.98 
713.23, 597.85, 485.38 
476.04, 348.75, 335.75 
475.74, 347.18, 483.28 
475.42, 348.16, 588.24 
477.67, 478.66, 335.66 
478.38, 479.11, 481.70 
478.35, 479.35, 585.79 
479.62, 597.46, 336.18 
480.90, 597.01, 480.22 
480.91, 597.64, 585.61 
598.70, 347.62, 338.72 
598.45, 347.35, 482.57 
599.01, 345.30, 585.71 
600.09, 477.05, 338.66 
600.37, 477.37, 481.97 
600.92, 476.35, 584.50 
602.45, 594.57, 338.74 
602.94, 594.62, 481.39 
603.01, 597.89, 584.97 
713.39, 343.55, 345.72 
711.61, 343.89, 488.93 
714.50, 341.14, 592.32 
712.59, 474.70, 341.40 
711.42, 474.00, 488.31 
714.02, 472.15, 596.43 
716.59, 592.34, 341.50 
715.40, 591.84, 486.82 
715.38, 597.59, 596.90 
474.80, 347.58, 481.26 
474.38, 350.37, 587.53 
473.24, 357.55, 605.40 
479.11, 479.47, 477.52 
479.04, 481.71, 584.07 
476.80, 481.61, 605.52 
483.30, 597.28, 473.87 
483.30, 599.31, 583.01 
480.16, 605.29, 605.66 
597.55, 346.18, 480.78 
597.97, 345.89, 584.99 
597.58, 353.59, 605.98 
601.01, 476.03, 478.11 
601.45, 476.97, 582.98 
601.32, 478.51, 605.06 
605.13, 593.42, 475.42 
605.11, 598.21, 582.64 
605.13, 602.20, 605.33 
710.70, 341.15, 487.25 
713.37, 340.15, 591.68 
721.89, 349.78, 603.71 
712.10, 470.94, 484.47 
714.37, 470.94, 595.04 
725.01, 474.88, 605.14 
717.45, 589.21, 480.75 
717.10, 596.39, 594.81 
728.22, 599.88, 608.10 
474.07, 346.85, 587.40 
474.28, 349.83, 605.38 
476.23, 346.57, 720.17 
474.20, 478.00, 586.14 
473.35, 473.85, 605.89 
474.69, 472.46, 723.18 
473.95, 596.59, 587.01 
472.15, 597.99, 606.44 
473.31, 598.31, 725.86 
597.74, 346.72, 584.23 
598.67, 350.12, 605.83 
600.73, 347.93, 717.88 
597.12, 477.99, 583.93 
598.00, 475.21, 605.36 
599.47, 473.28, 721.79 
596.68, 599.03, 585.35 
597.43, 598.98, 605.93 
598.64, 598.85, 724.66 
713.16, 345.08, 590.41 
722.80, 350.56, 603.63 
725.43, 348.98, 716.52 
710.13, 476.83, 595.27 
721.86, 476.07, 605.11 
725.04, 473.93, 718.10 
709.52, 601.21, 596.08 
721.28, 600.86, 607.72 
725.20, 598.55, 718.80 
479.78, 470.64, 416.69 
476.58, 480.77, 282.00 
475.73, 481.16, 333.73 
482.83, 569.69, 410.98 
479.41, 593.61, 286.03 
478.72, 599.41, 334.40 
479.93, 606.04, 354.77 
480.53, 661.78, 296.61 
481.29, 689.97, 337.27 
598.21, 475.36, 406.68 
598.49, 475.79, 284.10 
598.28, 478.44, 336.17 
604.89, 568.99, 398.67 
601.09, 595.47, 285.30 
601.60, 595.72, 336.38 
604.64, 603.80, 351.52 
605.92, 661.32, 290.31 
606.16, 685.80, 339.36 
684.86, 478.15, 348.12 
703.55, 471.40, 290.59 
710.81, 475.03, 338.47 
695.57, 577.73, 347.10 
704.59, 599.66, 293.57 
715.68, 592.74, 338.73 
727.10, 606.32, 350.10 
730.14, 658.58, 286.77 
731.07, 679.94, 344.68 
474.68, 480.53, 281.97 
469.91, 479.63, 333.78 
467.21, 478.72, 479.72 
475.44, 593.55, 285.76 
470.94, 598.32, 335.62 
468.85, 596.85, 479.62 
474.77, 662.63, 296.27 
471.72, 689.16, 339.51 
469.59, 681.85, 483.93 
596.78, 477.80, 283.08 
592.90, 478.97, 339.92 
590.18, 478.03, 483.34 
597.64, 596.79, 284.07 
594.34, 596.14, 341.23 
591.83, 595.25, 484.16 
600.14, 664.53, 289.72 
596.52, 686.62, 344.99 
593.71, 681.20, 487.20 
702.59, 475.90, 289.36 
705.70, 477.70, 345.81 
701.68, 475.63, 493.32 
702.86, 602.00, 291.80 
709.09, 594.27, 347.26 
704.67, 593.36, 493.46 
725.28, 663.19, 286.39 
721.60, 682.29, 354.20 
717.39, 679.45, 494.31 
476.12, 480.06, 334.85 
475.15, 479.02, 480.79 
473.45, 477.80, 585.68 
473.08, 598.60, 336.69 
472.70, 596.97, 480.90 
470.98, 596.35, 586.18 
469.82, 689.45, 340.57 
469.35, 681.87, 485.42 
467.26, 685.71, 595.22 
598.63, 483.53, 339.42 
597.42, 482.43, 482.81 
596.39, 480.07, 584.62 
596.37, 599.68, 340.81 
595.39, 598.55, 483.70 
593.90, 600.60, 585.59 
594.66, 689.72, 344.63 
593.49, 683.98, 486.85 
591.42, 690.67, 590.97 
711.02, 486.39, 343.46 
708.39, 484.21, 491.03 
709.52, 481.31, 597.24 
711.50, 600.98, 345.56 
708.63, 599.75, 491.05 
707.18, 604.82, 597.09 
720.51, 688.16, 352.15 
717.97, 684.93, 492.11 
715.78, 693.77, 589.32 
478.20, 480.09, 479.29 
477.73, 475.41, 584.95 
475.23, 469.12, 605.62 
479.23, 597.69, 483.24 
478.71, 594.55, 586.68 
475.22, 593.12, 606.41 
479.16, 682.12, 491.77 
478.16, 685.32, 596.82 
474.80, 719.81, 604.70 
600.23, 479.94, 480.09 
600.36, 473.98, 583.72 
599.81, 469.19, 605.25 
601.41, 596.59, 484.78 
601.03, 595.98, 586.12 
600.48, 592.94, 606.10 
603.28, 682.15, 491.57 
602.31, 687.67, 591.97 
600.12, 718.72, 605.55 
711.25, 478.18, 486.78 
713.46, 471.36, 595.79 
723.78, 468.72, 604.90 
714.08, 595.07, 490.88 
713.61, 597.03, 598.17 
724.60, 593.55, 607.64 
727.22, 680.85, 495.62 
725.81, 688.33, 590.75 
726.02, 717.25, 606.79 
476.14, 479.75, 585.77 
473.35, 474.22, 605.83 
472.78, 471.46, 721.67 
474.05, 597.92, 587.38 
470.34, 598.33, 606.53 
469.68, 597.29, 727.49 
470.61, 688.04, 597.36 
466.98, 725.06, 604.47 
467.12, 718.85, 737.88 
598.87, 481.58, 584.59 
597.98, 477.30, 605.52 
597.57, 474.06, 725.08 
596.78, 601.88, 586.56 
595.63, 601.02, 606.25 
594.94, 599.74, 731.30 
594.83, 692.53, 592.62 
592.17, 727.16, 605.24 
593.34, 720.29, 741.27 
711.80, 482.41, 597.09 
722.12, 479.98, 605.11 
722.66, 476.25, 727.17 
710.05, 605.70, 597.81 
719.99, 604.50, 607.67 
720.69, 601.36, 731.36 
719.36, 695.09, 590.53 
718.18, 728.53, 606.47 
719.43, 722.88, 739.88 
479.60, 571.32, 405.61 
473.59, 594.31, 285.43 
470.44, 599.52, 337.33 
477.37, 607.74, 353.18 
475.32, 663.59, 296.04 
473.54, 690.17, 340.67 
482.09, 718.46, 351.84 
479.18, 789.89, 291.55 
476.84, 810.98, 341.82 
602.03, 571.82, 390.93 
596.03, 595.70, 283.88 
593.85, 595.43, 341.71 
602.22, 607.08, 347.90 
600.68, 663.81, 289.62 
598.32, 685.95, 345.03 
605.54, 718.33, 349.85 
604.99, 782.92, 295.70 
602.49, 805.34, 345.88 
693.16, 581.58, 345.73 
701.01, 599.17, 291.80 
708.41, 591.76, 346.44 
724.94, 610.42, 343.64 
725.02, 661.37, 286.60 
723.09, 679.98, 353.00 
734.66, 710.84, 351.37 
733.38, 776.57, 289.62 
728.30, 805.51, 333.67 
474.80, 593.99, 285.97 
475.20, 599.51, 335.26 
478.05, 598.60, 479.12 
474.66, 662.48, 296.64 
476.42, 690.12, 338.45 
479.12, 683.44, 482.45 
476.73, 788.62, 292.13 
477.95, 811.13, 339.20 
480.82, 804.34, 488.41 
597.16, 596.64, 285.19 
598.35, 596.97, 336.28 
600.33, 596.49, 478.44 
600.09, 662.40, 290.58 
601.30, 686.99, 339.59 
603.24, 682.59, 480.33 
602.51, 783.67, 297.10 
603.68, 808.04, 339.74 
604.70, 802.57, 486.89 
701.17, 601.97, 293.45 
712.72, 595.11, 337.93 
713.17, 593.94, 481.79 
725.11, 659.57, 286.80 
726.53, 682.07, 343.98 
727.16, 680.32, 482.71 
729.80, 779.32, 294.42 
729.15, 811.28, 322.38 
727.95, 803.01, 480.18 
475.80, 596.91, 338.00 
478.05, 593.86, 482.41 
478.99, 591.76, 586.28 
475.32, 688.09, 343.51 
477.44, 679.20, 489.01 
477.90, 682.60, 595.71 
475.08, 806.52, 347.32 
477.31, 794.95, 498.34 
477.41, 803.01, 598.70 
598.91, 595.77, 339.62 
600.30, 593.22, 482.39 
601.26, 593.64, 585.20 
600.14, 686.22, 345.27 
601.50, 679.58, 487.39 
601.99, 685.17, 590.45 
600.75, 806.00, 348.51 
601.29, 795.91, 497.48 
601.20, 803.60, 597.72 
713.41, 595.19, 341.66 
712.91, 592.15, 486.71 
713.60, 595.10, 596.81 
725.38, 682.60, 350.42 
725.15, 678.62, 490.19 
725.23, 686.08, 588.94 
726.00, 811.93, 331.68 
724.89, 798.28, 493.56 
725.76, 799.48, 609.23 
476.21, 596.73, 482.10 
479.05, 596.39, 586.33 
478.85, 598.85, 606.28 
475.82, 681.67, 486.36 
478.16, 686.09, 595.18 
478.10, 724.27, 604.54 
475.96, 800.62, 493.11 
478.10, 810.49, 596.50 
477.32, 851.62, 595.23 
598.60, 595.89, 479.87 
601.33, 598.14, 584.32 
604.05, 599.09, 605.68 
599.91, 681.98, 482.59 
602.33, 688.09, 588.85 
603.39, 722.72, 604.95 
599.89, 801.19, 490.21 
601.61, 810.29, 595.86 
603.13, 850.27, 595.91 
711.55, 594.53, 481.71 
713.68, 599.40, 594.69 
727.27, 600.27, 608.02 
723.88, 680.84, 483.35 
726.06, 688.35, 586.06 
729.17, 720.74, 605.57 
722.95, 803.92, 482.33 
724.97, 805.58, 608.60 
729.81, 845.62, 605.51 
475.97, 595.53, 585.63 
470.91, 601.20, 606.18 
468.62, 606.27, 718.57 
474.31, 684.36, 592.92 
469.36, 724.82, 604.65 
467.47, 733.63, 711.39 
473.45, 806.75, 593.61 
467.82, 851.07, 595.89 
466.57, 854.47, 714.03 
598.48, 598.09, 585.57 
596.13, 602.35, 605.98 
594.09, 606.87, 725.40 
598.42, 687.91, 588.84 
594.48, 725.98, 604.80 
593.78, 732.14, 718.92 
596.88, 809.31, 594.14 
593.35, 852.69, 595.37 
593.78, 853.61, 720.69 
711.35, 600.44, 597.89 
720.38, 604.24, 607.68 
720.08, 606.88, 728.32 
722.26, 689.70, 588.01 
720.38, 726.22, 605.76 
720.11, 732.11, 721.89 
720.00, 807.17, 609.05 
719.91, 850.92, 604.60 
720.67, 856.97, 714.38 
547.18, 536.24, 530.26 
588.05, 230.54, 277.26 
593.16, 177.25, 329.32 
589.70, 274.23, 435.69 
596.02, 254.71, 280.63 
594.53, 247.00, 333.06 
595.35, 333.58, 400.72 
598.05, 340.68, 284.08 
594.90, 352.94, 335.13 
596.19, 351.17, 345.91 
661.20, 222.22, 291.68 
685.08, 179.13, 345.79 
658.13, 294.16, 359.97 
688.93, 265.25, 303.07 
703.88, 244.79, 344.36 
684.66, 351.18, 351.47 
707.42, 337.14, 291.44 
709.71, 350.00, 343.86 
722.34, 347.54, 350.27 
775.36, 222.01, 299.54 
800.32, 180.95, 359.75 
775.74, 307.65, 341.62 
813.35, 257.78, 295.87 
821.24, 252.49, 350.87 
813.17, 349.40, 337.92 
830.05, 341.48, 278.81 
832.56, 346.48, 352.08 
589.86, 232.60, 278.57 
595.80, 174.46, 327.26 
593.27, 191.29, 474.33 
595.82, 253.95, 279.90 
594.43, 243.33, 334.95 
591.76, 246.46, 481.10 
594.64, 340.37, 282.53 
591.54, 347.79, 341.06 
589.56, 344.28, 485.39 
662.21, 225.42, 293.32 
686.94, 178.28, 344.44 
678.69, 190.44, 486.41 
689.73, 265.25, 302.34 
703.62, 243.32, 346.08 
697.35, 246.82, 489.18 
704.85, 339.63, 290.39 
706.46, 348.28, 349.60 
703.14, 345.11, 493.59 
780.98, 226.03, 300.71 
804.86, 182.00, 357.14 
798.97, 191.06, 490.51 
814.57, 259.74, 294.88 
821.28, 253.16, 352.73 
816.73, 249.03, 494.55 
826.26, 346.51, 280.35 
828.57, 347.88, 358.10 
824.21, 348.01, 497.89 
599.11, 175.40, 326.03 
598.78, 191.24, 472.90 
599.69, 170.32, 574.79 
597.03, 244.50, 335.03 
596.89, 246.74, 481.08 
597.76, 241.30, 584.19 
593.10, 349.53, 342.42 
593.81, 344.65, 486.89 
595.16, 338.60, 587.31 
690.13, 180.05, 340.86 
683.67, 190.65, 482.01 
688.19, 173.02, 585.94 
706.25, 245.46, 343.85 
702.37, 247.50, 486.03 
702.40, 247.02, 595.98 
707.95, 351.13, 348.21 
707.17, 346.66, 492.17 
710.91, 339.75, 593.27 
810.44, 185.68, 349.35 
810.67, 191.93, 481.81 
818.47, 173.67, 577.90 
824.96, 256.08, 347.55 
824.14, 251.38, 487.80 
829.49, 241.52, 592.41 
830.50, 351.73, 353.65 
829.36, 351.04, 492.83 
833.38, 348.29, 585.02 
596.07, 192.94, 473.42 
595.57, 176.84, 575.70 
596.04, 110.98, 607.31 
599.53, 248.99, 475.07 
598.96, 248.03, 582.13 
599.53, 230.93, 606.67 
602.41, 349.13, 474.33 
602.37, 348.02, 582.41 
601.63, 355.01, 605.38 
680.93, 189.99, 484.08 
685.22, 175.03, 587.29 
719.61, 100.19, 599.00 
704.69, 245.88, 481.57 
703.71, 249.41, 594.22 
722.12, 229.40, 606.30 
715.46, 344.80, 481.61 
717.42, 343.05, 589.73 
725.60, 351.93, 603.55 
803.93, 188.22, 486.69 
810.55, 171.34, 579.84 
846.61, 94.57, 598.74 
826.68, 246.71, 484.73 
830.79, 239.57, 591.40 
844.46, 233.88, 605.51 
839.95, 343.46, 483.52 
841.46, 346.69, 579.44 
850.42, 349.15, 601.93 
596.07, 175.86, 576.55 
599.20, 106.86, 607.66 
601.56, 96.53, 722.04 
594.55, 247.19, 584.04 
597.40, 226.88, 607.30 
599.88, 224.47, 723.72 
592.47, 347.89, 585.78 
593.96, 352.23, 606.24 
596.95, 350.03, 726.83 
685.71, 179.42, 588.34 
722.56, 102.92, 599.11 
725.24, 103.41, 725.05 
700.54, 252.21, 594.45 
720.35, 231.07, 606.22 
724.76, 226.23, 720.23 
708.29, 348.03, 591.31 
718.27, 354.61, 603.76 
721.23, 353.02, 724.07 
811.91, 177.54, 582.96 
847.91, 107.73, 600.59 
849.88, 106.45, 721.65 
825.34, 247.76, 591.18 
842.35, 240.90, 605.18 
849.48, 228.52, 717.59 
829.98, 355.80, 583.59 
842.98, 356.57, 602.17 
845.46, 356.49, 720.73 
590.33, 273.94, 438.07 
600.80, 256.22, 281.88 
604.14, 249.76, 332.13 
592.63, 334.62, 406.16 
599.61, 342.79, 285.05 
600.99, 356.93, 332.42 
594.41, 478.04, 419.66 
596.12, 481.87, 286.04 
597.73, 486.93, 329.56 
659.43, 294.24, 360.26 
693.17, 269.24, 305.18 
713.44, 250.62, 339.98 
680.29, 359.27, 356.21 
708.21, 342.59, 292.53 
715.51, 357.52, 336.76 
680.48, 488.42, 353.52 
699.57, 484.95, 292.98 
709.88, 489.83, 329.98 
775.65, 315.75, 345.29 
822.57, 261.34, 291.93 
834.62, 261.03, 340.31 
806.47, 360.14, 347.95 
830.73, 351.93, 277.78 
839.98, 357.56, 339.11 
801.71, 491.12, 342.69 
819.83, 492.07, 287.05 
834.41, 490.73, 326.56 
597.59, 255.39, 281.13 
600.65, 248.40, 332.64 
602.14, 254.12, 478.21 
598.58, 341.67, 284.59 
599.97, 355.00, 333.68 
602.24, 357.12, 476.39 
597.55, 480.42, 285.45 
599.27, 484.93, 331.48 
602.06, 487.59, 473.33 
689.53, 267.62, 304.68 
709.74, 247.35, 340.22 
708.53, 252.57, 480.81 
707.33, 338.89, 292.44 
714.61, 352.88, 338.11 
715.35, 355.84, 479.66 
701.40, 480.16, 292.36 
711.50, 484.95, 331.86 
712.96, 486.63, 475.70 
815.18, 259.97, 295.45 
829.30, 256.19, 341.11 
832.08, 255.67, 480.05 
829.62, 345.09, 278.27 
838.72, 350.44, 340.85 
840.09, 356.97, 477.58 
822.68, 484.38, 285.59 
836.70, 482.65, 328.85 
838.96, 487.03, 467.52 
599.79, 244.88, 332.70 
598.41, 250.68, 478.43 
598.11, 249.58, 583.51 
600.25, 349.92, 334.32 
599.53, 351.60, 477.21 
599.71, 350.96, 583.55 
600.66, 479.61, 332.62 
600.50, 481.81, 474.69 
600.64, 482.70, 581.52 
708.43, 243.03, 342.93 
704.12, 248.74, 484.72 
703.83, 251.98, 595.10 
714.90, 346.81, 341.81 
712.75, 349.12, 484.09 
715.10, 347.61, 590.61 
713.03, 478.36, 335.86 
711.55, 479.59, 481.08 
713.21, 479.74, 594.03 
827.29, 251.90, 346.75 
826.01, 250.17, 487.70 
830.46, 244.20, 591.96 
838.93, 343.65, 348.02 
836.55, 349.29, 485.77 
838.47, 352.86, 581.09 
838.91, 474.46, 336.16 
836.87, 479.00, 477.09 
837.05, 482.65, 585.88 
597.48, 250.02, 478.97 
601.12, 245.00, 583.69 
606.67, 220.01, 607.18 
594.36, 350.17, 485.02 
598.66, 343.75, 586.61 
602.40, 345.01, 606.43 
591.22, 480.37, 489.51 
595.38, 474.49, 587.10 
598.91, 469.77, 606.38 
703.82, 250.64, 480.14 
705.86, 250.65, 593.71 
728.63, 226.05, 606.36 
707.68, 352.50, 486.77 
714.06, 344.91, 591.58 
726.61, 348.31, 603.60 
702.47, 483.02, 491.39 
708.68, 476.48, 597.14 
723.17, 473.57, 604.92 
825.56, 255.39, 478.66 
834.39, 245.56, 587.22 
850.88, 236.94, 605.33 
830.06, 356.76, 484.29 
836.88, 354.42, 580.76 
851.07, 351.41, 601.94 
824.35, 487.05, 484.12 
830.52, 483.76, 590.34 
847.70, 475.40, 605.91 
597.94, 246.59, 583.99 
599.34, 226.12, 607.24 
600.02, 223.84, 722.58 
598.94, 346.62, 585.48 
598.90, 351.34, 606.11 
600.05, 349.73, 724.59 
599.30, 477.85, 584.71 
599.32, 476.28, 605.54 
599.82, 475.49, 725.73 
703.18, 249.65, 595.59 
722.50, 227.01, 606.21 
724.54, 223.19, 723.80 
714.47, 343.97, 592.04 
723.32, 350.86, 603.68 
724.33, 349.32, 726.58 
712.41, 475.50, 596.58 
723.43, 476.09, 605.03 
725.03, 474.88, 725.23 
829.88, 241.92, 592.37 
844.58, 234.48, 605.53 
849.42, 221.25, 725.71 
837.72, 349.56, 582.56 
848.16, 350.02, 602.61 
848.28, 349.87, 727.46 
835.76, 479.13, 588.87 
848.48, 473.86, 605.94 
849.25, 475.34, 724.89 
594.71, 334.55, 398.84 
601.65, 336.89, 283.90 
603.25, 344.18, 336.62 
597.47, 478.17, 400.40 
599.47, 474.77, 283.20 
601.42, 473.50, 340.26 
599.69, 573.51, 387.84 
598.08, 594.95, 283.56 
600.62, 591.64, 344.02 
683.11, 356.00, 353.29 
710.37, 335.63, 292.24 
717.76, 343.20, 341.29 
684.47, 485.41, 347.90 
704.45, 475.66, 290.37 
713.84, 474.68, 340.28 
692.57, 583.36, 347.60 
702.91, 601.99, 292.29 
714.89, 592.17, 344.02 
810.47, 356.28, 345.23 
834.00, 342.85, 277.05 
842.45, 342.50, 344.04 
808.13, 488.53, 342.03 
826.82, 481.05, 283.45 
839.87, 473.18, 337.61 
809.61, 596.66, 339.56 
827.23, 601.63, 287.70 
839.69, 594.99, 336.15 
598.92, 340.89, 283.89 
597.46, 351.15, 336.16 
596.93, 350.21, 479.52 
597.70, 479.32, 283.88 
596.65, 480.86, 336.79 
596.68, 480.41, 479.79 
597.29, 597.61, 284.87 
596.76, 597.68, 337.68 
597.03, 596.97, 480.10 
708.21, 338.52, 291.50 
712.20, 349.47, 343.31 
710.23, 349.09, 486.13 
702.61, 479.25, 290.46 
709.21, 481.07, 339.76 
707.85, 479.58, 486.21 
702.00, 604.24, 292.77 
711.50, 597.21, 341.09 
710.08, 596.06, 485.71 
831.02, 344.44, 278.20 
835.69, 347.32, 349.56 
833.32, 350.42, 487.90 
824.62, 483.03, 283.72 
833.77, 478.82, 339.81 
831.73, 480.38, 482.77 
826.20, 603.19, 287.88 
835.32, 598.97, 336.55 
833.86, 596.44, 481.67 
598.85, 349.81, 335.69 
599.57, 351.32, 478.95 
601.17, 350.66, 584.28 
599.23, 479.43, 334.02 
600.48, 481.55, 476.45 
602.03, 482.35, 582.32 
600.57, 596.61, 332.68 
602.10, 597.70, 473.98 
603.18, 602.33, 582.05 
713.55, 346.69, 341.73 
712.77, 348.91, 484.09 
716.50, 347.34, 590.70 
711.66, 478.22, 335.89 
711.53, 479.39, 481.13 
714.54, 479.44, 594.20 
714.78, 595.43, 334.96 
715.12, 595.62, 477.68 
715.56, 602.91, 593.00 
837.24, 343.48, 346.55 
836.59, 349.08, 484.18 
840.11, 352.85, 579.95 
837.03, 474.40, 334.86 
836.87, 478.77, 475.41 
838.71, 482.58, 584.54 
839.55, 596.13, 328.66 
840.30, 595.31, 470.70 
841.38, 599.68, 587.60 
600.41, 347.93, 481.91 
602.90, 341.27, 585.51 
604.90, 342.28, 606.11 
599.97, 477.87, 486.56 
602.39, 471.80, 586.29 
604.37, 467.32, 605.93 
600.17, 595.15, 491.16 
602.07, 594.47, 588.48 
604.07, 590.99, 606.88 
713.54, 347.04, 486.06 
718.07, 339.67, 591.43 
729.13, 342.70, 603.58 
710.94, 477.25, 490.76 
715.60, 470.42, 597.36 
728.64, 467.95, 604.78 
712.72, 594.55, 494.79 
714.73, 596.42, 599.68 
728.50, 592.67, 607.64 
837.58, 348.90, 484.85 
842.19, 346.58, 579.70 
853.70, 343.25, 602.13 
835.95, 478.60, 483.66 
839.59, 475.70, 587.13 
853.67, 466.39, 605.76 
837.51, 595.01, 487.23 
840.12, 594.63, 594.61 
851.93, 594.74, 608.17 
598.70, 344.55, 585.23 
599.82, 347.68, 606.07 
602.13, 344.71, 723.05 
596.23, 475.54, 584.98 
597.21, 472.64, 605.67 
598.92, 470.31, 727.94 
593.97, 597.10, 586.39 
594.72, 596.37, 606.26 
596.08, 596.08, 731.81 
714.15, 344.81, 591.33 
724.08, 350.14, 603.63 
726.54, 347.62, 721.87 
709.41, 476.46, 596.16 
721.28, 475.47, 605.02 
724.07, 472.81, 724.63 
707.01, 601.00, 596.94 
718.85, 600.11, 607.62 
722.12, 597.75, 726.12 
837.22, 353.41, 581.51 
848.82, 352.32, 602.21 
850.68, 350.93, 720.47 
831.75, 482.84, 589.84 
846.09, 476.46, 605.92 
848.55, 476.08, 721.30 
830.17, 601.25, 595.42 
842.26, 604.27, 608.24 
847.58, 598.71, 723.44 
599.23, 478.45, 404.36 
599.88, 481.96, 283.83 
600.24, 486.76, 337.45 
603.42, 569.62, 400.17 
599.95, 599.24, 285.68 
600.88, 602.25, 335.31 
599.63, 603.07, 352.11 
601.73, 662.44, 291.46 
602.48, 691.37, 336.09 
685.77, 484.08, 347.17 
704.41, 481.50, 290.75 
712.54, 486.48, 338.94 
695.41, 579.32, 348.46 
704.08, 605.73, 293.73 
715.64, 601.48, 337.63 
723.67, 605.19, 353.32 
727.81, 660.01, 286.75 
728.53, 687.38, 340.62 
812.04, 485.11, 343.81 
827.41, 484.83, 283.56 
838.26, 483.78, 337.28 
814.30, 594.48, 343.62 
829.58, 603.90, 288.17 
840.47, 602.99, 331.29 
848.46, 614.98, 348.60 
853.57, 668.02, 269.44 
853.50, 685.09, 340.62 
599.49, 479.50, 283.29 
601.28, 477.96, 339.76 
604.00, 474.28, 483.25 
597.71, 597.98, 283.75 
600.07, 595.18, 343.48 
603.00, 592.32, 486.86 
597.29, 666.92, 289.48 
599.63, 685.87, 349.57 
602.65, 678.63, 492.49 
704.13, 481.26, 290.57 
713.62, 479.69, 339.87 
714.87, 475.03, 486.60 
702.92, 605.37, 292.28 
714.62, 596.01, 343.86 
715.44, 592.67, 489.54 
723.36, 664.60, 286.21 
724.92, 683.50, 353.23 
726.30, 678.94, 493.36 
826.58, 486.91, 283.91 
839.60, 478.90, 337.04 
841.39, 477.79, 477.90 
827.19, 605.42, 287.57 
839.27, 599.22, 336.28 
841.18, 594.39, 480.45 
849.53, 671.02, 271.22 
850.00, 682.37, 352.64 
850.63, 680.07, 491.54 
597.33, 481.03, 336.45 
594.74, 477.81, 479.24 
592.31, 473.15, 583.11 
596.53, 597.75, 339.86 
594.16, 594.99, 482.50 
591.32, 595.04, 584.88 
596.41, 688.01, 345.70 
593.79, 680.97, 487.94 
590.27, 686.32, 591.08 
709.81, 482.21, 342.06 
705.99, 477.88, 488.98 
705.84, 472.39, 595.75 
711.42, 597.78, 345.88 
707.07, 594.95, 491.58 
704.36, 597.82, 597.31 
721.90, 685.32, 354.78 
717.68, 680.79, 494.87 
713.80, 688.83, 590.59 
834.57, 480.92, 344.66 
829.03, 479.68, 489.23 
827.46, 477.00, 592.97 
835.23, 600.23, 344.14 
829.98, 595.87, 491.63 
826.88, 597.20, 598.80 
846.88, 683.56, 360.78 
841.86, 681.44, 499.77 
837.80, 693.39, 586.51 
600.30, 479.83, 482.91 
604.60, 475.87, 585.01 
608.75, 473.03, 605.49 
598.75, 596.57, 485.39 
602.55, 597.61, 586.48 
606.57, 596.78, 606.21 
597.57, 682.18, 490.09 
601.07, 688.72, 591.60 
603.32, 722.25, 605.37 
711.19, 481.25, 484.43 
717.15, 476.65, 595.61 
732.39, 475.47, 605.19 
711.74, 597.29, 486.22 
715.06, 601.07, 596.45 
730.12, 600.45, 607.93 
721.76, 682.97, 489.23 
725.00, 690.45, 588.27 
729.14, 722.43, 605.99 
836.33, 484.27, 474.98 
841.72, 483.81, 583.38 
857.11, 476.46, 605.49 
836.12, 599.35, 476.73 
840.61, 600.65, 589.99 
853.46, 604.14, 607.74 
846.13, 684.19, 486.97 
849.08, 695.66, 579.83 
853.16, 724.29, 602.29 
598.57, 477.55, 584.87 
598.63, 479.49, 605.59 
599.17, 482.29, 726.59 
602.05, 598.71, 584.40 
602.25, 603.19, 605.69 
602.60, 607.63, 717.94 
606.48, 687.95, 587.18 
604.97, 725.67, 604.74 
606.48, 734.59, 711.08 
711.82, 471.77, 596.54 
722.72, 476.20, 605.02 
724.32, 478.48, 726.17 
714.35, 597.17, 596.17 
725.81, 600.95, 607.87 
729.41, 603.10, 714.13 
729.82, 686.43, 585.84 
730.74, 721.17, 605.49 
732.71, 731.06, 708.88 
834.95, 472.26, 588.87 
847.76, 470.76, 605.84 
848.46, 475.86, 725.89 
839.61, 591.94, 591.81 
849.46, 598.76, 608.06 
854.24, 598.46, 715.56 
853.51, 687.93, 579.12 
854.59, 718.72, 602.07 
857.74, 725.52, 712.19 
604.09, 572.38, 393.86 
601.53, 598.56, 284.82 
603.30, 598.06, 338.97 
598.46, 607.16, 347.77 
601.14, 664.67, 290.16 
602.67, 688.10, 342.78 
596.83, 725.12, 353.55 
599.62, 789.48, 296.09 
601.12, 810.18, 343.69 
696.69, 583.07, 347.25 
706.02, 606.47, 293.21 
717.88, 599.23, 340.33 
723.69, 608.92, 348.46 
727.47, 662.78, 286.13 
728.40, 685.86, 347.00 
721.09, 730.83, 352.86 
724.44, 794.75, 295.02 
725.54, 820.34, 323.67 
816.93, 598.41, 343.54 
832.64, 606.12, 287.05 
843.45, 602.74, 333.07 
849.93, 618.57, 341.88 
853.69, 671.00, 269.31 
853.54, 685.01, 346.77 
854.28, 727.70, 346.49 
852.09, 795.51, 280.60 
849.18, 823.15, 323.61 
598.05, 596.76, 284.95 
601.17, 596.57, 337.41 
604.95, 595.76, 479.80 
596.33, 663.04, 290.45 
599.53, 686.77, 341.00 
603.46, 681.91, 482.18 
593.94, 784.53, 296.33 
597.13, 807.21, 342.16 
600.24, 801.00, 489.53 
702.29, 605.44, 293.61 
715.63, 598.58, 337.39 
717.86, 596.93, 480.88 
722.32, 661.18, 286.68 
725.14, 685.07, 343.65 
727.71, 682.91, 482.36 
719.26, 790.03, 296.55 
721.80, 818.15, 321.65 
722.59, 808.95, 480.40 
826.62, 606.24, 289.06 
840.60, 602.72, 329.06 
844.11, 599.85, 470.46 
848.79, 668.59, 270.42 
850.45, 684.80, 341.76 
852.10, 684.47, 480.40 
846.22, 792.94, 282.98 
845.30, 823.18, 317.23 
845.65, 816.56, 469.09 
597.43, 597.49, 338.08 
600.32, 595.45, 480.59 
602.73, 596.63, 584.62 
601.48, 687.56, 343.16 
604.38, 681.50, 484.77 
606.44, 687.20, 589.46 
604.99, 809.04, 345.09 
606.98, 800.23, 493.82 
608.42, 807.92, 597.31 
711.80, 594.70, 338.71 
712.93, 591.99, 482.84 
714.82, 595.56, 595.47 
726.60, 681.85, 346.66 
727.97, 678.58, 485.89 
729.64, 685.81, 587.22 
730.43, 810.64, 326.87 
730.66, 798.66, 486.87 
732.90, 799.18, 608.22 
835.45, 594.01, 331.42 
837.49, 590.07, 474.30 
840.27, 590.88, 589.48 
851.14, 678.14, 344.84 
851.85, 676.44, 483.92 
853.44, 687.27, 579.44 
855.34, 802.59, 332.11 
855.10, 796.17, 479.85 
857.69, 801.98, 586.79 
600.45, 596.24, 482.57 
601.99, 597.93, 585.40 
603.53, 598.00, 605.92 
603.69, 682.11, 486.20 
604.82, 688.46, 590.11 
604.66, 722.53, 605.14 
605.41, 801.74, 494.79 
605.89, 810.53, 597.49 
606.27, 850.32, 595.94 
713.13, 593.52, 486.09 
714.38, 597.69, 596.53 
727.16, 597.30, 607.84 
727.49, 679.77, 488.28 
728.34, 687.73, 588.03 
730.48, 719.11, 606.02 
728.72, 801.34, 489.12 
729.89, 803.11, 610.06 
733.15, 844.31, 604.45 
837.81, 592.20, 478.75 
839.68, 593.73, 591.49 
850.74, 596.61, 608.03 
851.44, 678.24, 487.44 
852.15, 690.09, 580.64 
854.37, 717.58, 602.78 
853.10, 800.24, 482.26 
854.87, 806.02, 590.73 
857.92, 841.11, 609.38 
598.39, 599.92, 584.77 
594.72, 601.58, 605.76 
591.30, 603.03, 720.79 
597.45, 689.63, 589.46 
592.15, 725.60, 604.84 
590.16, 727.84, 721.65 
594.94, 813.82, 595.62 
590.09, 853.25, 595.04 
589.43, 847.62, 733.25 
711.35, 603.03, 597.49 
718.87, 604.29, 607.66 
717.34, 603.93, 726.93 
721.57, 692.18, 588.88 
718.03, 727.04, 605.98 
716.50, 727.93, 728.06 
717.36, 813.17, 612.90 
716.83, 853.03, 602.98 
715.92, 850.56, 733.12 
835.88, 602.43, 596.33 
842.73, 607.61, 608.23 
842.22, 603.36, 737.03 
845.59, 698.12, 583.62 
842.57, 729.34, 604.49 
841.89, 727.70, 737.32 
841.79, 818.24, 605.01 
842.01, 854.81, 611.92 
841.90, 855.57, 729.03 
