27, 125, pa2-unknown-j-output1.txt
203.30,  197.07,  192.71
390.16,  407.53,  206.12
100.61, 98.94, 100.86
103.06, 102.19, 225.80
105.50, 105.43, 350.73
101.67, 223.89, 97.60
104.11, 227.14, 222.53
106.55, 230.38, 347.47
102.72, 348.85, 94.33
105.16, 352.09, 219.27
107.60, 355.34, 344.20
225.59, 97.83, 98.45
228.03, 101.07, 223.38
230.47, 104.32, 348.32
226.64, 222.78, 95.18
229.08, 226.02, 220.12
231.52, 229.27, 345.05
227.69, 347.73, 91.92
230.13, 350.98, 216.85
232.57, 354.22, 341.79
350.56, 96.71, 96.04
353.00, 99.96, 220.97
355.44, 103.20, 345.90
351.61, 221.67, 92.77
354.05, 224.91, 217.71
356.49, 228.15, 342.64
352.66, 346.62, 89.51
355.10, 349.86, 214.44
357.54, 353.11, 339.37
100.24, 100.70, 223.69
102.89, 104.43, 348.61
105.54, 108.16, 473.53
100.58, 225.64, 219.96
103.23, 229.37, 344.87
105.88, 233.10, 469.79
100.92, 350.59, 216.22
103.57, 354.32, 341.14
106.22, 358.04, 466.05
225.21, 100.28, 221.05
227.86, 104.01, 345.97
230.51, 107.73, 470.89
225.55, 225.22, 217.32
228.20, 228.95, 342.23
230.85, 232.68, 467.15
225.90, 350.17, 213.58
228.55, 353.89, 338.50
231.20, 357.62, 463.41
350.18, 99.86, 218.42
352.83, 103.58, 343.33
355.48, 107.31, 468.25
350.52, 224.80, 214.68
353.17, 228.53, 339.60
355.82, 232.26, 464.51
350.87, 349.74, 210.94
353.52, 353.47, 335.86
356.17, 357.20, 460.78
101.06, 98.06, 350.39
97.33, 96.17, 475.32
93.61, 94.28, 600.25
100.30, 223.04, 352.26
96.58, 221.15, 477.19
92.85, 219.26, 602.12
99.55, 348.03, 354.13
95.83, 346.13, 479.06
92.10, 344.24, 603.99
226.00, 98.76, 354.13
222.27, 96.86, 479.06
218.55, 94.97, 603.99
225.25, 223.74, 356.00
221.52, 221.85, 480.93
217.80, 219.96, 605.86
224.49, 348.72, 357.87
220.77, 346.83, 482.80
217.04, 344.94, 607.73
350.94, 99.45, 357.86
347.22, 97.56, 482.79
343.49, 95.67, 607.72
350.19, 224.44, 359.73
346.46, 222.54, 484.66
342.74, 220.65, 609.59
349.44, 349.42, 361.60
345.71, 347.53, 486.53
341.98, 345.64, 611.46
99.91, 99.88, 475.81
96.17, 103.32, 600.70
92.43, 106.76, 725.60
100.65, 224.84, 472.39
96.92, 228.27, 597.29
93.18, 231.71, 722.18
101.40, 349.79, 468.97
97.66, 353.23, 593.87
93.92, 356.66, 718.76
224.85, 99.24, 479.56
221.11, 102.68, 604.46
217.37, 106.12, 729.36
225.60, 224.19, 476.15
221.86, 227.63, 601.04
218.12, 231.07, 725.94
226.34, 349.14, 472.73
222.60, 352.58, 597.62
218.87, 356.02, 722.52
349.79, 98.60, 483.32
346.05, 102.04, 608.22
342.32, 105.48, 733.11
350.54, 223.55, 479.90
346.80, 226.99, 604.80
343.06, 230.43, 729.70
351.28, 348.50, 476.48
347.55, 351.94, 601.38
343.81, 355.38, 726.28
100.95, 100.00, 601.14
102.97, 98.51, 726.12
104.99, 97.02, 851.09
103.25, 224.97, 602.60
105.27, 223.48, 727.57
107.29, 221.99, 852.55
105.56, 349.94, 604.05
107.58, 348.45, 729.03
109.60, 346.96, 854.00
225.91, 97.72, 599.09
227.93, 96.23, 724.07
229.95, 94.73, 849.04
228.22, 222.69, 600.55
230.24, 221.20, 725.52
232.26, 219.70, 850.50
230.52, 347.66, 602.00
232.54, 346.17, 726.98
234.56, 344.67, 851.95
350.87, 95.43, 597.05
352.89, 93.94, 722.02
354.91, 92.45, 847.00
353.18, 220.40, 598.50
355.20, 218.91, 723.48
357.22, 217.42, 848.45
355.49, 345.37, 599.96
357.51, 343.88, 724.93
359.53, 342.39, 849.91
100.49, 224.11, 99.66
97.69, 224.43, 224.63
94.89, 224.76, 349.59
98.51, 349.10, 99.29
95.71, 349.42, 224.26
92.91, 349.74, 349.23
96.53, 474.08, 98.93
93.73, 474.40, 223.89
90.93, 474.72, 348.86
225.45, 226.10, 102.45
222.65, 226.42, 227.42
219.84, 226.75, 352.39
223.46, 351.09, 102.09
220.66, 351.41, 227.06
217.86, 351.73, 352.02
221.48, 476.07, 101.72
218.68, 476.39, 226.69
215.88, 476.71, 351.66
350.40, 228.09, 105.25
347.60, 228.42, 230.22
344.80, 228.74, 355.19
348.42, 353.08, 104.88
345.62, 353.40, 229.85
342.81, 353.72, 354.82
346.43, 478.06, 104.52
343.63, 478.38, 229.49
340.83, 478.70, 354.45
98.86, 226.58, 224.28
99.91, 225.81, 349.28
100.95, 225.05, 474.27
95.12, 351.52, 225.08
96.16, 350.75, 350.07
97.21, 349.99, 475.06
91.37, 476.46, 225.87
92.42, 475.69, 350.87
93.47, 474.93, 475.86
223.80, 230.32, 223.26
224.85, 229.56, 348.25
225.89, 228.79, 473.24
220.06, 355.27, 224.05
221.10, 354.50, 349.05
222.15, 353.74, 474.04
216.31, 480.21, 224.85
217.36, 479.44, 349.84
218.41, 478.68, 474.84
348.74, 234.07, 222.23
349.79, 233.31, 347.23
350.83, 232.54, 472.22
345.00, 359.01, 223.03
346.04, 358.25, 348.02
347.09, 357.49, 473.02
341.25, 483.96, 223.82
342.30, 483.19, 348.82
343.35, 482.43, 473.81
100.55, 224.30, 348.82
96.86, 226.52, 473.74
93.18, 228.75, 598.67
102.71, 349.26, 346.65
99.02, 351.49, 471.58
95.34, 353.72, 596.50
104.87, 474.22, 344.49
101.18, 476.45, 469.41
97.49, 478.68, 594.34
225.48, 222.20, 352.54
221.79, 224.43, 477.47
218.10, 226.66, 602.39
227.63, 347.17, 350.37
223.95, 349.39, 475.30
220.26, 351.62, 600.23
229.79, 472.13, 348.21
226.11, 474.36, 473.14
222.42, 476.58, 598.06
350.40, 220.11, 356.26
346.72, 222.34, 481.19
343.03, 224.57, 606.11
352.56, 345.07, 354.10
348.88, 347.30, 479.02
345.19, 349.53, 603.95
354.72, 470.03, 351.93
351.03, 472.26, 476.86
347.35, 474.49, 601.78
101.82, 225.43, 474.83
105.55, 226.02, 599.78
109.29, 226.62, 724.72
101.72, 350.43, 474.24
105.45, 351.02, 599.18
109.19, 351.62, 724.12
101.62, 475.42, 473.65
105.35, 476.02, 598.59
109.09, 476.62, 723.53
226.76, 225.51, 471.10
230.50, 226.11, 596.04
234.23, 226.70, 720.98
226.66, 350.51, 470.50
230.40, 351.10, 595.45
234.13, 351.70, 720.39
226.56, 475.51, 469.91
230.30, 476.10, 594.85
234.03, 476.70, 719.80
351.70, 225.59, 467.36
355.44, 226.19, 592.31
359.18, 226.78, 717.25
351.61, 350.59, 466.77
355.34, 351.18, 591.71
359.08, 351.78, 716.65
351.51, 475.59, 466.17
355.24, 476.18, 591.12
358.98, 476.78, 716.06
99.68, 223.69, 599.19
97.67, 227.06, 724.13
95.67, 230.43, 849.07
99.07, 348.64, 595.81
97.07, 352.01, 720.75
95.06, 355.39, 845.69
98.46, 473.60, 592.43
96.46, 476.97, 717.37
94.46, 480.34, 842.30
224.66, 224.35, 601.18
222.66, 227.72, 726.11
220.65, 231.10, 851.05
224.05, 349.30, 597.79
222.05, 352.68, 722.73
220.05, 356.05, 847.67
223.44, 474.26, 594.41
221.44, 477.63, 719.35
219.44, 481.00, 844.29
349.64, 225.01, 603.16
347.64, 228.39, 728.10
345.64, 231.76, 853.04
349.03, 349.97, 599.78
347.03, 353.34, 724.72
345.03, 356.71, 849.66
348.43, 474.92, 596.40
346.42, 478.29, 721.34
344.42, 481.66, 846.27
101.77, 348.86, 100.97
100.16, 349.41, 225.96
98.55, 349.96, 350.95
103.58, 473.85, 100.44
101.97, 474.40, 225.43
100.36, 474.95, 350.42
105.39, 598.83, 99.91
103.78, 599.38, 224.90
102.17, 599.94, 349.89
226.75, 347.06, 102.59
225.14, 347.61, 227.57
223.53, 348.16, 352.56
228.56, 472.05, 102.06
226.95, 472.60, 227.05
225.34, 473.15, 352.04
230.36, 597.03, 101.53
228.75, 597.59, 226.52
227.14, 598.14, 351.51
351.73, 345.26, 104.20
350.12, 345.81, 229.19
348.51, 346.36, 354.18
353.53, 470.25, 103.68
351.92, 470.80, 228.66
350.31, 471.35, 353.65
355.34, 595.23, 103.15
353.73, 595.79, 228.14
352.12, 596.34, 353.13
99.76, 349.07, 226.17
96.61, 349.76, 351.13
93.46, 350.45, 476.09
96.68, 474.03, 225.41
93.53, 474.72, 350.36
90.37, 475.41, 475.32
93.59, 598.99, 224.64
90.44, 599.68, 349.60
87.29, 600.37, 474.56
224.69, 352.18, 229.30
221.54, 352.87, 354.26
218.39, 353.56, 479.22
221.60, 477.14, 228.54
218.45, 477.83, 353.50
215.30, 478.52, 478.45
218.51, 602.10, 227.77
215.36, 602.79, 352.73
212.21, 603.48, 477.69
349.61, 355.29, 232.44
346.46, 355.98, 357.39
343.31, 356.67, 482.35
346.52, 480.25, 231.67
343.37, 480.94, 356.63
340.22, 481.62, 481.59
343.43, 605.21, 230.90
340.28, 605.90, 355.86
337.13, 606.58, 480.82
99.07, 349.08, 351.07
100.73, 352.20, 476.02
102.39, 355.32, 600.97
97.24, 474.03, 347.98
98.90, 477.15, 472.93
100.57, 480.27, 597.88
95.42, 598.98, 344.88
97.08, 602.10, 469.83
98.74, 605.22, 594.78
224.04, 350.86, 349.37
225.70, 353.98, 474.32
227.37, 357.10, 599.27
222.22, 475.81, 346.27
223.88, 478.93, 471.22
225.54, 482.05, 596.17
220.40, 600.76, 343.18
222.06, 603.88, 468.13
223.72, 607.00, 593.08
349.02, 352.64, 347.66
350.68, 355.76, 472.61
352.34, 358.88, 597.56
347.20, 477.59, 344.57
348.86, 480.71, 469.52
350.52, 483.83, 594.47
345.37, 602.54, 341.47
347.03, 605.66, 466.42
348.69, 608.78, 591.37
101.46, 351.47, 473.70
99.42, 353.54, 598.67
97.39, 355.61, 723.63
105.01, 476.41, 471.69
102.97, 478.48, 596.66
100.94, 480.55, 721.62
108.56, 601.34, 469.68
106.52, 603.41, 594.64
104.48, 605.48, 719.61
226.39, 347.96, 475.79
224.35, 350.03, 600.76
222.32, 352.10, 725.73
229.94, 472.89, 473.78
227.90, 474.96, 598.75
225.87, 477.03, 723.71
233.49, 597.82, 471.77
231.45, 599.89, 596.74
229.42, 601.97, 721.70
351.32, 344.44, 477.89
349.29, 346.51, 602.85
347.25, 348.58, 727.82
354.87, 469.38, 475.88
352.84, 471.45, 600.84
350.80, 473.52, 725.81
358.42, 594.31, 473.86
356.39, 596.38, 598.83
354.35, 598.45, 723.80
99.56, 349.05, 600.30
97.56, 351.80, 725.25
95.55, 354.54, 850.21
97.28, 474.00, 597.52
95.27, 476.75, 722.47
93.26, 479.49, 847.42
94.99, 598.95, 594.74
92.99, 601.70, 719.69
90.98, 604.44, 844.64
224.53, 351.38, 602.26
222.52, 354.13, 727.21
220.51, 356.87, 852.16
222.24, 476.33, 599.47
220.23, 479.08, 724.43
218.23, 481.82, 849.38
219.96, 601.28, 596.69
217.95, 604.02, 721.65
215.94, 606.77, 846.60
349.49, 353.71, 604.21
347.48, 356.46, 729.17
345.47, 359.20, 854.12
347.20, 478.66, 601.43
345.20, 481.40, 726.38
343.19, 484.15, 851.34
344.92, 603.61, 598.65
342.91, 606.35, 723.60
340.90, 609.10, 848.56
98.29, 473.50, 98.90
98.33, 475.82, 223.88
98.38, 478.15, 348.86
94.69, 598.42, 96.58
94.73, 600.75, 221.56
94.78, 603.07, 346.54
91.09, 723.35, 94.26
91.13, 725.67, 219.24
91.18, 728.00, 344.21
223.24, 477.10, 98.79
223.28, 479.42, 223.77
223.33, 481.74, 348.75
219.64, 602.02, 96.47
219.68, 604.35, 221.45
219.73, 606.67, 346.43
216.04, 726.95, 94.15
216.08, 729.27, 219.12
216.13, 731.60, 344.10
348.19, 480.69, 98.68
348.23, 483.02, 223.66
348.27, 485.34, 348.64
344.59, 605.62, 96.36
344.63, 607.95, 221.34
344.67, 610.27, 346.31
340.99, 730.55, 94.04
341.03, 732.87, 219.01
341.07, 735.20, 343.99
99.78, 473.28, 224.05
99.22, 476.79, 349.00
98.66, 480.31, 473.95
102.36, 598.20, 220.54
101.80, 601.72, 345.49
101.25, 605.24, 470.44
104.94, 723.13, 217.04
104.38, 726.64, 341.99
103.83, 730.16, 466.94
224.75, 470.71, 224.68
224.19, 474.23, 349.63
223.64, 477.75, 474.58
227.33, 595.64, 221.17
226.77, 599.15, 346.12
226.22, 602.67, 471.07
229.91, 720.56, 217.67
229.36, 724.08, 342.62
228.80, 727.59, 467.57
349.72, 468.15, 225.31
349.16, 471.66, 350.26
348.61, 475.18, 475.20
352.30, 593.07, 221.80
351.75, 596.59, 346.75
351.19, 600.10, 471.70
354.88, 717.99, 218.30
354.33, 721.51, 343.24
353.77, 725.03, 468.19
100.27, 475.15, 351.55
102.20, 472.45, 476.51
104.12, 469.74, 601.46
99.35, 600.12, 354.27
101.28, 597.41, 479.23
103.20, 594.70, 604.18
98.43, 725.09, 357.00
100.35, 722.38, 481.95
102.28, 719.67, 606.91
225.25, 476.12, 349.65
227.18, 473.41, 474.60
229.10, 470.70, 599.56
224.33, 601.08, 352.37
226.26, 598.37, 477.32
228.18, 595.67, 602.28
223.41, 726.05, 355.09
225.34, 723.34, 480.05
227.26, 720.63, 605.00
350.23, 477.08, 347.74
352.16, 474.37, 472.70
354.08, 471.66, 597.65
349.31, 602.05, 350.46
351.24, 599.34, 475.42
353.16, 596.63, 600.37
348.39, 727.01, 353.19
350.32, 724.30, 478.14
352.24, 721.60, 603.10
98.54, 476.59, 476.30
102.06, 478.19, 601.24
105.59, 479.79, 726.18
98.44, 601.58, 474.70
101.97, 603.18, 599.64
105.49, 604.78, 724.58
98.35, 726.57, 473.10
101.87, 728.17, 598.04
105.40, 729.77, 722.98
223.49, 476.64, 472.78
227.02, 478.24, 597.72
230.54, 479.84, 722.66
223.39, 601.63, 471.18
226.92, 603.23, 596.12
230.44, 604.83, 721.06
223.30, 726.62, 469.58
226.82, 728.22, 594.52
230.35, 729.82, 719.46
348.44, 476.69, 469.25
351.97, 478.29, 594.19
355.49, 479.89, 719.13
348.34, 601.68, 467.65
351.87, 603.28, 592.59
355.39, 604.88, 717.53
348.25, 726.67, 466.05
351.77, 728.27, 590.99
355.30, 729.87, 715.93
101.34, 476.75, 600.05
102.40, 478.48, 725.04
103.46, 480.21, 850.02
103.28, 601.72, 598.31
104.34, 603.45, 723.29
105.40, 605.18, 848.28
105.22, 726.70, 596.56
106.28, 728.43, 721.55
107.33, 730.15, 846.53
226.32, 474.80, 599.02
227.38, 476.53, 724.01
228.44, 478.26, 848.99
228.26, 599.77, 597.28
229.32, 601.50, 722.26
230.38, 603.23, 847.25
230.20, 724.74, 595.53
231.26, 726.47, 720.52
232.31, 728.20, 845.50
351.30, 472.85, 597.99
352.36, 474.58, 722.98
353.42, 476.31, 847.96
353.24, 597.82, 596.25
354.30, 599.55, 721.23
355.36, 601.28, 846.22
355.18, 722.79, 594.50
356.24, 724.52, 719.49
357.29, 726.25, 844.47
98.64, 599.07, 101.51
100.20, 601.65, 226.47
101.76, 604.24, 351.44
95.91, 724.02, 98.96
97.47, 726.60, 223.92
99.03, 729.18, 348.89
93.18, 848.96, 96.41
94.73, 851.54, 221.38
96.29, 854.13, 346.34
223.60, 601.77, 99.89
225.16, 604.36, 224.86
226.72, 606.94, 349.82
220.87, 726.72, 97.35
222.43, 729.30, 222.31
223.99, 731.88, 347.27
218.14, 851.66, 94.80
219.69, 854.24, 219.76
221.25, 856.83, 344.73
348.56, 604.47, 98.28
350.12, 607.06, 223.24
351.68, 609.64, 348.21
345.83, 729.42, 95.73
347.39, 732.00, 220.70
348.95, 734.58, 345.66
343.10, 854.36, 93.19
344.66, 856.94, 218.15
346.21, 859.53, 343.11
100.75, 598.19, 226.86
101.12, 596.06, 351.84
101.49, 593.94, 476.82
97.82, 723.13, 229.00
98.20, 721.01, 353.98
98.57, 718.88, 478.96
94.90, 848.08, 231.13
95.28, 845.96, 356.11
95.65, 843.83, 481.09
225.71, 601.11, 226.54
226.09, 598.99, 351.52
226.46, 596.86, 476.50
222.79, 726.06, 228.67
223.16, 723.94, 353.65
223.54, 721.81, 478.63
219.87, 851.01, 230.80
220.24, 848.88, 355.79
220.62, 846.76, 480.77
350.68, 604.04, 226.21
351.05, 601.92, 351.19
351.43, 599.79, 476.18
347.76, 728.99, 228.35
348.13, 726.87, 353.33
348.50, 724.74, 478.31
344.83, 853.94, 230.48
345.21, 851.81, 355.46
345.58, 849.69, 480.44
98.95, 599.96, 351.34
99.28, 603.05, 476.30
99.60, 606.15, 601.26
97.24, 724.91, 348.25
97.57, 728.00, 473.21
97.89, 731.10, 598.18
95.53, 849.86, 345.17
95.85, 852.96, 470.13
96.18, 856.05, 595.09
223.94, 601.67, 350.97
224.26, 604.76, 475.93
224.59, 607.85, 600.89
222.23, 726.62, 347.89
222.55, 729.71, 472.85
222.88, 732.80, 597.81
220.52, 851.57, 344.80
220.84, 854.66, 469.76
221.17, 857.75, 594.72
348.93, 603.37, 350.60
349.25, 606.46, 475.57
349.58, 609.55, 600.53
347.22, 728.32, 347.52
347.54, 731.41, 472.48
347.87, 734.50, 597.44
345.50, 853.27, 344.43
345.83, 856.36, 469.39
346.16, 859.45, 594.35
98.33, 601.25, 476.09
100.00, 601.10, 601.08
101.66, 600.95, 726.07
99.64, 726.24, 476.22
101.31, 726.09, 601.21
102.98, 725.94, 726.20
100.96, 851.24, 476.36
102.62, 851.08, 601.35
104.29, 850.93, 726.33
223.31, 599.94, 474.42
224.98, 599.79, 599.41
226.64, 599.63, 724.40
224.62, 724.93, 474.55
226.29, 724.78, 599.54
227.96, 724.63, 724.53
225.94, 849.92, 474.69
227.60, 849.77, 599.68
229.27, 849.62, 724.67
348.29, 598.63, 472.75
349.96, 598.47, 597.74
351.63, 598.32, 722.73
349.61, 723.62, 472.89
351.27, 723.47, 597.88
352.94, 723.32, 722.86
350.92, 848.61, 473.02
352.59, 848.46, 598.01
354.25, 848.31, 723.00
100.02, 600.59, 599.83
100.04, 599.89, 724.83
100.06, 599.20, 849.83
96.39, 725.53, 600.53
96.41, 724.84, 725.52
96.43, 724.14, 850.52
92.77, 850.48, 601.22
92.79, 849.78, 726.22
92.81, 849.09, 851.22
224.97, 604.22, 599.83
224.99, 603.52, 724.83
225.01, 602.82, 849.83
221.34, 729.16, 600.53
221.36, 728.46, 725.52
221.38, 727.77, 850.52
217.72, 854.11, 601.22
217.74, 853.41, 726.22
217.75, 852.71, 851.22
349.92, 607.84, 599.83
349.93, 607.15, 724.83
349.95, 606.45, 849.83
346.29, 732.79, 600.53
346.31, 732.09, 725.53
346.33, 731.39, 850.52
342.66, 857.73, 601.22
342.68, 857.04, 726.22
342.70, 856.34, 851.22
226.06, 99.76, 100.27
227.54, 99.08, 225.26
229.01, 98.41, 350.25
226.35, 224.75, 100.94
227.83, 224.08, 225.93
229.30, 223.41, 350.92
226.64, 349.75, 101.61
228.11, 349.08, 226.60
229.59, 348.41, 351.59
351.05, 99.48, 98.80
352.53, 98.80, 223.78
354.01, 98.13, 348.77
351.34, 224.48, 99.47
352.82, 223.80, 224.45
354.29, 223.13, 349.44
351.63, 349.47, 100.14
353.10, 348.80, 225.12
354.58, 348.13, 350.11
476.05, 99.20, 97.32
477.52, 98.52, 222.31
479.00, 97.85, 347.30
476.33, 224.20, 97.99
477.81, 223.52, 222.98
479.28, 222.85, 347.97
476.62, 349.19, 98.66
478.10, 348.52, 223.65
479.57, 347.85, 348.64
225.89, 100.78, 225.27
226.56, 101.81, 350.27
227.24, 102.85, 475.26
223.76, 225.76, 224.25
224.43, 226.79, 349.24
225.11, 227.82, 474.24
221.63, 350.73, 223.23
222.31, 351.77, 348.22
222.98, 352.80, 473.22
350.87, 102.90, 224.58
351.54, 103.94, 349.58
352.22, 104.97, 474.57
348.74, 227.88, 223.56
349.41, 228.91, 348.55
350.09, 229.95, 473.55
346.61, 352.86, 222.54
347.29, 353.89, 347.53
347.96, 354.93, 472.52
475.85, 105.03, 223.89
476.52, 106.06, 348.89
477.20, 107.09, 473.88
473.72, 230.00, 222.87
474.40, 231.04, 347.86
475.07, 232.07, 472.86
471.59, 354.98, 221.85
472.27, 356.02, 346.84
472.94, 357.05, 471.83
226.82, 98.34, 350.68
227.52, 96.62, 475.66
228.23, 94.91, 600.65
224.27, 223.30, 352.40
224.97, 221.59, 477.39
225.68, 219.88, 602.37
221.72, 348.26, 354.13
222.43, 346.55, 479.11
223.13, 344.84, 604.10
351.79, 100.89, 350.01
352.50, 99.18, 474.99
353.20, 97.47, 599.98
349.24, 225.86, 351.73
349.95, 224.15, 476.72
350.65, 222.43, 601.70
346.69, 350.82, 353.46
347.40, 349.11, 478.44
348.10, 347.40, 603.43
476.76, 103.45, 349.34
477.47, 101.74, 474.32
478.17, 100.03, 599.31
474.21, 228.42, 351.06
474.92, 226.70, 476.05
475.62, 224.99, 601.03
471.66, 353.38, 352.79
472.37, 351.67, 477.77
473.07, 349.96, 602.76
223.55, 101.30, 474.41
223.29, 100.41, 599.40
223.03, 99.52, 724.40
224.78, 226.30, 475.30
224.52, 225.40, 600.30
224.26, 224.51, 725.29
226.01, 351.29, 476.19
225.75, 350.40, 601.19
225.49, 349.50, 726.19
348.55, 100.07, 474.66
348.29, 99.18, 599.65
348.02, 98.29, 724.65
349.78, 225.06, 475.55
349.52, 224.17, 600.55
349.26, 223.28, 725.54
351.01, 350.05, 476.44
350.75, 349.16, 601.44
350.49, 348.27, 726.44
473.54, 98.84, 474.91
473.28, 97.95, 599.91
473.02, 97.06, 724.90
474.77, 223.83, 475.80
474.51, 222.94, 600.80
474.25, 222.05, 725.80
476.00, 348.82, 476.70
475.74, 347.93, 601.69
475.48, 347.04, 726.69
226.97, 100.47, 600.51
224.16, 101.74, 725.47
221.34, 103.02, 850.43
223.27, 225.41, 599.15
220.45, 226.68, 724.11
217.64, 227.96, 849.07
219.56, 350.34, 597.79
216.75, 351.62, 722.75
213.93, 352.90, 847.71
351.88, 104.20, 603.28
349.07, 105.48, 728.24
346.25, 106.76, 853.20
348.18, 229.14, 601.92
345.36, 230.42, 726.88
342.55, 231.69, 851.85
344.47, 354.08, 600.56
341.66, 355.35, 725.52
338.84, 356.63, 850.49
476.80, 107.94, 606.06
473.98, 109.21, 731.02
471.17, 110.49, 855.98
473.09, 232.88, 604.70
470.28, 234.15, 729.66
467.46, 235.43, 854.62
469.39, 357.81, 603.34
466.57, 359.09, 728.30
463.76, 360.37, 853.26
223.01, 223.61, 99.27
226.24, 221.02, 224.20
229.48, 218.44, 349.13
221.47, 348.57, 101.90
224.71, 345.98, 226.83
227.94, 343.40, 351.76
219.94, 473.53, 104.53
223.17, 470.95, 229.46
226.40, 468.36, 354.39
347.96, 225.21, 96.07
351.19, 222.63, 221.00
354.43, 220.04, 345.93
346.42, 350.17, 98.70
349.66, 347.59, 223.63
352.89, 345.00, 348.56
344.88, 475.14, 101.32
348.12, 472.55, 226.26
351.35, 469.96, 351.19
472.91, 226.82, 92.87
476.14, 224.23, 217.80
479.37, 221.64, 342.73
471.37, 351.78, 95.50
474.60, 349.19, 220.43
477.84, 346.61, 345.36
469.83, 476.74, 98.12
473.07, 474.15, 223.05
476.30, 471.57, 347.99
225.03, 223.61, 225.32
227.35, 222.28, 350.29
229.66, 220.94, 475.26
227.64, 348.58, 226.60
229.95, 347.24, 351.58
232.27, 345.91, 476.55
230.25, 473.54, 227.89
232.56, 472.21, 352.86
234.88, 470.87, 477.83
349.98, 221.03, 222.98
352.30, 219.69, 347.95
354.61, 218.36, 472.92
352.59, 345.99, 224.26
354.91, 344.66, 349.23
357.22, 343.32, 474.21
355.20, 470.96, 225.55
357.52, 469.62, 350.52
359.83, 468.29, 475.49
474.93, 218.44, 220.64
477.25, 217.11, 345.61
479.56, 215.77, 470.58
477.54, 343.41, 221.92
479.86, 342.07, 346.89
482.17, 340.74, 471.86
480.15, 468.37, 223.21
482.47, 467.04, 348.18
484.78, 465.70, 473.15
224.85, 226.43, 348.95
226.64, 223.74, 473.91
228.43, 221.04, 598.87
221.83, 351.37, 351.69
223.62, 348.67, 476.65
225.41, 345.97, 601.61
218.80, 476.30, 354.43
220.59, 473.60, 479.39
222.38, 470.91, 604.35
349.80, 229.50, 347.23
351.59, 226.80, 472.19
353.38, 224.10, 597.15
346.78, 354.43, 349.97
348.57, 351.73, 474.93
350.36, 349.04, 599.88
343.75, 479.36, 352.71
345.54, 476.67, 477.66
347.33, 473.97, 602.62
474.75, 232.56, 345.51
476.54, 229.86, 470.46
478.33, 227.17, 595.42
471.73, 357.49, 348.24
473.52, 354.80, 473.20
475.31, 352.10, 598.16
468.70, 482.42, 350.98
470.49, 479.73, 475.94
472.28, 477.03, 600.90
225.07, 225.01, 474.53
223.08, 221.36, 599.46
221.09, 217.70, 724.39
222.33, 349.93, 478.14
220.34, 346.27, 603.07
218.35, 342.62, 728.00
219.59, 474.85, 481.75
217.60, 471.19, 606.68
215.61, 467.53, 731.61
350.02, 227.69, 476.60
348.03, 224.03, 601.53
346.04, 220.38, 726.46
347.29, 352.61, 480.21
345.30, 348.95, 605.14
343.30, 345.30, 730.07
344.55, 477.53, 483.82
342.56, 473.87, 608.75
340.57, 470.21, 733.68
474.98, 230.37, 478.67
472.99, 226.71, 603.60
471.00, 223.06, 728.53
472.24, 355.29, 482.28
470.25, 351.63, 607.21
468.26, 347.98, 732.14
469.50, 480.21, 485.89
467.51, 476.55, 610.82
465.52, 472.89, 735.75
225.46, 223.57, 599.14
224.48, 223.25, 724.14
223.51, 222.93, 849.13
224.45, 348.56, 599.45
223.47, 348.25, 724.44
222.49, 347.93, 849.44
223.44, 473.56, 599.76
222.46, 473.24, 724.75
221.48, 472.92, 849.75
350.45, 224.58, 600.12
349.48, 224.26, 725.12
348.50, 223.94, 850.11
349.44, 349.57, 600.43
348.47, 349.25, 725.43
347.49, 348.94, 850.42
348.43, 474.57, 600.74
347.46, 474.25, 725.73
346.48, 473.93, 850.73
475.45, 225.58, 601.10
474.47, 225.27, 726.10
473.49, 224.95, 851.09
474.44, 350.58, 601.41
473.46, 350.26, 726.41
472.48, 349.95, 851.40
473.43, 475.58, 601.72
472.45, 475.26, 726.72
471.47, 474.94, 851.71
224.59, 351.68, 98.50
223.97, 352.88, 223.49
223.35, 354.07, 348.48
224.50, 476.67, 97.30
223.89, 477.87, 222.29
223.27, 479.07, 347.29
224.42, 601.67, 96.11
223.80, 602.86, 221.10
223.18, 604.06, 346.09
349.59, 351.77, 99.12
348.97, 352.97, 224.11
348.35, 354.16, 349.10
349.50, 476.76, 97.92
348.88, 477.96, 222.91
348.26, 479.16, 347.91
349.42, 601.76, 96.72
348.80, 602.95, 221.72
348.18, 604.15, 346.71
474.59, 351.86, 99.74
473.97, 353.06, 224.73
473.35, 354.25, 349.72
474.50, 476.85, 98.54
473.88, 478.05, 223.53
473.26, 479.25, 348.52
474.42, 601.85, 97.34
473.80, 603.04, 222.34
473.18, 604.24, 347.33
226.15, 350.00, 223.69
226.37, 352.39, 348.67
226.59, 354.77, 473.64
224.15, 474.96, 221.31
224.37, 477.35, 346.29
224.59, 479.73, 471.26
222.16, 599.92, 218.93
222.37, 602.31, 343.90
222.59, 604.70, 468.88
351.14, 352.00, 223.44
351.35, 354.38, 348.41
351.57, 356.77, 473.39
349.14, 476.96, 221.05
349.35, 479.34, 346.03
349.57, 481.73, 471.01
347.14, 601.92, 218.67
347.36, 604.30, 343.65
347.57, 606.69, 468.63
476.12, 353.99, 223.18
476.34, 356.37, 348.16
476.55, 358.76, 473.13
474.12, 478.95, 220.80
474.34, 481.34, 345.78
474.56, 483.72, 470.75
472.12, 603.91, 218.42
472.34, 606.30, 343.39
472.56, 608.68, 468.37
224.00, 348.75, 348.36
221.16, 346.22, 473.30
218.32, 343.68, 598.24
221.97, 473.71, 350.85
219.13, 471.17, 475.79
216.29, 468.64, 600.73
219.93, 598.67, 353.34
217.09, 596.13, 478.28
214.25, 593.60, 603.22
348.95, 350.73, 351.24
346.11, 348.19, 476.18
343.27, 345.65, 601.12
346.92, 475.69, 353.73
344.08, 473.15, 478.67
341.24, 470.61, 603.61
344.88, 600.64, 356.22
342.04, 598.11, 481.16
339.21, 595.57, 606.10
473.90, 352.70, 354.12
471.06, 350.16, 479.06
468.22, 347.63, 604.00
471.87, 477.66, 356.61
469.03, 475.12, 481.55
466.19, 472.59, 606.49
469.84, 602.62, 359.10
467.00, 600.08, 484.04
464.16, 597.55, 608.98
226.78, 350.69, 474.83
227.77, 353.20, 599.80
228.76, 355.70, 724.77
226.97, 475.67, 472.32
227.96, 478.17, 597.29
228.95, 480.67, 722.27
227.16, 600.64, 469.82
228.15, 603.15, 594.79
229.14, 605.65, 719.76
351.77, 350.48, 473.84
352.76, 352.98, 598.81
353.75, 355.49, 723.78
351.96, 475.46, 471.34
352.95, 477.96, 596.31
353.94, 480.46, 721.28
352.15, 600.43, 468.83
353.14, 602.93, 593.80
354.13, 605.44, 718.78
476.77, 350.27, 472.86
477.76, 352.77, 597.83
478.75, 355.28, 722.80
476.96, 475.25, 470.35
477.95, 477.75, 595.32
478.94, 480.25, 720.29
477.15, 600.22, 467.85
478.14, 602.72, 592.82
479.13, 605.23, 717.79
225.95, 350.45, 601.61
226.28, 351.74, 726.61
226.61, 353.04, 851.60
228.66, 475.41, 600.31
228.99, 476.71, 725.30
229.31, 478.00, 850.30
231.37, 600.37, 599.01
231.69, 601.67, 724.00
232.02, 602.97, 848.99
350.92, 347.74, 601.31
351.25, 349.03, 726.31
351.58, 350.33, 851.30
353.63, 472.70, 600.01
353.96, 474.00, 725.00
354.28, 475.29, 850.00
356.34, 597.66, 598.71
356.66, 598.96, 723.70
356.99, 600.26, 848.69
475.89, 345.02, 601.01
476.22, 346.32, 726.01
476.55, 347.62, 851.00
478.60, 469.99, 599.71
478.93, 471.28, 724.70
479.25, 472.58, 849.70
481.31, 594.95, 598.41
481.63, 596.25, 723.40
481.96, 597.54, 848.39
225.91, 473.15, 99.89
227.38, 473.44, 224.88
228.86, 473.74, 349.87
224.22, 598.14, 99.61
225.70, 598.43, 224.61
227.17, 598.73, 349.60
222.53, 723.13, 99.34
224.01, 723.42, 224.33
225.49, 723.71, 349.32
350.89, 474.83, 98.41
352.36, 475.13, 223.40
353.84, 475.42, 348.39
349.20, 599.82, 98.13
350.68, 600.11, 223.13
352.15, 600.41, 348.12
347.51, 724.81, 97.86
348.99, 725.10, 222.85
350.47, 725.40, 347.84
475.87, 476.52, 96.93
477.34, 476.81, 221.92
478.82, 477.10, 346.91
474.18, 601.50, 96.65
475.66, 601.80, 221.65
477.13, 602.09, 346.64
472.49, 726.49, 96.38
473.97, 726.79, 221.37
475.45, 727.08, 346.36
223.54, 475.19, 225.08
224.66, 474.56, 350.07
225.77, 473.93, 475.07
222.31, 600.18, 225.72
223.42, 599.55, 350.71
224.54, 598.92, 475.71
221.07, 725.17, 226.36
222.19, 724.54, 351.35
223.30, 723.91, 476.35
348.53, 476.43, 223.97
349.65, 475.80, 348.96
350.76, 475.17, 473.96
347.30, 601.42, 224.61
348.41, 600.79, 349.61
349.53, 600.16, 474.60
346.06, 726.41, 225.25
347.18, 725.78, 350.25
348.29, 725.15, 475.24
473.52, 477.67, 222.86
474.64, 477.04, 347.86
475.75, 476.41, 472.85
472.29, 602.66, 223.50
473.40, 602.03, 348.50
474.51, 601.40, 473.49
471.05, 727.65, 224.15
472.17, 727.02, 349.14
473.28, 726.39, 474.13
226.74, 473.38, 351.76
228.36, 471.61, 476.74
229.98, 469.83, 601.71
226.12, 598.37, 353.54
227.73, 596.59, 478.52
229.35, 594.82, 603.50
225.49, 723.35, 355.33
227.11, 721.58, 480.30
228.73, 719.80, 605.28
351.73, 474.03, 350.15
353.35, 472.26, 475.13
354.96, 470.48, 600.11
351.11, 599.02, 351.93
352.72, 597.24, 476.91
354.34, 595.47, 601.89
350.48, 724.00, 353.72
352.10, 722.23, 478.70
353.71, 720.45, 603.67
476.72, 474.68, 348.54
478.34, 472.90, 473.52
479.95, 471.13, 598.50
476.09, 599.66, 350.33
477.71, 597.89, 475.30
479.33, 596.11, 600.28
475.47, 724.65, 352.11
477.09, 722.87, 477.09
478.70, 721.10, 602.07
224.27, 473.68, 475.12
223.36, 474.29, 600.11
222.44, 474.91, 725.11
221.31, 598.64, 474.48
220.40, 599.26, 599.48
219.49, 599.87, 724.48
218.36, 723.61, 473.85
217.45, 724.22, 598.84
216.54, 724.83, 723.84
349.23, 476.64, 476.02
348.32, 477.25, 601.01
347.41, 477.87, 726.01
346.28, 601.60, 475.38
345.36, 602.22, 600.38
344.45, 602.83, 725.37
343.32, 726.57, 474.75
342.41, 727.18, 599.74
341.50, 727.79, 724.74
474.19, 479.60, 476.91
473.28, 480.21, 601.91
472.37, 480.82, 726.90
471.24, 604.56, 476.28
470.33, 605.17, 601.27
469.42, 605.79, 726.27
468.28, 729.52, 475.64
467.37, 730.14, 600.64
466.46, 730.75, 725.63
225.77, 475.13, 598.73
227.41, 473.50, 723.71
229.05, 471.87, 848.69
226.92, 600.11, 600.34
228.56, 598.48, 725.32
230.20, 596.85, 850.30
228.08, 725.10, 601.95
229.72, 723.47, 726.93
231.36, 721.84, 851.91
350.75, 473.99, 597.07
352.39, 472.37, 722.05
354.03, 470.74, 847.03
351.91, 598.98, 598.69
353.55, 597.35, 723.67
355.19, 595.72, 848.64
353.06, 723.96, 600.30
354.70, 722.33, 725.28
356.34, 720.71, 850.26
475.74, 472.86, 595.42
477.37, 471.23, 720.40
479.01, 469.60, 845.38
476.89, 597.84, 597.03
478.53, 596.22, 722.01
480.17, 594.59, 846.99
478.05, 722.83, 598.65
479.69, 721.20, 723.63
481.32, 719.57, 848.60
223.57, 601.19, 98.88
223.30, 600.88, 223.88
223.02, 600.58, 348.88
227.13, 726.14, 99.19
226.86, 725.83, 224.19
226.58, 725.53, 349.19
230.69, 851.08, 99.50
230.42, 850.78, 224.50
230.14, 850.48, 349.50
348.52, 597.63, 99.15
348.25, 597.32, 224.15
347.97, 597.02, 349.15
352.08, 722.58, 99.46
351.81, 722.27, 224.46
351.53, 721.97, 349.46
355.64, 847.52, 99.77
355.37, 847.22, 224.77
355.09, 846.92, 349.77
473.47, 594.07, 99.42
473.19, 593.76, 224.42
472.92, 593.46, 349.42
477.03, 719.01, 99.73
476.76, 718.71, 224.73
476.48, 718.41, 349.73
480.59, 843.96, 100.04
480.32, 843.66, 225.04
480.04, 843.36, 350.04
223.63, 598.90, 225.31
222.54, 595.91, 350.27
221.44, 592.92, 475.23
223.00, 723.86, 228.29
221.90, 720.87, 353.25
220.81, 717.89, 478.21
222.37, 848.82, 231.28
221.27, 845.84, 356.23
220.17, 842.85, 481.19
348.63, 599.50, 226.42
347.53, 596.52, 351.38
346.43, 593.53, 476.34
347.99, 724.47, 229.40
346.90, 721.48, 354.36
345.80, 718.49, 479.32
347.36, 849.43, 232.39
346.26, 846.44, 357.35
345.17, 843.45, 482.31
473.62, 600.11, 227.53
472.52, 597.12, 352.49
471.43, 594.14, 477.45
472.99, 725.07, 230.52
471.89, 722.09, 355.48
470.79, 719.10, 480.43
472.35, 850.04, 233.50
471.26, 847.05, 358.46
470.16, 844.06, 483.42
225.23, 598.71, 350.58
223.52, 601.56, 475.54
221.80, 604.41, 600.49
227.56, 723.65, 347.76
225.84, 726.51, 472.71
224.12, 729.36, 597.67
229.88, 848.60, 344.94
228.16, 851.45, 469.89
226.44, 854.31, 594.85
350.20, 596.42, 352.35
348.48, 599.28, 477.31
346.76, 602.13, 602.26
352.52, 721.37, 349.53
350.80, 724.22, 474.48
349.09, 727.08, 599.44
354.85, 846.32, 346.71
353.13, 849.17, 471.66
351.41, 852.02, 596.62
475.17, 594.14, 354.12
473.45, 596.99, 479.08
471.73, 599.85, 604.03
477.49, 719.09, 351.30
475.77, 721.94, 476.26
474.05, 724.79, 601.21
479.81, 844.03, 348.48
478.09, 846.89, 473.43
476.38, 849.74, 598.39
225.24, 599.07, 474.23
224.10, 600.08, 599.22
222.95, 601.09, 724.21
226.36, 724.06, 473.23
225.21, 725.07, 598.22
224.07, 726.08, 723.21
227.47, 849.05, 472.23
226.33, 850.06, 597.22
225.18, 851.07, 722.21
350.23, 597.96, 475.38
349.09, 598.97, 600.37
347.94, 599.98, 725.36
351.35, 722.96, 474.38
350.20, 723.96, 599.37
349.06, 724.97, 724.36
352.46, 847.95, 473.38
351.32, 848.96, 598.37
350.17, 849.96, 723.36
475.22, 596.86, 476.53
474.08, 597.87, 601.52
472.93, 598.88, 726.51
476.33, 721.85, 475.53
475.19, 722.86, 600.52
474.05, 723.87, 725.51
477.45, 846.84, 474.53
476.31, 847.85, 599.52
475.16, 848.86, 724.51
225.40, 600.21, 600.67
225.67, 599.52, 725.66
225.95, 598.83, 850.66
228.42, 725.17, 601.35
228.70, 724.48, 726.35
228.97, 723.79, 851.35
231.44, 850.13, 602.03
231.72, 849.44, 727.03
231.99, 848.75, 852.03
350.36, 597.19, 600.38
350.64, 596.50, 725.37
350.91, 595.81, 850.37
353.39, 722.15, 601.06
353.66, 721.46, 726.06
353.93, 720.77, 851.05
356.41, 847.11, 601.74
356.68, 846.42, 726.74
356.95, 845.73, 851.74
475.33, 594.17, 600.09
475.60, 593.48, 725.08
475.87, 592.79, 850.08
478.35, 719.13, 600.77
478.62, 718.44, 725.77
478.90, 717.75, 850.76
481.37, 844.09, 601.45
481.64, 843.40, 726.45
481.92, 842.71, 851.45
351.78, 101.60, 101.30
351.70, 103.93, 226.28
351.61, 106.26, 351.25
353.22, 226.57, 98.97
353.14, 228.90, 223.95
353.05, 231.23, 348.92
354.66, 351.54, 96.64
354.58, 353.87, 221.62
354.49, 356.20, 346.60
476.78, 100.16, 101.41
476.69, 102.49, 226.39
476.60, 104.82, 351.37
478.22, 225.13, 99.08
478.13, 227.46, 224.06
478.04, 229.79, 349.04
479.66, 350.10, 96.75
479.57, 352.43, 221.73
479.49, 354.76, 346.71
601.77, 98.72, 101.52
601.68, 101.05, 226.50
601.60, 103.38, 351.48
603.21, 223.69, 99.19
603.12, 226.02, 224.17
603.04, 228.35, 349.15
604.65, 348.66, 96.86
604.56, 350.99, 221.84
604.48, 353.32, 346.82
350.49, 98.89, 226.06
349.52, 98.44, 351.05
348.55, 97.99, 476.05
353.59, 223.85, 226.53
352.62, 223.40, 351.53
351.65, 222.95, 476.52
356.69, 348.81, 227.01
355.72, 348.36, 352.01
354.75, 347.91, 477.00
475.45, 95.79, 227.01
474.47, 95.34, 352.01
473.50, 94.88, 477.01
478.55, 220.75, 227.49
477.57, 220.30, 352.49
476.60, 219.84, 477.48
481.65, 345.71, 227.97
480.67, 345.26, 352.97
479.70, 344.80, 477.96
600.40, 92.69, 227.97
599.43, 92.23, 352.97
598.46, 91.78, 477.96
603.50, 217.65, 228.45
602.53, 217.19, 353.45
601.56, 216.74, 478.44
606.60, 342.61, 228.93
605.63, 342.15, 353.93
604.66, 341.70, 478.92
348.16, 99.95, 348.72
349.62, 101.00, 473.71
351.08, 102.04, 598.69
349.82, 224.93, 347.65
351.28, 225.98, 472.64
352.74, 227.03, 597.63
351.48, 349.92, 346.59
352.94, 350.97, 471.57
354.41, 352.01, 596.56
473.14, 98.28, 347.27
474.60, 99.32, 472.26
476.06, 100.37, 597.24
474.80, 223.26, 346.20
476.26, 224.31, 471.19
477.72, 225.35, 596.18
476.46, 348.24, 345.14
477.92, 349.29, 470.12
479.39, 350.34, 595.11
598.12, 96.60, 345.82
599.58, 97.65, 470.81
601.04, 98.70, 595.79
599.78, 221.59, 344.75
601.24, 222.63, 469.74
602.71, 223.68, 594.73
601.44, 346.57, 343.69
602.90, 347.62, 468.67
604.37, 348.66, 593.66
350.80, 99.53, 473.26
349.85, 103.04, 598.21
348.91, 106.56, 723.16
351.76, 224.47, 469.75
350.82, 227.99, 594.70
349.87, 231.51, 719.65
352.73, 349.42, 466.24
351.78, 352.94, 591.19
350.83, 356.46, 716.13
475.79, 98.59, 474.24
474.85, 102.11, 599.18
473.90, 105.63, 724.13
476.76, 223.54, 470.72
475.81, 227.05, 595.67
474.86, 230.57, 720.62
477.72, 348.48, 467.21
476.77, 352.00, 592.16
475.83, 355.52, 717.11
600.78, 97.65, 475.21
599.84, 101.17, 600.16
598.89, 104.69, 725.10
601.75, 222.60, 471.70
600.80, 226.12, 596.65
599.85, 229.64, 721.59
602.71, 347.55, 468.19
601.76, 351.07, 593.13
600.82, 354.58, 718.08
349.15, 98.32, 601.46
345.88, 99.33, 726.41
342.61, 100.33, 851.36
347.05, 223.30, 600.40
343.78, 224.31, 725.35
340.51, 225.31, 850.30
344.95, 348.28, 599.34
341.68, 349.28, 724.29
338.41, 350.29, 849.24
474.09, 100.45, 604.71
470.82, 101.45, 729.66
467.55, 102.46, 854.61
471.99, 225.43, 603.65
468.72, 226.43, 728.60
465.45, 227.44, 853.55
469.89, 350.40, 602.59
466.62, 351.41, 727.54
463.35, 352.41, 852.49
599.03, 102.57, 607.96
595.76, 103.58, 732.91
592.49, 104.58, 857.87
596.93, 227.55, 606.90
593.66, 228.56, 731.85
590.39, 229.56, 856.81
594.83, 352.53, 605.84
591.56, 353.53, 730.79
588.29, 354.54, 855.75
350.67, 223.41, 101.95
348.92, 221.00, 226.92
347.16, 218.59, 351.88
352.99, 348.37, 104.40
351.24, 345.96, 229.36
349.48, 343.55, 354.32
355.31, 473.32, 106.84
353.56, 470.91, 231.80
351.80, 468.50, 356.77
475.64, 221.06, 103.66
473.88, 218.65, 228.63
472.12, 216.24, 353.59
477.96, 346.01, 106.11
476.20, 343.60, 231.07
474.45, 341.19, 356.03
480.28, 470.97, 108.55
478.52, 468.56, 233.51
476.77, 466.15, 358.48
600.60, 218.70, 105.38
598.85, 216.29, 230.34
597.09, 213.88, 355.30
602.92, 343.66, 107.82
601.17, 341.25, 232.78
599.41, 338.84, 357.75
605.25, 468.61, 110.26
603.49, 466.20, 235.22
601.73, 463.79, 360.19
348.20, 225.67, 223.66
349.86, 226.02, 348.64
351.51, 226.36, 473.63
348.30, 350.67, 223.31
349.96, 351.02, 348.30
351.61, 351.36, 473.28
348.40, 475.67, 222.96
350.06, 476.02, 347.95
351.71, 476.36, 472.94
473.19, 225.56, 222.00
474.85, 225.91, 346.99
476.50, 226.26, 471.98
473.29, 350.56, 221.65
474.95, 350.91, 346.64
476.60, 351.26, 471.63
473.39, 475.56, 221.31
475.05, 475.91, 346.29
476.70, 476.26, 471.28
598.18, 225.46, 220.35
599.84, 225.81, 345.34
601.49, 226.15, 470.33
598.28, 350.46, 220.00
599.94, 350.81, 344.99
601.59, 351.15, 469.98
598.38, 475.46, 219.65
600.03, 475.81, 344.64
601.69, 476.15, 469.63
349.26, 223.37, 349.56
349.69, 227.05, 474.50
350.11, 230.73, 599.45
350.74, 348.30, 345.87
351.17, 351.99, 470.81
351.59, 355.67, 595.76
352.22, 473.24, 342.18
352.64, 476.92, 467.12
353.07, 480.61, 592.07
474.25, 221.88, 349.18
474.68, 225.56, 474.12
475.10, 229.24, 599.07
475.73, 346.81, 345.49
476.16, 350.50, 470.43
476.58, 354.18, 595.38
477.21, 471.75, 341.80
477.64, 475.43, 466.75
478.06, 479.12, 591.69
599.24, 220.38, 348.80
599.67, 224.07, 473.74
600.09, 227.75, 598.69
600.72, 345.32, 345.11
601.15, 349.01, 470.06
601.57, 352.69, 595.00
602.20, 470.26, 341.42
602.63, 473.94, 466.37
603.05, 477.63, 591.31
350.37, 225.19, 475.32
348.16, 226.01, 600.30
345.96, 226.82, 725.28
347.38, 350.15, 474.46
345.17, 350.97, 599.43
342.96, 351.78, 724.41
344.38, 475.12, 473.59
342.17, 475.93, 598.57
339.97, 476.74, 723.55
475.32, 228.20, 477.51
473.11, 229.02, 602.49
470.90, 229.83, 727.47
472.32, 353.16, 476.64
470.11, 353.98, 601.62
467.91, 354.79, 726.60
469.33, 478.13, 475.78
467.12, 478.94, 600.76
464.91, 479.75, 725.73
600.26, 231.21, 479.70
598.05, 232.03, 604.68
595.85, 232.84, 729.65
597.27, 356.17, 478.83
595.06, 356.99, 603.81
592.85, 357.80, 728.79
594.27, 481.14, 477.97
592.06, 481.95, 602.94
589.86, 482.76, 727.92
351.67, 226.87, 600.46
351.22, 223.22, 725.40
350.78, 219.57, 850.35
354.02, 351.80, 604.12
353.57, 348.15, 729.06
353.13, 344.49, 854.01
356.37, 476.72, 607.78
355.93, 473.07, 732.72
355.48, 469.42, 857.67
476.64, 224.51, 600.83
476.20, 220.86, 725.78
475.75, 217.20, 850.72
479.00, 349.43, 604.49
478.55, 345.78, 729.44
478.11, 342.13, 854.38
481.35, 474.36, 608.15
480.91, 470.70, 733.10
480.46, 467.05, 858.04
601.62, 222.14, 601.21
601.18, 218.49, 726.15
600.73, 214.84, 851.10
603.97, 347.07, 604.87
603.53, 343.42, 729.81
603.08, 339.76, 854.76
606.33, 471.99, 608.53
605.88, 468.34, 733.47
605.44, 464.69, 858.42
348.75, 351.56, 101.32
352.40, 350.93, 226.26
356.05, 350.30, 351.21
345.35, 476.51, 102.04
349.00, 475.88, 226.99
352.65, 475.26, 351.93
341.95, 601.46, 102.77
345.61, 600.83, 227.71
349.26, 600.21, 352.66
473.65, 354.97, 97.69
477.30, 354.35, 222.63
480.95, 353.72, 347.58
470.25, 479.93, 98.41
473.90, 479.30, 223.36
477.55, 478.67, 348.30
466.86, 604.88, 99.14
470.51, 604.25, 224.08
474.16, 603.63, 349.03
598.55, 358.39, 94.05
602.20, 357.77, 219.00
605.85, 357.14, 343.94
595.15, 483.34, 94.78
598.80, 482.72, 219.72
602.46, 482.09, 344.67
591.76, 608.29, 95.50
595.41, 607.67, 220.45
599.06, 607.04, 345.40
351.28, 348.30, 223.53
352.77, 349.00, 348.52
354.27, 349.71, 473.51
350.95, 473.30, 222.83
352.45, 474.00, 347.82
353.94, 474.70, 472.81
350.63, 598.29, 222.13
352.13, 599.00, 347.12
353.62, 599.70, 472.11
476.27, 348.61, 222.03
477.76, 349.32, 347.02
479.26, 350.02, 472.01
475.94, 473.61, 221.33
477.44, 474.31, 346.32
478.93, 475.02, 471.31
475.62, 598.61, 220.63
477.12, 599.31, 345.62
478.61, 600.02, 470.61
601.26, 348.93, 220.54
602.75, 349.63, 345.52
604.25, 350.34, 470.51
600.93, 473.93, 219.84
602.43, 474.63, 344.82
603.93, 475.33, 469.81
600.61, 598.92, 219.14
602.11, 599.63, 344.12
603.60, 600.33, 469.11
348.12, 351.66, 348.55
351.68, 350.02, 473.49
355.25, 348.37, 598.43
345.56, 476.62, 350.27
349.12, 474.98, 475.21
352.69, 473.33, 600.14
343.00, 601.58, 351.98
346.57, 599.94, 476.92
350.13, 598.30, 601.86
473.04, 354.26, 345.02
476.60, 352.62, 469.96
480.17, 350.98, 594.90
470.48, 479.22, 346.74
474.05, 477.58, 471.68
477.61, 475.94, 596.61
467.93, 604.19, 348.45
471.49, 602.54, 473.39
475.06, 600.90, 598.33
597.96, 356.87, 341.49
601.53, 355.22, 466.43
605.09, 353.58, 591.37
595.40, 481.83, 343.21
598.97, 480.19, 468.14
602.54, 478.54, 593.08
592.85, 606.79, 344.92
596.41, 605.15, 469.86
599.98, 603.51, 594.80
349.90, 348.28, 474.66
347.80, 351.36, 599.60
345.69, 354.45, 724.55
351.85, 473.22, 471.61
349.74, 476.31, 596.55
347.63, 479.39, 721.50
353.79, 598.17, 468.56
351.68, 601.26, 593.50
349.57, 604.34, 718.44
474.87, 346.39, 476.82
472.76, 349.47, 601.76
470.65, 352.56, 726.70
476.81, 471.33, 473.76
474.70, 474.42, 598.71
472.60, 477.50, 723.65
478.75, 596.28, 470.71
476.65, 599.37, 595.65
474.54, 602.45, 720.60
599.84, 344.50, 478.97
597.73, 347.58, 603.91
595.62, 350.67, 728.86
601.78, 469.44, 475.92
599.67, 472.53, 600.86
597.56, 475.61, 725.81
603.72, 594.39, 472.87
601.61, 597.48, 597.81
599.51, 600.56, 722.75
350.17, 349.85, 599.21
348.39, 352.60, 724.17
346.61, 355.35, 849.13
353.46, 474.78, 596.51
351.69, 477.53, 721.47
349.91, 480.28, 846.42
356.76, 599.70, 593.81
354.98, 602.46, 718.76
353.20, 605.21, 843.72
475.12, 346.60, 601.06
473.34, 349.35, 726.02
471.56, 352.10, 850.98
478.41, 471.52, 598.36
476.63, 474.27, 723.32
474.85, 477.03, 848.28
481.70, 596.45, 595.66
479.92, 599.20, 720.61
478.14, 601.95, 845.57
600.06, 343.34, 602.91
598.28, 346.09, 727.87
596.50, 348.84, 852.83
603.35, 468.27, 600.21
601.57, 471.02, 725.17
599.79, 473.77, 850.13
606.65, 593.20, 597.51
604.87, 595.95, 722.46
603.09, 598.70, 847.42
351.53, 476.67, 99.49
355.18, 479.67, 224.40
358.82, 482.66, 349.31
348.13, 601.60, 96.60
351.78, 604.59, 221.51
355.42, 607.58, 346.42
344.73, 726.52, 93.70
348.38, 729.51, 218.61
352.02, 732.50, 343.52
476.43, 479.99, 95.76
480.08, 482.98, 220.67
483.73, 485.98, 345.59
473.03, 604.91, 92.87
476.68, 607.90, 217.78
480.33, 610.90, 342.69
469.63, 729.83, 89.97
473.28, 732.82, 214.89
476.93, 735.82, 339.80
601.33, 483.30, 92.04
604.98, 486.29, 216.95
608.63, 489.29, 341.86
597.93, 608.22, 89.14
601.58, 611.22, 214.05
605.23, 614.21, 338.96
594.53, 733.14, 86.25
598.18, 736.14, 211.16
601.83, 739.13, 336.07
348.78, 476.04, 225.27
345.79, 478.16, 350.21
342.80, 480.27, 475.16
347.50, 601.02, 223.12
344.51, 603.13, 348.07
341.52, 605.24, 473.01
346.23, 725.99, 220.97
343.23, 728.11, 345.92
340.24, 730.22, 470.87
473.74, 477.37, 228.23
470.75, 479.48, 353.18
467.75, 481.60, 478.13
472.46, 602.34, 226.09
469.47, 604.46, 351.04
466.48, 606.57, 475.98
471.18, 727.32, 223.94
468.19, 729.43, 348.89
465.20, 731.55, 473.84
598.69, 478.70, 231.20
595.70, 480.81, 356.15
592.71, 482.92, 481.10
597.42, 603.67, 229.06
594.43, 605.79, 354.00
591.44, 607.90, 478.95
596.14, 728.65, 226.91
593.15, 730.76, 351.86
590.16, 732.87, 476.81
349.95, 475.67, 350.48
349.08, 477.80, 475.46
348.22, 479.92, 600.44
346.62, 600.61, 348.33
345.75, 602.73, 473.31
344.88, 604.86, 598.29
343.28, 725.55, 346.19
342.41, 727.67, 471.17
341.55, 729.79, 596.14
474.90, 479.02, 351.29
474.04, 481.15, 476.27
473.17, 483.27, 601.25
471.57, 603.96, 349.14
470.70, 606.08, 474.12
469.84, 608.21, 599.10
468.23, 728.90, 347.00
467.37, 731.02, 471.97
466.50, 733.14, 596.95
599.85, 482.37, 352.10
598.99, 484.49, 477.08
598.12, 486.62, 602.05
596.52, 607.31, 349.95
595.65, 609.43, 474.93
594.79, 611.55, 599.91
593.19, 732.24, 347.81
592.32, 734.37, 472.78
591.45, 736.49, 597.76
349.17, 475.17, 476.37
349.45, 471.82, 601.33
349.74, 468.47, 726.28
351.10, 600.11, 479.72
351.38, 596.76, 604.67
351.67, 593.41, 729.63
353.03, 725.05, 483.06
353.31, 721.70, 608.02
353.60, 718.35, 732.97
474.15, 473.25, 476.03
474.44, 469.90, 600.99
474.72, 466.55, 725.94
476.08, 598.19, 479.38
476.37, 594.84, 604.33
476.65, 591.49, 729.29
478.01, 723.13, 482.73
478.30, 719.78, 607.68
478.58, 716.43, 732.63
599.14, 471.33, 475.70
599.42, 467.98, 600.65
599.71, 464.63, 725.61
601.07, 596.27, 479.04
601.35, 592.92, 604.00
601.64, 589.57, 728.95
603.00, 721.21, 482.39
603.28, 717.86, 607.34
603.57, 714.51, 732.30
350.66, 476.40, 601.08
347.88, 479.57, 726.01
345.10, 482.74, 850.94
347.92, 601.33, 597.85
345.14, 604.50, 722.78
342.36, 607.67, 847.71
345.17, 726.26, 594.62
342.39, 729.43, 719.55
339.62, 732.60, 844.48
475.60, 479.22, 603.79
472.82, 482.39, 728.72
470.04, 485.55, 853.65
472.85, 604.15, 600.56
470.08, 607.31, 725.49
467.30, 610.48, 850.42
470.11, 729.07, 597.33
467.33, 732.24, 722.26
464.56, 735.41, 847.19
600.54, 482.03, 606.49
597.76, 485.20, 731.42
594.98, 488.37, 856.35
597.79, 606.96, 603.26
595.02, 610.13, 728.19
592.24, 613.30, 853.12
595.05, 731.89, 600.04
592.27, 735.06, 724.96
589.50, 738.22, 849.89
349.70, 599.28, 100.87
350.84, 597.56, 225.85
351.98, 595.84, 350.84
352.36, 724.24, 102.57
353.50, 722.52, 227.55
354.63, 720.80, 352.53
355.02, 849.20, 104.26
356.16, 847.48, 229.24
357.29, 845.76, 354.23
474.67, 596.63, 99.70
475.80, 594.91, 224.68
476.94, 593.19, 349.66
477.33, 721.59, 101.39
478.46, 719.87, 226.37
479.60, 718.15, 351.36
479.99, 846.55, 103.09
481.12, 844.83, 228.07
482.26, 843.11, 353.05
599.63, 593.99, 98.52
600.77, 592.27, 223.51
601.91, 590.55, 348.49
602.29, 718.95, 100.22
603.43, 717.23, 225.20
604.57, 715.51, 350.18
604.95, 843.91, 101.91
606.09, 842.19, 226.90
607.23, 840.47, 351.88
352.00, 598.55, 224.62
351.97, 596.53, 349.61
351.94, 594.51, 474.59
354.58, 723.50, 226.64
354.55, 721.49, 351.62
354.52, 719.47, 476.61
357.15, 848.46, 228.66
357.12, 846.44, 353.64
357.09, 844.43, 478.62
476.97, 595.97, 224.61
476.94, 593.95, 349.59
476.91, 591.94, 474.58
479.55, 720.93, 226.63
479.52, 718.91, 351.61
479.49, 716.89, 476.60
482.13, 845.88, 228.65
482.10, 843.87, 353.63
482.07, 841.85, 478.61
601.95, 593.39, 224.60
601.92, 591.38, 349.58
601.89, 589.36, 474.57
604.52, 718.35, 226.62
604.49, 716.33, 351.60
604.46, 714.32, 476.59
607.10, 843.31, 228.64
607.07, 841.29, 353.62
607.04, 839.27, 478.60
351.16, 598.11, 351.66
348.69, 601.49, 476.59
346.22, 604.88, 601.52
351.60, 723.06, 348.28
349.13, 726.44, 473.21
346.65, 729.83, 598.14
352.03, 848.01, 344.91
349.56, 851.40, 469.84
347.09, 854.78, 594.77
476.14, 597.74, 354.14
473.67, 601.13, 479.07
471.20, 604.51, 604.00
476.57, 722.69, 350.76
474.10, 726.08, 475.69
471.63, 729.46, 600.62
477.00, 847.65, 347.39
474.53, 851.03, 472.32
472.06, 854.42, 597.25
601.11, 597.38, 356.62
598.64, 600.76, 481.55
596.17, 604.15, 606.48
601.55, 722.33, 353.25
599.07, 725.71, 478.18
596.60, 729.10, 603.11
601.98, 847.28, 349.87
599.51, 850.67, 474.80
597.04, 854.05, 599.73
349.01, 598.88, 474.23
345.74, 601.52, 599.16
342.47, 604.17, 724.09
348.24, 723.85, 471.56
344.97, 726.49, 596.49
341.71, 729.14, 721.42
347.48, 848.82, 468.90
344.21, 851.46, 593.83
340.94, 854.10, 718.76
473.96, 599.71, 477.48
470.69, 602.35, 602.41
467.43, 605.00, 727.34
473.20, 724.68, 474.81
469.93, 727.32, 599.74
466.66, 729.97, 724.67
472.43, 849.65, 472.15
469.17, 852.29, 597.08
465.90, 854.94, 722.01
598.92, 600.54, 480.73
595.65, 603.19, 605.66
592.38, 605.83, 730.59
598.15, 725.51, 478.06
594.88, 728.16, 602.99
591.62, 730.80, 727.92
597.39, 850.48, 475.40
594.12, 853.13, 600.33
590.85, 855.77, 725.26
351.12, 598.38, 598.51
350.35, 600.10, 723.50
349.59, 601.82, 848.48
352.03, 723.37, 596.80
351.27, 725.08, 721.79
350.50, 726.80, 846.77
352.95, 848.35, 595.09
352.18, 850.07, 720.08
351.42, 851.79, 845.06
476.11, 597.48, 599.29
475.35, 599.19, 724.28
474.58, 600.91, 849.26
477.03, 722.46, 597.58
476.26, 724.18, 722.56
475.50, 725.90, 847.55
477.94, 847.45, 595.87
477.18, 849.16, 720.85
476.41, 850.88, 845.84
601.11, 596.57, 600.07
600.34, 598.29, 725.05
599.58, 600.01, 850.04
602.02, 721.56, 598.36
601.26, 723.27, 723.34
600.49, 724.99, 848.33
602.94, 846.54, 596.64
602.17, 848.26, 721.63
601.41, 849.98, 846.62
473.28, 99.01, 100.48
474.93, 96.88, 225.45
476.59, 94.76, 350.42
472.38, 223.99, 102.62
474.04, 221.86, 227.59
475.69, 219.74, 352.56
471.49, 348.96, 104.75
473.14, 346.84, 229.73
474.80, 344.72, 354.70
598.26, 99.93, 98.84
599.92, 97.81, 223.81
601.57, 95.68, 348.78
597.37, 224.91, 100.98
599.02, 222.78, 225.95
600.68, 220.66, 350.92
596.47, 349.89, 103.11
598.13, 347.76, 228.08
599.79, 345.64, 353.06
723.25, 100.85, 97.20
724.90, 98.73, 222.17
726.56, 96.60, 347.14
722.35, 225.83, 99.34
724.01, 223.71, 224.31
725.67, 221.58, 349.28
721.46, 350.81, 101.47
723.11, 348.68, 226.44
724.77, 346.56, 351.42
473.03, 101.17, 223.47
475.33, 99.85, 348.44
477.63, 98.52, 473.41
469.73, 226.12, 224.85
472.03, 224.79, 349.83
474.33, 223.47, 474.80
466.43, 351.07, 226.24
468.73, 349.74, 351.21
471.03, 348.42, 476.18
597.97, 104.49, 221.20
600.27, 103.17, 346.18
602.57, 101.85, 471.15
594.67, 229.44, 222.59
596.97, 228.12, 347.56
599.27, 226.80, 472.53
591.37, 354.39, 223.97
593.67, 353.07, 348.94
595.97, 351.74, 473.92
722.90, 107.82, 218.94
725.20, 106.49, 343.91
727.50, 105.17, 468.88
719.60, 232.77, 220.32
721.90, 231.44, 345.29
724.20, 230.12, 470.27
716.30, 357.72, 221.71
718.60, 356.39, 346.68
720.91, 355.07, 471.65
476.16, 100.95, 348.49
478.92, 102.85, 473.45
481.68, 104.75, 598.40
474.55, 225.93, 346.63
477.31, 227.83, 471.58
480.08, 229.73, 596.54
472.95, 350.90, 344.76
475.71, 352.80, 469.72
478.47, 354.71, 594.67
601.12, 102.51, 345.71
603.88, 104.42, 470.66
606.64, 106.32, 595.62
599.51, 227.49, 343.84
602.27, 229.39, 468.80
605.04, 231.29, 593.75
597.90, 352.47, 341.97
600.67, 354.37, 466.93
603.43, 356.27, 591.88
726.08, 104.08, 342.92
728.84, 105.98, 467.88
731.60, 107.88, 592.83
724.47, 229.05, 341.05
727.23, 230.96, 466.01
730.00, 232.86, 590.96
722.86, 354.03, 339.19
725.63, 355.93, 464.14
728.39, 357.83, 589.10
475.72, 99.82, 474.14
478.82, 96.26, 599.05
481.92, 92.69, 723.96
477.71, 224.76, 477.66
480.81, 221.19, 602.57
483.91, 217.63, 727.48
479.70, 349.69, 481.17
482.80, 346.13, 606.08
485.90, 342.56, 731.00
600.67, 97.92, 470.99
603.76, 94.36, 595.90
606.86, 90.79, 720.81
602.66, 222.86, 474.50
605.75, 219.29, 599.41
608.85, 215.72, 724.32
604.65, 347.79, 478.02
607.74, 344.23, 602.93
610.84, 340.66, 727.84
725.61, 96.02, 467.83
728.71, 92.46, 592.74
731.81, 88.89, 717.65
727.60, 220.96, 471.35
730.70, 217.39, 596.26
733.80, 213.82, 721.17
729.59, 345.89, 474.87
732.69, 342.32, 599.78
735.79, 338.76, 724.69
476.90, 99.51, 599.25
476.03, 97.27, 724.23
475.17, 95.03, 849.21
475.32, 224.48, 601.48
474.46, 222.24, 726.46
473.60, 220.00, 851.44
473.75, 349.45, 603.71
472.89, 347.21, 728.69
472.03, 344.97, 853.67
601.88, 101.07, 600.14
601.02, 98.83, 725.12
600.16, 96.59, 850.10
600.31, 226.04, 602.37
599.45, 223.80, 727.35
598.59, 221.56, 852.33
598.74, 351.01, 604.60
597.88, 348.77, 729.58
597.02, 346.53, 854.56
726.87, 102.62, 601.03
726.01, 100.38, 726.01
725.15, 98.14, 850.99
725.30, 227.59, 603.26
724.44, 225.35, 728.24
723.57, 223.11, 853.22
723.73, 352.56, 605.49
722.87, 350.32, 730.47
722.00, 348.08, 855.45
475.33, 226.57, 100.60
475.60, 225.34, 225.60
475.87, 224.12, 350.59
473.25, 351.55, 101.83
473.52, 350.32, 226.83
473.78, 349.10, 351.82
471.16, 476.52, 103.06
471.43, 475.30, 228.05
471.70, 474.07, 353.05
600.31, 228.65, 100.35
600.58, 227.43, 225.35
600.85, 226.20, 350.34
598.23, 353.63, 101.58
598.50, 352.41, 226.58
598.77, 351.18, 351.57
596.15, 478.61, 102.81
596.42, 477.38, 227.81
596.68, 476.16, 352.80
725.29, 230.74, 100.11
725.56, 229.51, 225.10
725.83, 228.29, 350.09
723.21, 355.72, 101.34
723.48, 354.49, 226.33
723.75, 353.27, 351.32
721.13, 480.69, 102.56
721.40, 479.47, 227.56
721.67, 478.24, 352.55
474.03, 226.49, 224.29
474.91, 228.67, 349.26
475.79, 230.85, 474.24
471.63, 351.45, 222.12
472.51, 353.63, 347.10
473.38, 355.81, 472.08
469.22, 476.40, 219.95
470.10, 478.59, 344.93
470.98, 480.77, 469.91
599.01, 228.88, 223.36
599.89, 231.06, 348.34
600.77, 233.25, 473.32
596.60, 353.84, 221.20
597.48, 356.02, 346.18
598.36, 358.20, 471.15
594.19, 478.80, 219.03
595.07, 480.98, 344.01
595.95, 483.16, 468.99
723.98, 231.27, 222.44
724.86, 233.46, 347.42
725.74, 235.64, 472.40
721.57, 356.23, 220.28
722.45, 358.41, 345.26
723.33, 360.60, 470.23
719.17, 481.19, 218.11
720.04, 483.37, 343.09
720.92, 485.56, 468.07
476.49, 224.23, 350.84
479.40, 226.16, 475.79
482.30, 228.09, 600.75
479.94, 349.16, 348.83
482.84, 351.10, 473.78
485.75, 353.03, 598.73
483.38, 474.10, 346.82
486.29, 476.03, 471.77
489.20, 477.97, 596.72
601.41, 220.73, 347.99
604.32, 222.67, 472.94
607.22, 224.60, 597.89
604.85, 345.67, 345.98
607.76, 347.60, 470.93
610.67, 349.54, 595.88
608.30, 470.61, 343.96
611.21, 472.54, 468.91
614.12, 474.47, 593.87
726.33, 217.24, 345.14
729.23, 219.18, 470.09
732.14, 221.11, 595.04
729.77, 342.18, 343.12
732.68, 344.11, 468.08
735.59, 346.05, 593.03
733.22, 467.12, 341.11
736.13, 469.05, 466.06
739.03, 470.98, 591.01
475.10, 223.03, 474.29
475.24, 226.02, 599.26
475.38, 229.00, 724.22
475.31, 348.00, 471.31
475.45, 350.98, 596.27
475.60, 353.96, 721.24
475.52, 472.96, 468.33
475.67, 475.95, 593.29
475.81, 478.93, 718.25
600.10, 222.82, 474.15
600.24, 225.80, 599.12
600.38, 228.78, 724.08
600.31, 347.78, 471.17
600.45, 350.77, 596.14
600.60, 353.75, 721.10
600.52, 472.75, 468.19
600.67, 475.73, 593.15
600.81, 478.71, 718.12
725.10, 222.60, 474.02
725.24, 225.59, 598.98
725.38, 228.57, 723.94
725.31, 347.57, 471.03
725.45, 350.55, 596.00
725.60, 353.53, 720.96
725.52, 472.53, 468.05
725.67, 475.51, 593.01
725.81, 478.50, 717.98
476.33, 226.07, 601.71
476.23, 225.49, 726.71
476.14, 224.92, 851.71
473.80, 351.04, 602.29
473.70, 350.46, 727.29
473.61, 349.89, 852.29
471.27, 476.01, 602.86
471.17, 475.44, 727.86
471.08, 474.86, 852.86
601.30, 228.60, 601.82
601.21, 228.02, 726.82
601.11, 227.45, 851.82
598.77, 353.57, 602.39
598.68, 353.00, 727.39
598.58, 352.42, 852.39
596.24, 478.55, 602.97
596.14, 477.97, 727.97
596.05, 477.39, 852.97
726.28, 231.13, 601.93
726.18, 230.55, 726.92
726.09, 229.98, 851.92
723.75, 356.10, 602.50
723.65, 355.53, 727.50
723.56, 354.95, 852.50
721.21, 481.08, 603.07
721.12, 480.50, 728.07
721.02, 479.93, 853.07
473.03, 348.17, 98.14
475.25, 347.66, 223.12
477.48, 347.14, 348.10
470.32, 473.14, 98.70
472.55, 472.63, 223.68
474.77, 472.11, 348.66
467.62, 598.11, 99.26
469.84, 597.60, 224.24
472.07, 597.08, 349.22
597.98, 350.89, 95.93
600.20, 350.37, 220.90
602.43, 349.86, 345.88
595.27, 475.86, 96.49
597.50, 475.34, 221.47
599.72, 474.83, 346.45
592.57, 600.83, 97.05
594.79, 600.31, 222.03
597.02, 599.80, 347.01
722.93, 353.60, 93.71
725.15, 353.09, 218.69
727.38, 352.57, 343.67
720.22, 478.57, 94.27
722.45, 478.06, 219.25
724.67, 477.54, 344.23
717.52, 603.54, 94.84
719.74, 603.03, 219.81
721.97, 602.51, 344.79
473.41, 350.52, 225.21
476.50, 353.09, 350.14
479.59, 355.67, 475.08
473.76, 475.49, 222.62
476.84, 478.07, 347.56
479.93, 480.64, 472.49
474.10, 600.46, 220.04
477.19, 603.04, 344.97
480.27, 605.61, 469.91
598.38, 350.11, 222.13
601.46, 352.69, 347.06
604.55, 355.26, 472.00
598.72, 475.08, 219.54
601.81, 477.66, 344.48
604.89, 480.23, 469.42
599.06, 600.06, 216.96
602.15, 602.63, 341.90
605.24, 605.21, 466.83
723.34, 349.70, 219.05
726.42, 352.28, 343.98
729.51, 354.86, 468.92
723.68, 474.68, 216.46
726.77, 477.25, 341.40
729.85, 479.83, 466.34
724.02, 599.65, 213.88
727.11, 602.23, 338.82
730.20, 604.80, 463.75
474.28, 350.97, 351.84
474.51, 354.26, 476.79
474.74, 357.54, 601.75
470.87, 475.88, 348.56
471.10, 479.17, 473.52
471.33, 482.45, 598.48
467.46, 600.79, 345.29
467.69, 604.08, 470.25
467.92, 607.36, 595.20
599.23, 354.37, 351.52
599.46, 357.66, 476.47
599.69, 360.94, 601.43
595.82, 479.29, 348.24
596.05, 482.57, 473.20
596.29, 485.85, 598.16
592.42, 604.20, 344.97
592.65, 607.48, 469.93
592.88, 610.76, 594.88
724.18, 357.78, 351.20
724.42, 361.06, 476.15
724.65, 364.34, 601.11
720.78, 482.69, 347.92
721.01, 485.97, 472.88
721.24, 489.25, 597.84
717.37, 607.60, 344.65
717.60, 610.88, 469.60
717.83, 614.16, 594.56
476.67, 350.57, 475.46
476.15, 352.35, 600.45
475.63, 354.13, 725.44
477.15, 475.56, 473.69
476.63, 477.34, 598.67
476.11, 479.12, 723.66
477.63, 600.54, 471.91
477.11, 602.33, 596.89
476.59, 604.11, 721.88
601.67, 350.10, 475.99
601.15, 351.88, 600.98
600.63, 353.66, 725.96
602.15, 475.08, 474.21
601.63, 476.87, 599.20
601.11, 478.65, 724.19
602.63, 600.07, 472.43
602.11, 601.85, 597.42
601.59, 603.63, 722.41
726.67, 349.62, 476.52
726.15, 351.41, 601.50
725.63, 353.19, 726.49
727.15, 474.61, 474.74
726.63, 476.39, 599.73
726.11, 478.17, 724.71
727.63, 599.60, 472.96
727.11, 601.38, 597.95
726.59, 603.16, 722.93
473.03, 348.93, 598.57
475.84, 349.75, 723.53
478.65, 350.56, 848.50
474.44, 473.92, 597.72
477.24, 474.74, 722.69
480.05, 475.55, 847.65
475.84, 598.91, 596.87
478.65, 599.72, 721.84
481.46, 600.54, 846.81
597.99, 347.51, 595.77
600.80, 348.32, 720.74
603.61, 349.14, 845.70
599.40, 472.50, 594.92
602.20, 473.31, 719.89
605.01, 474.13, 844.85
600.80, 597.48, 594.08
603.61, 598.30, 719.04
606.42, 599.12, 844.01
722.95, 346.08, 592.97
725.76, 346.90, 717.94
728.57, 347.71, 842.90
724.36, 471.07, 592.12
727.17, 471.89, 717.09
729.97, 472.70, 842.06
725.76, 596.06, 591.28
728.57, 596.88, 716.24
731.38, 597.69, 841.21
473.36, 473.67, 101.43
472.93, 476.77, 226.39
472.51, 479.87, 351.35
470.70, 598.60, 98.32
470.27, 601.70, 223.28
469.85, 604.80, 348.25
468.04, 723.54, 95.22
467.61, 726.64, 220.18
467.19, 729.73, 345.14
598.33, 476.34, 101.79
597.90, 479.44, 226.75
597.48, 482.54, 351.71
595.67, 601.27, 98.68
595.24, 604.37, 223.65
594.82, 607.47, 348.61
593.01, 726.21, 95.58
592.59, 729.31, 220.54
592.16, 732.40, 345.50
723.30, 479.01, 102.15
722.87, 482.11, 227.11
722.45, 485.21, 352.07
720.64, 603.94, 99.05
720.22, 607.04, 224.01
719.79, 610.14, 348.97
717.98, 728.88, 95.94
717.56, 731.97, 220.90
717.13, 735.07, 345.86
475.89, 476.21, 224.56
472.76, 473.58, 349.49
469.63, 470.95, 474.42
476.05, 601.18, 227.19
472.92, 598.55, 352.12
469.80, 595.93, 477.06
476.22, 726.15, 229.82
473.09, 723.53, 354.75
469.96, 720.90, 479.69
600.85, 475.98, 227.68
597.72, 473.35, 352.61
594.60, 470.73, 477.55
601.01, 600.95, 230.31
597.89, 598.33, 355.25
594.76, 595.70, 480.18
601.18, 725.93, 232.94
598.05, 723.30, 357.88
594.92, 720.67, 482.81
725.81, 475.75, 230.80
722.68, 473.13, 355.74
719.56, 470.50, 480.67
725.97, 600.73, 233.44
722.85, 598.10, 358.37
719.72, 595.47, 483.30
726.14, 725.70, 236.07
723.01, 723.07, 361.00
719.88, 720.44, 485.93
476.79, 474.35, 351.75
474.13, 475.71, 476.72
471.47, 477.06, 601.68
475.34, 599.34, 350.37
472.68, 600.69, 475.33
470.02, 602.05, 600.30
473.88, 724.32, 348.98
471.23, 725.68, 473.95
468.57, 727.03, 598.91
601.75, 475.84, 354.39
599.09, 477.19, 479.36
596.44, 478.54, 604.32
600.30, 600.82, 353.01
597.64, 602.17, 477.97
594.98, 603.53, 602.94
598.85, 725.80, 351.62
596.19, 727.16, 476.59
593.53, 728.51, 601.55
726.71, 477.32, 357.03
724.06, 478.67, 482.00
721.40, 480.02, 606.96
725.26, 602.30, 355.65
722.60, 603.65, 480.61
719.95, 605.01, 605.58
723.81, 727.28, 354.26
721.15, 728.64, 479.23
718.50, 729.99, 604.19
474.91, 474.10, 474.17
476.40, 474.44, 599.16
477.89, 474.77, 724.15
471.64, 599.06, 473.88
473.13, 599.39, 598.87
474.62, 599.72, 723.86
468.37, 724.02, 473.58
469.86, 724.35, 598.57
471.35, 724.68, 723.56
599.85, 477.37, 472.67
601.35, 477.70, 597.66
602.84, 478.03, 722.65
596.59, 602.33, 472.38
598.08, 602.66, 597.37
599.57, 602.99, 722.36
593.32, 727.28, 472.08
594.81, 727.61, 597.07
596.30, 727.95, 722.06
724.80, 480.63, 471.17
726.29, 480.97, 596.16
727.79, 481.30, 721.15
721.53, 605.59, 470.88
723.02, 605.92, 595.87
724.52, 606.25, 720.86
718.26, 730.55, 470.58
719.76, 730.88, 595.57
721.25, 731.21, 720.57
475.43, 476.18, 599.86
478.30, 477.90, 724.81
481.16, 479.62, 849.77
474.49, 601.17, 598.16
477.36, 602.89, 723.11
480.23, 604.61, 848.07
473.56, 726.15, 596.46
476.43, 727.87, 721.41
479.30, 729.59, 846.37
600.39, 477.08, 596.97
603.26, 478.80, 721.93
606.13, 480.52, 846.88
599.46, 602.06, 595.27
602.33, 603.78, 720.23
605.19, 605.50, 845.18
598.52, 727.05, 593.57
601.39, 728.77, 718.53
604.26, 730.49, 843.49
725.35, 477.97, 594.09
728.22, 479.69, 719.05
731.09, 481.41, 844.00
724.42, 602.96, 592.39
727.29, 604.68, 717.35
730.16, 606.40, 842.30
723.49, 727.94, 590.69
726.36, 729.66, 715.65
729.22, 731.38, 840.60
474.70, 598.67, 100.28
476.05, 596.73, 225.26
477.40, 594.80, 350.24
473.04, 723.64, 102.24
474.39, 721.71, 227.21
475.73, 719.77, 352.19
471.37, 848.62, 104.19
472.72, 846.68, 229.17
474.07, 844.75, 354.14
599.69, 600.36, 98.96
601.03, 598.42, 223.94
602.38, 596.49, 348.92
598.02, 725.33, 100.91
599.37, 723.39, 225.89
600.72, 721.46, 350.87
596.35, 850.30, 102.87
597.70, 848.37, 227.84
599.05, 846.43, 352.82
724.67, 602.04, 97.64
726.02, 600.11, 222.62
727.36, 598.17, 347.60
723.00, 727.02, 99.59
724.35, 725.08, 224.57
725.70, 723.15, 349.55
721.33, 851.99, 101.54
722.68, 850.06, 226.52
724.03, 848.12, 351.50
473.53, 600.50, 223.11
474.04, 599.39, 348.10
474.55, 598.28, 473.10
471.23, 725.47, 224.23
471.74, 724.36, 349.22
472.25, 723.26, 474.22
468.92, 850.45, 225.34
469.43, 849.34, 350.34
469.94, 848.23, 475.33
598.51, 602.81, 222.62
599.02, 601.70, 347.61
599.53, 600.59, 472.61
596.21, 727.78, 223.74
596.72, 726.67, 348.73
597.23, 725.57, 473.73
593.90, 852.76, 224.86
594.41, 851.65, 349.85
594.92, 850.54, 474.84
723.49, 605.12, 222.13
724.00, 604.01, 347.13
724.51, 602.90, 472.12
721.18, 730.09, 223.25
721.69, 728.98, 348.24
722.20, 727.88, 473.24
718.88, 855.07, 224.37
719.39, 853.96, 349.36
719.90, 852.85, 474.35
475.98, 598.44, 350.73
473.05, 595.06, 475.65
470.11, 591.69, 600.57
477.53, 723.38, 354.15
474.59, 720.01, 479.07
471.65, 716.63, 603.99
479.07, 848.32, 357.56
476.14, 844.95, 482.48
473.20, 841.57, 607.40
600.94, 596.81, 353.63
598.00, 593.44, 478.55
595.06, 590.06, 603.47
602.49, 721.76, 357.04
599.55, 718.38, 481.96
596.61, 715.01, 606.88
604.03, 846.70, 360.45
601.09, 843.33, 485.37
598.15, 839.95, 610.29
725.90, 595.19, 356.53
722.96, 591.81, 481.45
720.02, 588.44, 606.37
727.44, 720.13, 359.94
724.50, 716.76, 484.86
721.56, 713.38, 609.78
728.99, 845.08, 363.35
726.05, 841.70, 488.27
723.11, 838.33, 613.19
475.11, 600.21, 476.67
476.88, 603.81, 601.61
478.65, 607.42, 726.54
473.20, 725.14, 473.10
474.97, 728.75, 598.03
476.74, 732.35, 722.97
471.30, 850.08, 469.52
473.06, 853.68, 594.45
474.83, 857.28, 719.39
600.08, 602.07, 474.85
601.85, 605.67, 599.78
603.62, 609.27, 724.72
598.18, 727.00, 471.27
599.94, 730.60, 596.21
601.71, 734.21, 721.14
596.27, 851.93, 467.70
598.04, 855.54, 592.63
599.81, 859.14, 717.57
725.06, 603.92, 473.03
726.82, 607.52, 597.96
728.59, 611.13, 722.90
723.15, 728.86, 469.45
724.92, 732.46, 594.39
726.69, 736.06, 719.32
721.24, 853.79, 465.88
723.01, 857.39, 590.81
724.78, 861.00, 715.75
475.92, 598.72, 600.74
474.37, 597.51, 725.72
472.82, 596.29, 850.71
474.16, 723.71, 601.93
472.61, 722.49, 726.92
471.05, 721.27, 851.90
472.39, 848.69, 603.13
470.84, 847.47, 728.12
469.29, 846.25, 853.10
600.90, 600.47, 602.31
599.35, 599.26, 727.29
597.80, 598.04, 852.28
599.14, 725.46, 603.50
597.58, 724.24, 728.49
596.03, 723.02, 853.47
597.37, 850.44, 604.70
595.82, 849.22, 729.68
594.27, 848.00, 854.67
725.88, 602.23, 603.88
724.33, 601.01, 728.86
722.78, 599.79, 853.84
724.11, 727.21, 605.07
722.56, 725.99, 730.06
721.01, 724.77, 855.04
722.35, 852.19, 606.27
720.80, 850.97, 731.25
719.24, 849.75, 856.24
601.66, 99.55, 98.80
602.35, 100.93, 223.79
603.04, 102.31, 348.79
598.24, 224.49, 97.44
598.93, 225.88, 222.43
599.62, 227.26, 347.42
594.83, 349.44, 96.08
595.52, 350.82, 221.07
596.21, 352.20, 346.06
726.61, 102.96, 98.08
727.30, 104.34, 223.07
727.99, 105.72, 348.06
723.20, 227.90, 96.72
723.88, 229.29, 221.71
724.57, 230.67, 346.70
719.78, 352.85, 95.35
720.47, 354.23, 220.34
721.16, 355.61, 345.33
851.56, 106.37, 97.35
852.25, 107.75, 222.34
852.94, 109.13, 347.33
848.15, 231.31, 95.99
848.84, 232.69, 220.98
849.53, 234.08, 345.97
844.73, 356.26, 94.63
845.42, 357.64, 219.62
846.11, 359.02, 344.61
600.77, 101.50, 224.93
603.54, 104.71, 349.85
606.31, 107.92, 474.78
599.16, 226.45, 221.75
601.93, 229.66, 346.67
604.70, 232.87, 471.60
597.56, 351.40, 218.57
600.33, 354.61, 343.50
603.10, 357.82, 468.42
725.73, 103.03, 222.12
728.50, 106.25, 347.04
731.27, 109.46, 471.97
724.12, 227.98, 218.94
726.89, 231.20, 343.87
729.66, 234.41, 468.79
722.52, 352.93, 215.76
725.29, 356.14, 340.69
728.05, 359.36, 465.61
850.69, 104.57, 219.31
853.46, 107.78, 344.24
856.23, 111.00, 469.16
849.08, 229.52, 216.13
851.85, 232.73, 341.06
854.62, 235.95, 465.98
847.48, 354.47, 212.95
850.24, 357.68, 337.88
853.01, 360.89, 462.81
598.06, 98.22, 349.55
600.72, 98.17, 474.52
603.38, 98.13, 599.49
596.81, 223.21, 349.62
599.47, 223.16, 474.59
602.13, 223.12, 599.56
595.56, 348.20, 349.69
598.22, 348.16, 474.66
600.88, 348.11, 599.64
723.03, 99.47, 346.89
725.69, 99.42, 471.86
728.35, 99.38, 596.83
721.78, 224.46, 346.96
724.44, 224.42, 471.93
727.10, 224.37, 596.91
720.53, 349.45, 347.03
723.19, 349.41, 472.00
725.85, 349.37, 596.98
847.99, 100.72, 344.23
850.65, 100.67, 469.20
853.31, 100.63, 594.17
846.74, 225.71, 344.30
849.40, 225.67, 469.27
852.06, 225.62, 594.25
845.49, 350.71, 344.37
848.15, 350.66, 469.35
850.81, 350.62, 594.32
599.92, 99.45, 476.02
599.85, 99.86, 601.02
599.77, 100.28, 726.02
596.76, 224.41, 475.61
596.68, 224.82, 600.61
596.61, 225.24, 725.61
593.60, 349.37, 475.19
593.52, 349.78, 600.19
593.45, 350.20, 725.19
724.88, 102.61, 476.09
724.81, 103.03, 601.08
724.73, 103.44, 726.08
721.72, 227.57, 475.67
721.64, 227.99, 600.67
721.57, 228.40, 725.67
718.56, 352.53, 475.25
718.48, 352.94, 600.25
718.41, 353.36, 725.25
849.84, 105.77, 476.15
849.77, 106.19, 601.15
849.69, 106.60, 726.15
846.68, 230.73, 475.73
846.60, 231.15, 600.73
846.53, 231.56, 725.73
843.52, 355.69, 475.31
843.44, 356.11, 600.31
843.37, 356.52, 725.31
599.21, 98.92, 599.88
597.63, 101.64, 724.84
596.05, 104.35, 849.80
600.41, 223.89, 597.18
598.83, 226.60, 722.14
597.24, 229.31, 847.10
601.61, 348.85, 594.48
600.03, 351.57, 719.44
598.44, 354.28, 844.40
724.20, 97.76, 601.49
722.61, 100.47, 726.45
721.03, 103.18, 851.41
725.40, 222.72, 598.79
723.81, 225.44, 723.75
722.23, 228.15, 848.71
726.60, 347.69, 596.09
725.01, 350.40, 721.05
723.43, 353.11, 846.01
849.18, 96.59, 603.10
847.60, 99.31, 728.06
846.01, 102.02, 853.02
850.38, 221.56, 600.40
848.80, 224.27, 725.36
847.21, 226.99, 850.32
851.58, 346.52, 597.70
850.00, 349.24, 722.66
848.41, 351.95, 847.62
600.94, 225.95, 100.84
601.46, 222.61, 225.80
601.98, 219.28, 350.75
601.54, 350.90, 104.17
602.06, 347.57, 229.12
602.58, 344.24, 354.08
602.15, 475.85, 107.50
602.67, 472.52, 232.45
603.19, 469.19, 357.41
725.94, 225.35, 100.31
726.46, 222.02, 225.26
726.98, 218.69, 350.21
726.54, 350.31, 103.63
727.06, 346.98, 228.59
727.58, 343.65, 353.54
727.15, 475.26, 106.96
727.67, 471.93, 231.92
728.19, 468.60, 356.87
850.93, 224.76, 99.77
851.45, 221.43, 224.72
851.97, 218.10, 349.68
851.54, 349.72, 103.10
852.06, 346.39, 228.05
852.58, 343.06, 353.01
852.14, 474.67, 106.43
852.66, 471.34, 231.38
853.18, 468.01, 356.33
601.30, 226.75, 226.94
598.62, 225.41, 351.91
595.94, 224.08, 476.87
600.84, 351.74, 228.27
598.16, 350.41, 353.23
595.48, 349.07, 478.20
600.38, 476.74, 229.60
597.70, 475.40, 354.56
595.02, 474.06, 479.52
726.27, 227.19, 229.63
723.59, 225.85, 354.59
720.91, 224.51, 479.56
725.81, 352.18, 230.95
723.13, 350.84, 355.92
720.45, 349.50, 480.88
725.35, 477.17, 232.28
722.67, 475.83, 357.25
719.99, 474.50, 482.21
851.24, 227.62, 232.31
848.56, 226.28, 357.28
845.88, 224.95, 482.24
850.78, 352.61, 233.64
848.10, 351.27, 358.60
845.42, 349.94, 483.57
850.32, 477.60, 234.97
847.64, 476.27, 359.93
844.96, 474.93, 484.89
599.04, 226.48, 349.91
597.69, 222.79, 474.85
596.35, 219.10, 599.78
602.66, 351.37, 353.63
601.32, 347.68, 478.57
599.97, 344.00, 603.51
606.29, 476.27, 357.36
604.94, 472.58, 482.30
603.60, 468.89, 607.24
723.98, 222.82, 351.14
722.63, 219.13, 476.08
721.29, 215.44, 601.02
727.60, 347.71, 354.87
726.26, 344.02, 479.81
724.92, 340.33, 604.75
731.23, 472.60, 358.60
729.88, 468.91, 483.54
728.54, 465.22, 608.47
848.92, 219.16, 352.38
847.57, 215.47, 477.32
846.23, 211.78, 602.26
852.54, 344.05, 356.11
851.20, 340.36, 481.04
849.86, 336.67, 605.98
856.17, 468.94, 359.83
854.82, 465.25, 484.77
853.48, 461.56, 609.71
599.36, 224.12, 473.89
598.20, 222.80, 598.88
597.04, 221.49, 723.87
600.96, 349.10, 475.22
599.81, 347.79, 600.21
598.65, 346.47, 725.20
602.57, 474.09, 476.55
601.41, 472.77, 601.54
600.25, 471.45, 726.53
724.34, 222.51, 475.03
723.19, 221.19, 600.02
722.03, 219.87, 725.01
725.95, 347.49, 476.36
724.79, 346.17, 601.35
723.63, 344.85, 726.34
727.55, 472.47, 477.69
726.39, 471.15, 602.68
725.23, 469.84, 727.67
849.33, 220.89, 476.17
848.17, 219.57, 601.16
847.01, 218.26, 726.15
850.93, 345.87, 477.50
849.77, 344.56, 602.49
848.62, 343.24, 727.48
852.53, 470.86, 478.83
851.38, 469.54, 603.82
850.22, 468.22, 728.81
600.89, 223.85, 599.44
600.11, 227.59, 724.38
599.33, 231.33, 849.33
602.31, 348.78, 595.71
601.53, 352.52, 720.65
600.75, 356.26, 845.60
603.73, 473.72, 591.98
602.95, 477.46, 716.92
602.16, 481.20, 841.87
725.88, 222.45, 600.27
725.10, 226.19, 725.21
724.32, 229.93, 850.15
727.30, 347.39, 596.54
726.52, 351.13, 721.48
725.73, 354.87, 846.42
728.72, 472.32, 592.81
727.94, 476.06, 717.75
727.15, 479.80, 842.69
850.87, 221.06, 601.09
850.09, 224.80, 726.04
849.31, 228.54, 850.98
852.29, 345.99, 597.36
851.51, 349.73, 722.31
850.72, 353.47, 847.25
853.71, 470.93, 593.63
852.93, 474.67, 718.57
852.14, 478.41, 843.52
601.44, 351.58, 100.73
598.99, 350.87, 225.70
596.54, 350.17, 350.67
603.65, 476.55, 101.47
601.20, 475.85, 226.45
598.75, 475.15, 351.42
605.86, 601.53, 102.22
603.41, 600.83, 227.20
600.96, 600.12, 352.17
726.39, 349.35, 103.16
723.94, 348.65, 228.14
721.49, 347.94, 353.11
728.61, 474.33, 103.91
726.16, 473.62, 228.88
723.71, 472.92, 353.86
730.82, 599.31, 104.66
728.37, 598.60, 229.63
725.92, 597.90, 354.61
851.35, 347.12, 105.60
848.90, 346.42, 230.57
846.45, 345.72, 355.55
853.56, 472.10, 106.35
851.11, 471.40, 231.32
848.66, 470.69, 356.30
855.77, 597.08, 107.10
853.32, 596.38, 232.07
850.87, 595.67, 357.04
598.59, 350.07, 226.72
597.64, 347.16, 351.68
596.68, 344.25, 476.65
598.21, 475.04, 229.63
597.25, 472.13, 354.59
596.29, 469.21, 479.56
597.82, 600.01, 232.54
596.86, 597.09, 357.50
595.90, 594.18, 482.47
723.59, 350.44, 227.69
722.63, 347.53, 352.65
721.68, 344.62, 477.61
723.20, 475.41, 230.60
722.24, 472.49, 355.56
721.29, 469.58, 480.52
722.81, 600.37, 233.51
721.86, 597.46, 358.47
720.90, 594.55, 483.43
848.59, 350.81, 228.65
847.63, 347.90, 353.61
846.67, 344.98, 478.58
848.20, 475.77, 231.56
847.24, 472.86, 356.52
846.28, 469.95, 481.49
847.81, 600.74, 234.47
846.85, 597.83, 359.43
845.90, 594.91, 484.40
598.84, 350.19, 350.79
601.34, 351.91, 475.75
603.84, 353.64, 600.71
596.79, 475.16, 349.11
599.29, 476.89, 474.07
601.79, 478.61, 599.03
594.73, 600.14, 347.43
597.23, 601.86, 472.39
599.73, 603.58, 597.35
723.80, 352.21, 348.26
726.30, 353.94, 473.22
728.80, 355.66, 598.19
721.75, 477.19, 346.58
724.25, 478.91, 471.54
726.74, 480.63, 596.51
719.69, 602.16, 344.90
722.19, 603.88, 469.86
724.69, 605.60, 594.82
848.76, 354.24, 345.73
851.26, 355.96, 470.70
853.76, 357.68, 595.66
846.70, 479.21, 344.05
849.20, 480.93, 469.01
851.70, 482.65, 593.98
844.65, 604.18, 342.37
847.15, 605.90, 467.33
849.65, 607.63, 592.30
600.35, 351.23, 474.18
596.67, 349.15, 599.11
592.98, 347.07, 724.03
601.81, 476.20, 476.30
598.12, 474.12, 601.23
594.44, 472.04, 726.16
603.27, 601.18, 478.43
599.58, 599.10, 603.36
595.90, 597.01, 728.28
725.29, 349.71, 477.84
721.60, 347.63, 602.76
717.92, 345.55, 727.69
726.75, 474.68, 479.96
723.06, 472.60, 604.89
719.38, 470.52, 729.82
728.20, 599.66, 482.09
724.52, 597.57, 607.02
720.84, 595.49, 731.94
850.22, 348.19, 481.50
846.54, 346.11, 606.42
842.86, 344.03, 731.35
851.68, 473.16, 483.62
848.00, 471.08, 608.55
844.31, 469.00, 733.48
853.14, 598.14, 485.75
849.46, 596.05, 610.67
845.77, 593.97, 735.60
600.00, 350.58, 599.70
599.26, 351.68, 724.69
598.52, 352.78, 849.69
601.02, 475.57, 598.61
600.28, 476.67, 723.60
599.55, 477.77, 848.59
602.05, 600.57, 597.52
601.31, 601.66, 722.51
600.57, 602.76, 847.50
724.99, 349.57, 600.45
724.25, 350.66, 725.44
723.52, 351.76, 850.43
726.02, 474.56, 599.36
725.28, 475.66, 724.35
724.54, 476.75, 849.34
727.04, 599.55, 598.26
726.30, 600.65, 723.26
725.56, 601.74, 848.25
849.99, 348.55, 601.19
849.25, 349.65, 726.19
848.51, 350.74, 851.18
851.01, 473.54, 600.10
850.27, 474.64, 725.10
849.53, 475.74, 850.09
852.03, 598.53, 599.01
851.30, 599.63, 724.00
850.56, 600.73, 849.00
601.66, 473.85, 100.69
605.28, 474.50, 225.64
608.89, 475.16, 350.58
598.10, 598.80, 100.14
601.72, 599.45, 225.09
605.33, 600.11, 350.03
594.54, 723.74, 99.59
598.15, 724.40, 224.53
601.77, 725.05, 349.48
726.56, 477.39, 97.06
730.17, 478.05, 222.01
733.79, 478.70, 346.95
723.00, 602.34, 96.51
726.61, 603.00, 221.45
730.23, 603.65, 346.40
719.44, 727.29, 95.96
723.05, 727.94, 220.90
726.66, 728.60, 345.85
851.46, 480.94, 93.43
855.07, 481.59, 218.38
858.69, 482.25, 343.32
847.90, 605.88, 92.88
851.51, 606.54, 217.82
855.12, 607.20, 342.77
844.33, 730.83, 92.33
847.95, 731.49, 217.27
851.56, 732.14, 342.22
600.19, 474.67, 223.62
601.34, 477.91, 348.58
602.49, 481.16, 473.53
598.00, 599.61, 220.40
599.16, 602.85, 345.35
600.31, 606.10, 470.30
595.82, 724.55, 217.18
596.97, 727.79, 342.13
598.13, 731.04, 467.08
725.16, 476.82, 222.42
726.31, 480.06, 347.37
727.46, 483.31, 472.32
722.98, 601.76, 219.19
724.13, 605.00, 344.14
725.28, 608.25, 469.10
720.80, 726.70, 215.97
721.95, 729.94, 340.92
723.10, 733.19, 465.87
850.14, 478.97, 221.21
851.29, 482.22, 346.16
852.44, 485.46, 471.11
847.96, 603.91, 217.98
849.11, 607.15, 342.94
850.26, 610.40, 467.89
845.77, 728.85, 214.76
846.93, 732.09, 339.71
848.08, 735.34, 464.67
600.59, 474.30, 350.93
602.01, 473.78, 475.92
603.42, 473.27, 600.91
597.41, 599.26, 351.48
598.82, 598.74, 476.48
600.23, 598.22, 601.47
594.22, 724.22, 352.04
595.63, 723.70, 477.03
597.05, 723.18, 602.02
725.54, 477.49, 349.53
726.96, 476.98, 474.52
728.37, 476.46, 599.51
722.36, 602.45, 350.09
723.77, 601.93, 475.08
725.18, 601.42, 600.07
719.17, 727.41, 350.64
720.58, 726.89, 475.63
722.00, 726.37, 600.62
850.50, 480.69, 348.13
851.91, 480.17, 473.12
853.32, 479.65, 598.11
847.31, 605.64, 348.69
848.72, 605.13, 473.68
850.14, 604.61, 598.67
844.12, 730.60, 349.24
845.54, 730.08, 474.23
846.95, 729.57, 599.22
601.44, 474.96, 476.50
603.36, 476.88, 601.47
605.27, 478.79, 726.44
601.01, 599.95, 474.59
602.93, 601.86, 599.56
604.85, 603.77, 724.53
600.58, 724.93, 472.69
602.50, 726.84, 597.66
604.42, 728.76, 722.63
726.42, 475.36, 474.57
728.34, 477.27, 599.54
730.26, 479.19, 724.52
725.99, 600.35, 472.67
727.91, 602.26, 597.64
729.83, 604.17, 722.61
725.57, 725.33, 470.76
727.49, 727.24, 595.73
729.40, 729.15, 720.70
851.41, 475.76, 472.65
853.32, 477.67, 597.62
855.24, 479.58, 722.59
850.98, 600.74, 470.74
852.90, 602.66, 595.71
854.82, 604.57, 720.68
850.55, 725.73, 468.84
852.47, 727.64, 593.81
854.39, 729.55, 718.78
598.53, 473.30, 601.89
595.85, 471.96, 726.85
593.17, 470.63, 851.82
601.69, 598.25, 603.29
599.00, 596.92, 728.26
596.32, 595.58, 853.22
604.84, 723.20, 604.69
602.15, 721.87, 729.66
599.47, 720.53, 854.62
723.47, 470.12, 604.54
720.78, 468.78, 729.50
718.10, 467.45, 854.47
726.62, 595.07, 605.94
723.93, 593.74, 730.91
721.25, 592.40, 855.87
729.77, 720.02, 607.34
727.09, 718.69, 732.31
724.40, 717.35, 857.27
848.40, 466.94, 607.19
845.71, 465.60, 732.15
843.03, 464.27, 857.12
851.55, 591.89, 608.59
848.87, 590.55, 733.56
846.18, 589.22, 858.52
854.70, 716.84, 609.99
852.02, 715.51, 734.96
849.33, 714.17, 859.92
599.80, 599.29, 98.40
596.96, 600.98, 223.36
594.12, 602.66, 348.31
603.11, 724.24, 96.79
600.28, 725.92, 221.75
597.44, 727.61, 346.70
606.43, 849.18, 95.18
603.59, 850.87, 220.14
600.76, 852.55, 345.09
724.72, 596.01, 101.28
721.88, 597.70, 226.23
719.05, 599.38, 351.19
728.03, 720.96, 99.67
725.20, 722.65, 224.62
722.36, 724.33, 349.58
731.35, 845.91, 98.06
728.51, 847.59, 223.01
725.68, 849.28, 347.97
849.64, 592.74, 104.16
846.81, 594.42, 229.11
843.97, 596.11, 354.07
852.96, 717.68, 102.55
850.12, 719.37, 227.50
847.29, 721.05, 352.46
856.27, 842.63, 100.94
853.44, 844.31, 225.89
850.60, 846.00, 350.85
600.63, 601.28, 225.37
597.54, 600.54, 350.33
594.46, 599.79, 475.29
597.89, 726.25, 226.05
594.80, 725.50, 351.01
591.71, 724.76, 475.97
595.15, 851.22, 226.72
592.06, 850.47, 351.68
588.97, 849.73, 476.64
725.57, 604.00, 228.47
722.48, 603.26, 353.43
719.39, 602.51, 478.39
722.82, 728.97, 229.15
719.73, 728.23, 354.11
716.65, 727.48, 479.07
720.08, 853.94, 229.83
716.99, 853.20, 354.79
713.90, 852.45, 479.75
850.50, 606.73, 231.58
847.41, 605.98, 356.54
844.32, 605.24, 481.50
847.76, 731.70, 232.25
844.67, 730.95, 357.21
841.58, 730.21, 482.17
845.01, 856.66, 232.93
841.92, 855.92, 357.89
838.84, 855.18, 482.85
600.32, 600.69, 351.50
598.28, 604.22, 476.44
596.23, 607.75, 601.37
597.23, 725.60, 347.92
595.19, 729.13, 472.86
593.14, 732.66, 597.79
594.14, 850.51, 344.34
592.10, 854.04, 469.28
590.05, 857.57, 594.21
725.27, 603.83, 353.46
723.22, 607.36, 478.39
721.17, 610.89, 603.33
722.18, 728.74, 349.88
720.13, 732.27, 474.82
718.08, 735.80, 599.75
719.09, 853.65, 346.30
717.04, 857.18, 471.24
714.99, 860.71, 596.17
850.21, 606.98, 355.42
848.17, 610.51, 480.35
846.12, 614.04, 605.29
847.12, 731.89, 351.84
845.08, 735.42, 476.78
843.03, 738.95, 601.71
844.04, 856.80, 348.26
841.99, 860.33, 473.20
839.94, 863.86, 598.13
601.66, 598.82, 473.82
602.62, 597.68, 598.82
603.57, 596.54, 723.81
602.77, 723.81, 474.96
603.72, 722.67, 599.95
604.68, 721.53, 724.94
603.87, 848.80, 476.09
604.83, 847.66, 601.08
605.78, 846.52, 726.07
726.65, 597.73, 472.86
727.61, 596.59, 597.85
728.56, 595.45, 722.84
727.76, 722.72, 473.99
728.71, 721.58, 598.98
729.67, 720.44, 723.97
728.86, 847.71, 475.12
729.82, 846.57, 600.11
730.77, 845.43, 725.11
851.65, 596.63, 471.89
852.60, 595.49, 596.89
853.56, 594.35, 721.88
852.75, 721.62, 473.03
853.70, 720.48, 598.02
854.66, 719.34, 723.01
853.85, 846.61, 474.16
854.81, 845.47, 599.15
855.76, 844.33, 724.14
599.31, 600.30, 598.26
595.76, 603.22, 723.17
592.21, 606.15, 848.09
597.09, 725.25, 595.27
593.54, 728.17, 720.18
589.99, 731.09, 845.10
594.87, 850.19, 592.28
591.32, 853.11, 717.20
587.77, 856.04, 842.11
724.24, 602.60, 601.76
720.69, 605.53, 726.67
717.14, 608.45, 851.59
722.02, 727.55, 598.77
718.47, 730.47, 723.68
714.92, 733.40, 848.60
719.80, 852.49, 595.78
716.25, 855.42, 720.70
712.70, 858.34, 845.61
849.17, 604.91, 605.26
845.62, 607.83, 730.17
842.07, 610.75, 855.09
846.95, 729.85, 602.27
843.40, 732.78, 727.18
839.85, 735.70, 852.10
844.73, 854.80, 599.28
841.18, 857.72, 724.20
837.63, 860.64, 849.11
