27, 8, pa1-unknown-k-output1.txt
198.40,  201.69,  205.08
391.05,  397.31,  196.63
209.76, 208.20, 210.64
207.62, 205.16, 335.58
205.47, 202.11, 460.53
209.66, 333.16, 213.68
207.52, 330.12, 338.63
205.37, 327.08, 463.57
209.56, 458.13, 216.73
207.41, 455.08, 341.67
205.27, 452.04, 466.62
334.74, 208.25, 212.79
332.60, 205.21, 337.73
330.46, 202.16, 462.67
334.64, 333.22, 215.83
332.50, 330.17, 340.77
330.35, 327.13, 465.72
334.54, 458.18, 218.87
332.39, 455.13, 343.82
330.25, 452.09, 468.76
459.72, 208.30, 214.93
457.58, 205.26, 339.88
455.44, 202.21, 464.82
459.62, 333.27, 217.97
457.48, 330.22, 342.92
455.33, 327.18, 467.86
459.52, 458.23, 221.02
457.38, 455.18, 345.96
455.23, 452.14, 470.91
209.03, 210.09, 451.79
208.62, 206.37, 576.74
208.20, 202.65, 701.68
212.13, 335.00, 455.52
211.71, 331.28, 580.46
211.30, 327.56, 705.41
215.23, 459.90, 459.25
214.81, 456.18, 584.19
214.40, 452.46, 709.14
333.99, 206.98, 452.12
333.58, 203.26, 577.06
333.16, 199.54, 702.00
337.09, 331.89, 455.84
336.68, 328.17, 580.79
336.26, 324.45, 705.73
340.19, 456.79, 459.57
339.77, 453.07, 584.52
339.36, 449.35, 709.46
458.95, 203.87, 452.44
458.54, 200.15, 577.38
458.12, 196.43, 702.33
462.05, 328.78, 456.17
461.64, 325.06, 581.11
461.22, 321.34, 706.06
465.15, 453.68, 459.90
464.73, 449.96, 584.84
464.32, 446.24, 709.78
209.25, 449.68, 209.90
207.40, 446.62, 334.85
205.56, 443.56, 459.80
208.87, 574.64, 212.96
207.02, 571.58, 337.91
205.18, 568.52, 462.86
208.49, 699.61, 216.01
206.65, 696.55, 340.96
204.80, 693.48, 465.91
334.23, 450.02, 211.76
332.39, 446.96, 336.71
330.54, 443.89, 461.66
333.86, 574.98, 214.81
332.01, 571.92, 339.76
330.17, 568.86, 464.71
333.48, 699.94, 217.87
331.63, 696.88, 342.82
329.79, 693.82, 467.77
459.22, 450.35, 213.61
457.38, 447.29, 338.56
455.53, 444.23, 463.51
458.84, 575.31, 216.67
457.00, 572.25, 341.62
455.15, 569.19, 466.56
458.46, 700.27, 219.72
456.62, 697.21, 344.67
454.77, 694.15, 469.62
211.39, 451.38, 449.57
213.72, 453.15, 574.54
216.05, 454.91, 699.50
214.78, 576.33, 447.74
217.11, 578.09, 572.71
219.44, 579.85, 697.67
218.16, 701.27, 445.92
220.49, 703.03, 570.88
222.82, 704.80, 695.85
336.32, 447.97, 447.29
338.65, 449.73, 572.25
340.99, 451.50, 697.22
339.71, 572.91, 445.46
342.04, 574.67, 570.43
344.37, 576.44, 695.39
343.09, 697.85, 443.63
345.42, 699.61, 568.60
347.75, 701.38, 693.57
461.26, 444.55, 445.01
463.59, 446.31, 569.97
465.92, 448.08, 694.94
464.64, 569.49, 443.18
466.97, 571.25, 568.15
469.30, 573.02, 693.11
468.03, 694.43, 441.35
470.36, 696.19, 566.32
472.69, 697.96, 691.28
448.13, 211.34, 209.29
446.53, 213.60, 334.26
444.93, 215.87, 459.23
446.89, 336.31, 207.01
445.29, 338.58, 331.98
443.69, 340.84, 456.95
445.65, 461.29, 204.73
444.05, 463.55, 329.70
442.46, 465.81, 454.67
573.11, 212.61, 210.87
571.51, 214.87, 335.83
569.92, 217.13, 460.80
571.87, 337.58, 208.59
570.28, 339.84, 333.56
568.68, 342.11, 458.52
570.63, 462.55, 206.31
569.04, 464.82, 331.28
567.44, 467.08, 456.25
698.10, 213.88, 212.44
696.50, 216.14, 337.41
694.90, 218.40, 462.38
696.86, 338.85, 210.16
695.26, 341.11, 335.13
693.66, 343.38, 460.10
695.62, 463.82, 207.88
694.02, 466.09, 332.85
692.42, 468.35, 457.82
450.31, 211.59, 449.55
446.69, 213.25, 574.49
443.06, 214.92, 699.43
450.93, 336.57, 447.90
447.30, 338.24, 572.84
443.68, 339.91, 697.78
451.55, 461.56, 446.25
447.92, 463.23, 571.19
444.30, 464.90, 696.13
575.26, 211.02, 453.19
571.63, 212.69, 578.12
568.01, 214.35, 703.06
575.88, 336.00, 451.54
572.25, 337.67, 576.47
568.62, 339.34, 701.41
576.49, 460.99, 449.89
572.87, 462.66, 574.82
569.24, 464.33, 699.76
700.20, 210.45, 456.82
696.58, 212.12, 581.76
692.95, 213.78, 706.69
700.82, 335.44, 455.17
697.20, 337.10, 580.11
693.57, 338.77, 705.04
701.44, 460.42, 453.52
697.81, 462.09, 578.46
694.19, 463.76, 703.39
448.37, 451.19, 209.83
447.72, 453.27, 334.81
447.07, 455.34, 459.79
445.87, 576.15, 207.74
445.22, 578.22, 332.72
444.57, 580.30, 457.70
443.37, 701.10, 205.65
442.72, 703.18, 330.63
442.07, 705.26, 455.61
573.34, 453.70, 210.44
572.69, 455.78, 335.42
572.04, 457.85, 460.40
570.85, 578.66, 208.35
570.19, 580.73, 333.33
569.54, 582.81, 458.31
568.35, 703.61, 206.26
567.69, 705.69, 331.24
567.04, 707.77, 456.22
698.32, 456.21, 211.05
697.67, 458.29, 336.03
697.01, 460.36, 461.01
695.82, 581.17, 208.96
695.17, 583.24, 333.94
694.51, 585.32, 458.92
693.32, 706.12, 206.87
692.67, 708.20, 331.85
692.01, 710.28, 456.83
450.15, 450.59, 449.15
449.32, 448.24, 574.12
448.48, 445.90, 699.10
453.51, 575.52, 451.52
452.67, 573.18, 576.49
451.83, 570.83, 701.47
456.86, 700.45, 453.88
456.02, 698.11, 578.86
455.18, 695.76, 703.83
575.11, 447.22, 449.92
574.27, 444.88, 574.90
573.43, 442.53, 699.87
578.46, 572.16, 452.29
577.62, 569.81, 577.26
576.78, 567.46, 702.24
581.81, 697.09, 454.66
580.97, 694.74, 579.63
580.13, 692.40, 704.61
700.06, 443.86, 450.70
699.22, 441.51, 575.67
698.39, 439.17, 700.65
703.41, 568.79, 453.06
702.57, 566.44, 578.04
701.74, 564.10, 703.01
706.76, 693.72, 455.43
705.92, 691.38, 580.40
705.09, 689.03, 705.38
