27, 8, pa1-debug-f-output1.txt
201.15,  192.49,  201.74
404.49,  390.96,  201.60
211.11, 210.43, 209.60
213.22, 212.71, 334.56
215.34, 214.99, 459.52
208.36, 335.38, 207.37
210.47, 337.66, 332.33
212.58, 339.94, 457.29
205.60, 460.33, 205.13
207.72, 462.61, 330.09
209.83, 464.89, 455.06
336.06, 213.14, 207.44
338.18, 215.42, 332.40
340.29, 217.70, 457.36
333.31, 338.09, 205.20
335.42, 340.37, 330.17
337.53, 342.65, 455.13
330.56, 463.04, 202.97
332.67, 465.32, 327.93
334.78, 467.60, 452.89
461.02, 215.86, 205.28
463.13, 218.14, 330.24
465.24, 220.42, 455.20
458.26, 340.81, 203.04
460.37, 343.09, 328.00
462.49, 345.37, 452.97
455.51, 465.76, 200.81
457.62, 468.04, 325.77
459.73, 470.32, 450.73
209.61, 209.24, 449.21
206.19, 206.43, 574.14
202.78, 203.62, 699.06
209.43, 334.21, 452.02
206.02, 331.40, 576.94
202.60, 328.59, 701.87
209.25, 459.18, 454.83
205.84, 456.37, 579.75
202.42, 453.55, 704.67
334.56, 209.34, 452.63
331.15, 206.53, 577.55
327.73, 203.72, 702.48
334.38, 334.31, 455.44
330.97, 331.50, 580.36
327.55, 328.69, 705.28
334.21, 459.28, 458.25
330.79, 456.47, 583.17
327.38, 453.65, 708.09
459.51, 209.44, 456.05
456.10, 206.63, 580.97
452.68, 203.82, 705.89
459.34, 334.41, 458.86
455.92, 331.60, 583.78
452.51, 328.79, 708.70
459.16, 459.38, 461.67
455.75, 456.57, 586.59
452.33, 453.75, 711.51
208.18, 450.87, 210.75
211.90, 452.89, 335.67
215.62, 454.90, 460.60
209.71, 575.85, 208.68
213.43, 577.86, 333.61
217.15, 579.88, 458.54
211.24, 700.82, 206.62
214.96, 702.84, 331.55
218.68, 704.85, 456.48
333.12, 449.28, 207.05
336.84, 451.30, 331.98
340.56, 453.31, 456.91
334.65, 574.26, 204.99
338.37, 576.27, 329.92
342.09, 578.29, 454.85
336.18, 699.23, 202.93
339.90, 701.25, 327.86
343.62, 703.26, 452.79
458.05, 447.69, 203.36
461.77, 449.71, 328.29
465.49, 451.72, 453.22
459.58, 572.67, 201.30
463.30, 574.68, 326.23
467.02, 576.70, 451.15
461.11, 697.64, 199.24
464.83, 699.66, 324.16
468.55, 701.67, 449.09
208.56, 451.85, 449.89
207.61, 451.45, 574.88
206.66, 451.04, 699.88
206.90, 576.84, 450.28
205.96, 576.43, 575.28
205.01, 576.02, 700.27
205.25, 701.83, 450.68
204.30, 701.42, 575.67
203.36, 701.01, 700.67
333.54, 453.50, 450.84
332.60, 453.10, 575.83
331.65, 452.69, 700.83
331.89, 578.49, 451.23
330.94, 578.08, 576.23
330.00, 577.67, 701.22
330.23, 703.48, 451.63
329.29, 703.07, 576.63
328.34, 702.66, 701.62
458.53, 455.15, 451.79
457.58, 454.75, 576.78
456.64, 454.34, 701.78
456.87, 580.14, 452.18
455.93, 579.73, 577.18
454.98, 579.32, 702.17
455.22, 705.13, 452.58
454.27, 704.72, 577.58
453.33, 704.31, 702.57
451.47, 208.68, 208.90
448.49, 209.92, 333.85
445.50, 211.15, 458.81
451.14, 333.67, 207.65
448.16, 334.91, 332.61
445.17, 336.15, 457.57
450.81, 458.67, 206.41
447.83, 459.90, 331.36
444.84, 461.14, 456.32
576.43, 209.04, 211.87
573.45, 210.28, 336.83
570.47, 211.51, 461.79
576.10, 334.03, 210.63
573.12, 335.27, 335.59
570.14, 336.51, 460.55
575.77, 459.03, 209.38
572.79, 460.26, 334.34
569.81, 461.50, 459.30
701.39, 209.40, 214.85
698.41, 210.64, 339.81
695.43, 211.87, 464.77
701.06, 334.39, 213.61
698.08, 335.63, 338.56
695.10, 336.87, 463.52
700.73, 459.39, 212.36
697.75, 460.62, 337.32
694.77, 461.86, 462.28
448.77, 208.32, 450.90
445.90, 211.51, 575.82
443.03, 214.70, 700.75
448.49, 333.28, 447.70
445.63, 336.47, 572.62
442.76, 339.66, 697.55
448.22, 458.23, 444.50
445.35, 461.43, 569.42
442.49, 464.62, 694.35
573.73, 208.66, 453.76
570.87, 211.86, 578.68
568.00, 215.05, 703.61
573.46, 333.62, 450.56
570.59, 336.82, 575.48
567.73, 340.01, 700.41
573.19, 458.58, 447.36
570.32, 461.77, 572.28
567.45, 464.97, 697.21
698.70, 209.01, 456.62
695.84, 212.20, 581.54
692.97, 215.40, 706.47
698.43, 333.97, 453.42
695.56, 337.16, 578.34
692.70, 340.36, 703.27
698.16, 458.93, 450.21
695.29, 462.12, 575.14
692.42, 465.31, 700.07
450.82, 449.55, 209.14
453.25, 451.59, 334.10
455.68, 453.63, 459.06
454.41, 574.49, 207.04
456.84, 576.52, 332.00
459.27, 578.56, 456.96
457.99, 699.42, 204.93
460.43, 701.45, 329.89
462.86, 703.49, 454.85
575.75, 445.93, 206.77
578.18, 447.97, 331.73
580.61, 450.00, 456.69
579.33, 570.86, 204.66
581.76, 572.90, 329.62
584.20, 574.93, 454.58
582.92, 695.79, 202.56
585.35, 697.83, 327.52
587.78, 699.86, 452.48
700.67, 442.30, 204.40
703.10, 444.34, 329.36
705.53, 446.38, 454.32
704.26, 567.23, 202.29
706.69, 569.27, 327.25
709.12, 571.31, 452.21
707.84, 692.16, 200.19
710.27, 694.20, 325.15
712.71, 696.24, 450.11
451.11, 450.56, 451.21
453.08, 450.27, 576.19
455.05, 449.98, 701.18
450.50, 575.56, 451.51
452.47, 575.27, 576.50
454.44, 574.97, 701.48
449.90, 700.56, 451.82
451.86, 700.27, 576.80
453.83, 699.97, 701.79
576.09, 451.18, 449.24
578.06, 450.88, 574.23
580.03, 450.59, 699.21
575.49, 576.17, 449.55
577.45, 575.88, 574.53
579.42, 575.59, 699.52
574.88, 701.17, 449.85
576.85, 700.88, 574.84
578.82, 700.58, 699.82
701.08, 451.79, 447.28
703.05, 451.49, 572.26
705.01, 451.20, 697.24
700.47, 576.79, 447.58
702.44, 576.49, 572.56
704.41, 576.20, 697.55
699.86, 701.78, 447.88
701.83, 701.49, 572.87
703.80, 701.20, 697.85
