27, 8, pa1-unknown-i-output1.txt
201.39,  207.12,  196.52
405.96,  407.55,  209.77
211.03, 209.43, 208.25
212.98, 211.15, 333.22
214.92, 212.86, 458.19
208.08, 334.39, 206.58
210.02, 336.10, 331.55
211.97, 337.81, 456.52
205.12, 459.34, 204.91
207.07, 461.05, 329.88
209.01, 462.77, 454.86
335.98, 212.36, 206.26
337.93, 214.07, 331.23
339.87, 215.79, 456.21
333.03, 337.31, 204.59
334.97, 339.03, 329.57
336.92, 340.74, 454.54
330.07, 462.27, 202.93
332.02, 463.98, 327.90
333.96, 465.69, 452.87
460.93, 215.29, 204.28
462.88, 217.00, 329.25
464.82, 218.71, 454.22
457.98, 340.24, 202.61
459.92, 341.95, 327.58
461.87, 343.67, 452.55
455.02, 465.19, 200.94
456.97, 466.91, 325.91
458.91, 468.62, 450.89
208.61, 208.81, 448.17
210.34, 207.78, 573.16
212.07, 206.76, 698.14
205.41, 333.77, 449.25
207.14, 332.74, 574.23
208.87, 331.71, 699.21
202.21, 458.72, 450.32
203.94, 457.69, 575.30
205.67, 456.66, 700.29
333.55, 212.03, 446.47
335.29, 211.00, 571.45
337.02, 209.97, 696.44
330.35, 336.98, 447.54
332.08, 335.95, 572.52
333.82, 334.93, 697.51
327.15, 461.94, 448.61
328.88, 460.91, 573.60
330.62, 459.88, 698.58
458.50, 215.24, 444.76
460.23, 214.22, 569.75
461.96, 213.19, 694.73
455.30, 340.20, 445.84
457.03, 339.17, 570.82
458.76, 338.14, 695.80
452.10, 465.15, 446.91
453.83, 464.12, 571.89
455.56, 463.10, 696.88
210.47, 450.39, 208.68
212.57, 449.04, 333.65
214.67, 447.70, 458.63
207.62, 575.35, 210.07
209.72, 574.00, 335.04
211.82, 572.66, 460.02
204.76, 700.31, 211.46
206.86, 698.96, 336.44
208.96, 697.62, 461.41
335.42, 453.27, 206.61
337.52, 451.92, 331.58
339.62, 450.58, 456.56
332.56, 578.23, 208.00
334.67, 576.88, 332.97
336.77, 575.54, 457.95
329.71, 703.19, 209.39
331.81, 701.84, 334.37
333.91, 700.50, 459.34
460.37, 456.15, 204.54
462.47, 454.80, 329.51
464.57, 453.46, 454.49
457.51, 581.11, 205.93
459.61, 579.76, 330.91
461.72, 578.42, 455.88
454.66, 706.07, 207.32
456.76, 704.72, 332.30
458.86, 703.38, 457.27
210.80, 451.06, 449.54
213.09, 449.46, 574.51
215.38, 447.85, 699.48
207.99, 576.02, 451.19
210.28, 574.41, 576.16
212.57, 572.81, 701.13
205.19, 700.98, 452.85
207.48, 699.37, 577.82
209.77, 697.77, 702.79
335.75, 453.90, 447.29
338.04, 452.29, 572.25
340.32, 450.69, 697.22
332.94, 578.85, 448.94
335.23, 577.25, 573.91
337.52, 575.64, 698.88
330.14, 703.81, 450.60
332.42, 702.21, 575.57
334.71, 700.60, 700.54
460.69, 456.73, 445.03
462.98, 455.13, 570.00
465.27, 453.52, 694.97
457.89, 581.69, 446.69
460.18, 580.08, 571.66
462.47, 578.48, 696.63
455.08, 706.65, 448.35
457.37, 705.04, 573.32
459.66, 703.44, 698.28
448.51, 209.12, 209.75
447.10, 207.37, 334.73
445.69, 205.62, 459.71
445.25, 334.06, 211.46
443.84, 332.31, 336.44
442.43, 330.56, 461.42
441.99, 459.01, 213.17
440.59, 457.26, 338.15
439.18, 455.51, 463.13
573.46, 212.36, 211.20
572.05, 210.61, 336.18
570.64, 208.86, 461.16
570.20, 337.30, 212.91
568.79, 335.55, 337.89
567.38, 333.80, 462.87
566.94, 462.25, 214.63
565.53, 460.50, 339.61
564.13, 458.75, 464.59
698.41, 215.60, 212.66
697.00, 213.85, 337.64
695.59, 212.10, 462.62
695.15, 340.54, 214.37
693.74, 338.79, 339.35
692.33, 337.04, 464.33
691.89, 465.49, 216.08
690.48, 463.74, 341.06
689.07, 461.99, 466.04
449.35, 211.76, 451.94
452.31, 211.91, 576.91
455.28, 212.07, 701.87
448.30, 336.75, 451.81
451.27, 336.91, 576.78
454.23, 337.06, 701.74
447.26, 461.75, 451.68
450.23, 461.90, 576.64
453.19, 462.06, 701.61
574.31, 212.80, 448.98
577.27, 212.95, 573.94
580.24, 213.11, 698.90
573.27, 337.79, 448.84
576.23, 337.95, 573.81
579.19, 338.10, 698.77
572.22, 462.79, 448.71
575.19, 462.94, 573.68
578.15, 463.10, 698.64
699.27, 213.84, 446.01
702.23, 213.99, 570.97
705.20, 214.15, 695.94
698.23, 338.83, 445.88
701.19, 338.99, 570.84
704.16, 339.14, 695.81
697.18, 463.83, 445.75
700.15, 463.98, 570.71
703.11, 464.14, 695.68
449.20, 450.97, 210.57
449.00, 452.72, 335.56
448.81, 454.48, 460.54
450.85, 575.95, 208.82
450.65, 577.70, 333.81
450.45, 579.45, 458.80
452.49, 700.93, 207.07
452.30, 702.68, 332.06
452.10, 704.43, 457.05
574.19, 449.33, 210.79
573.99, 451.08, 335.77
573.80, 452.83, 460.76
575.83, 574.31, 209.04
575.64, 576.06, 334.03
575.44, 577.81, 459.01
577.48, 699.28, 207.29
577.29, 701.03, 332.28
577.09, 702.78, 457.27
699.17, 447.68, 211.01
698.98, 449.43, 335.99
698.78, 451.18, 460.98
700.82, 572.66, 209.26
700.63, 574.41, 334.25
700.43, 576.16, 459.23
702.47, 697.64, 207.51
702.28, 699.39, 332.50
702.08, 701.14, 457.48
451.05, 451.88, 451.44
453.45, 455.53, 576.37
455.84, 459.18, 701.29
451.71, 576.83, 447.78
454.11, 580.47, 572.71
456.50, 584.12, 697.63
452.37, 701.77, 444.12
454.77, 705.42, 569.05
457.16, 709.06, 693.97
576.02, 451.15, 449.07
578.42, 454.80, 573.99
580.82, 458.44, 698.92
576.69, 576.09, 445.41
579.08, 579.74, 570.33
581.48, 583.39, 695.26
577.35, 701.04, 441.75
579.74, 704.69, 566.67
582.14, 708.33, 691.60
701.00, 450.42, 446.69
703.40, 454.07, 571.62
705.79, 457.71, 696.54
701.66, 575.36, 443.03
704.06, 579.01, 567.96
706.45, 582.66, 692.88
702.32, 700.31, 439.37
704.72, 703.95, 564.30
707.11, 707.60, 689.22
