27, 8, pa1-debug-c-output1.txt
198.05,  196.74,  192.02
407.55,  403.72,  197.93
209.77, 209.44, 209.63
209.79, 206.39, 334.59
209.81, 203.34, 459.56
210.39, 334.40, 212.68
210.41, 331.35, 337.65
210.43, 328.30, 462.61
211.00, 459.36, 215.73
211.02, 456.31, 340.70
211.05, 453.26, 465.66
334.77, 208.83, 209.59
334.79, 205.78, 334.56
334.81, 202.72, 459.52
335.39, 333.79, 212.65
335.41, 330.74, 337.61
335.43, 327.68, 462.57
336.00, 458.75, 215.70
336.02, 455.70, 340.66
336.04, 452.65, 465.62
459.77, 208.21, 209.56
459.79, 205.16, 334.52
459.81, 202.11, 459.48
460.38, 333.17, 212.61
460.40, 330.12, 337.57
460.43, 327.07, 462.54
461.00, 458.13, 215.66
461.02, 455.08, 340.62
461.04, 452.03, 465.59
208.54, 211.58, 450.13
209.53, 209.42, 575.10
210.52, 207.26, 700.08
209.66, 336.55, 452.28
210.65, 334.39, 577.25
211.64, 332.23, 702.23
210.78, 461.53, 454.43
211.77, 459.37, 579.41
212.76, 457.21, 704.38
333.53, 210.47, 449.12
334.52, 208.31, 574.10
335.51, 206.15, 699.07
334.65, 335.45, 451.27
335.64, 333.29, 576.25
336.63, 331.13, 701.22
335.77, 460.43, 453.42
336.76, 458.27, 578.40
337.75, 456.11, 703.38
458.52, 209.37, 448.11
459.51, 207.21, 573.09
460.50, 205.05, 698.07
459.64, 334.35, 450.26
460.63, 332.19, 575.24
461.62, 330.03, 700.22
460.76, 459.32, 452.41
461.75, 457.16, 577.39
462.74, 455.00, 702.37
209.47, 448.85, 210.77
206.68, 447.60, 335.73
203.89, 446.35, 460.70
208.44, 573.84, 212.00
205.65, 572.59, 336.96
202.86, 571.34, 461.92
207.41, 698.83, 213.22
204.62, 697.58, 338.19
201.83, 696.33, 463.15
334.43, 449.85, 213.57
331.64, 448.60, 338.53
328.85, 447.35, 463.50
333.40, 574.84, 214.80
330.61, 573.59, 339.76
327.82, 572.34, 464.72
332.38, 699.83, 216.02
329.59, 698.58, 340.99
326.79, 697.33, 465.95
459.40, 450.85, 216.37
456.61, 449.60, 341.33
453.82, 448.35, 466.30
458.37, 575.84, 217.60
455.58, 574.59, 342.56
452.79, 573.34, 467.52
457.34, 700.83, 218.82
454.55, 699.58, 343.79
451.76, 698.33, 468.75
211.67, 448.29, 451.15
211.02, 448.67, 576.15
210.37, 449.04, 701.15
210.89, 573.29, 450.78
210.25, 573.66, 575.77
209.60, 574.04, 700.77
210.12, 698.29, 450.40
209.47, 698.66, 575.40
208.82, 699.03, 700.39
336.66, 449.07, 451.80
336.02, 449.44, 576.80
335.37, 449.82, 701.79
335.89, 574.06, 451.42
335.24, 574.44, 576.42
334.59, 574.81, 701.42
335.11, 699.06, 451.04
334.47, 699.44, 576.04
333.82, 699.81, 701.04
461.66, 449.84, 452.44
461.01, 450.22, 577.44
460.36, 450.59, 702.44
460.88, 574.84, 452.07
460.24, 575.21, 577.06
459.59, 575.59, 702.06
460.11, 699.84, 451.69
459.46, 700.21, 576.69
458.82, 700.59, 701.68
449.70, 211.82, 209.29
451.42, 214.71, 334.24
453.14, 217.60, 459.20
446.32, 336.75, 206.45
448.04, 339.63, 331.40
449.75, 342.52, 456.36
442.93, 461.67, 203.61
444.65, 464.55, 328.56
446.37, 467.44, 453.52
574.64, 215.17, 207.50
576.36, 218.06, 332.45
578.08, 220.94, 457.40
571.26, 340.09, 204.66
572.98, 342.98, 329.61
574.70, 345.86, 454.56
567.87, 465.01, 201.82
569.59, 467.90, 326.77
571.31, 470.79, 451.72
699.59, 218.51, 205.70
701.30, 221.40, 330.66
703.02, 224.29, 455.61
696.20, 343.43, 202.86
697.92, 346.32, 327.82
699.64, 349.21, 452.77
692.82, 468.36, 200.02
694.53, 471.24, 324.98
696.25, 474.13, 449.93
450.13, 209.70, 449.82
451.64, 207.80, 574.80
453.16, 205.91, 699.78
450.04, 334.69, 451.72
451.55, 332.79, 576.70
453.07, 330.89, 701.67
449.94, 459.67, 453.62
451.46, 457.78, 578.59
452.98, 455.88, 703.57
575.12, 209.82, 448.31
576.64, 207.92, 573.28
578.15, 206.02, 698.26
575.03, 334.80, 450.20
576.54, 332.91, 575.18
578.06, 331.01, 700.16
574.94, 459.79, 452.10
576.45, 457.89, 577.08
577.97, 455.99, 702.06
700.11, 209.93, 446.79
701.63, 208.03, 571.77
703.14, 206.14, 696.74
700.02, 334.92, 448.69
701.53, 333.02, 573.67
703.05, 331.12, 698.64
699.93, 459.90, 450.59
701.44, 458.01, 575.56
702.96, 456.11, 700.54
450.55, 448.43, 210.60
447.19, 451.49, 335.52
443.83, 454.55, 460.44
447.72, 573.36, 207.47
444.36, 576.42, 332.39
441.00, 579.48, 457.30
444.90, 698.29, 204.33
441.54, 701.35, 329.25
438.18, 704.41, 454.17
575.47, 451.34, 213.89
572.11, 454.40, 338.81
568.75, 457.46, 463.73
572.65, 576.27, 210.76
569.29, 579.33, 335.67
565.92, 582.39, 460.59
569.82, 701.20, 207.62
566.46, 704.26, 332.54
563.10, 707.31, 457.46
700.39, 454.25, 217.18
697.03, 457.31, 342.10
693.67, 460.36, 467.02
697.57, 579.18, 214.05
694.21, 582.23, 338.96
690.85, 585.29, 463.88
694.74, 704.11, 210.91
691.38, 707.16, 335.83
688.02, 710.22, 460.75
449.42, 450.49, 448.11
451.93, 448.22, 573.07
454.44, 445.96, 698.02
450.84, 575.46, 450.35
453.35, 573.19, 575.30
455.87, 570.93, 700.26
452.26, 700.43, 452.59
454.77, 698.17, 577.54
457.29, 695.90, 702.50
574.38, 449.11, 445.57
576.90, 446.85, 570.53
579.41, 444.58, 695.48
575.81, 574.08, 447.81
578.32, 571.82, 572.77
580.83, 569.55, 697.72
577.23, 699.06, 450.05
579.74, 696.79, 575.00
582.25, 694.52, 699.96
699.35, 447.74, 443.03
701.86, 445.47, 567.99
704.38, 443.20, 692.94
700.77, 572.71, 445.27
703.29, 570.44, 570.23
705.80, 568.18, 695.18
702.19, 697.68, 447.51
704.71, 695.41, 572.46
707.22, 693.15, 697.42
