27, 8, pa1-debug-g-output1.txt
207.05,  206.05,  200.50
409.53,  405.37,  194.89
211.64, 211.41, 210.83
208.05, 210.91, 335.77
204.47, 210.41, 460.72
209.57, 336.39, 211.27
205.98, 335.89, 336.21
202.40, 335.39, 461.16
207.50, 461.37, 211.71
203.91, 460.87, 336.65
200.33, 460.38, 461.60
336.57, 213.46, 214.42
332.98, 212.97, 339.37
329.40, 212.47, 464.32
334.50, 338.45, 214.86
330.91, 337.95, 339.81
327.33, 337.45, 464.76
332.43, 463.43, 215.30
328.84, 462.93, 340.25
325.26, 462.43, 465.19
461.50, 215.52, 218.02
457.92, 215.02, 342.96
454.33, 214.52, 467.91
459.43, 340.50, 218.45
455.85, 340.01, 343.40
452.26, 339.51, 468.35
457.36, 465.49, 218.89
453.78, 464.99, 343.84
450.19, 464.49, 468.79
208.45, 209.23, 449.35
210.20, 205.77, 574.29
211.96, 202.30, 699.23
208.92, 334.19, 452.81
210.68, 330.72, 577.75
212.43, 327.25, 702.69
209.40, 459.14, 456.27
211.15, 455.67, 581.21
212.90, 452.20, 706.15
333.44, 208.81, 447.58
335.19, 205.34, 572.52
336.94, 201.88, 697.46
333.91, 333.76, 451.05
335.66, 330.30, 575.99
337.42, 326.83, 700.93
334.38, 458.71, 454.51
336.13, 455.25, 579.45
337.89, 451.78, 704.39
458.43, 208.39, 445.82
460.18, 204.92, 570.76
461.93, 201.45, 695.70
458.90, 333.34, 449.28
460.65, 329.87, 574.22
462.40, 326.41, 699.16
459.37, 458.29, 452.74
461.12, 454.82, 577.68
462.87, 451.36, 702.62
210.30, 451.24, 211.60
211.56, 453.67, 336.57
212.82, 456.10, 461.54
207.25, 576.18, 209.20
208.51, 578.61, 334.17
209.77, 581.04, 459.14
204.19, 701.12, 206.81
205.46, 703.55, 331.78
206.72, 705.98, 456.75
335.25, 454.27, 210.28
336.52, 456.70, 335.25
337.78, 459.12, 460.22
332.20, 579.21, 207.88
333.46, 581.64, 332.85
334.73, 584.06, 457.82
329.15, 704.15, 205.49
330.41, 706.58, 330.46
331.68, 709.00, 455.43
460.21, 457.30, 208.96
461.47, 459.72, 333.93
462.74, 462.15, 458.90
457.16, 582.24, 206.56
458.42, 584.66, 331.53
459.68, 587.09, 456.50
454.11, 707.18, 204.16
455.37, 709.60, 329.13
456.63, 712.03, 454.10
209.01, 448.23, 449.71
212.28, 445.97, 574.64
215.55, 443.72, 699.58
208.28, 573.20, 451.98
211.54, 570.95, 576.91
214.81, 568.70, 701.85
207.54, 698.18, 454.25
210.81, 695.93, 579.19
214.07, 693.68, 704.12
333.97, 449.02, 446.45
337.24, 446.77, 571.39
340.50, 444.52, 696.33
333.23, 574.00, 448.72
336.50, 571.75, 573.66
339.77, 569.49, 698.60
332.50, 698.98, 451.00
335.76, 696.72, 575.93
339.03, 694.47, 700.87
458.92, 449.82, 443.20
462.19, 447.56, 568.14
465.46, 445.31, 693.07
458.19, 574.79, 445.47
461.45, 572.54, 570.41
464.72, 570.29, 695.35
457.45, 699.77, 447.74
460.72, 697.52, 572.68
463.98, 695.27, 697.62
449.07, 209.98, 210.79
450.72, 213.37, 335.73
452.37, 216.76, 460.67
451.26, 334.91, 207.37
452.91, 338.30, 332.31
454.56, 341.69, 457.25
453.45, 459.84, 203.95
455.10, 463.23, 328.89
456.75, 466.62, 453.84
574.04, 207.74, 209.20
575.69, 211.13, 334.14
577.34, 214.52, 459.08
576.23, 332.68, 205.78
577.88, 336.07, 330.72
579.53, 339.46, 455.67
578.42, 457.61, 202.36
580.07, 461.00, 327.30
581.72, 464.39, 452.25
699.01, 205.51, 207.61
700.66, 208.90, 332.55
702.31, 212.29, 457.50
701.20, 330.45, 204.19
702.85, 333.83, 329.14
704.50, 337.22, 454.08
703.39, 455.38, 200.77
705.04, 458.77, 325.72
706.69, 462.16, 450.66
448.13, 210.65, 451.17
446.91, 208.49, 576.14
445.69, 206.34, 701.12
444.99, 335.59, 453.29
443.77, 333.44, 578.26
442.55, 331.28, 703.24
441.85, 460.53, 455.41
440.63, 458.38, 580.39
439.41, 456.23, 705.36
573.08, 213.77, 452.44
571.86, 211.61, 577.42
570.64, 209.46, 702.39
569.94, 338.71, 454.56
568.72, 336.56, 579.54
567.50, 334.40, 704.51
566.80, 463.65, 456.68
565.58, 461.50, 581.66
564.36, 459.35, 706.64
698.04, 216.89, 453.72
696.82, 214.73, 578.69
695.60, 212.58, 703.67
694.90, 341.83, 455.84
693.68, 339.68, 580.81
692.46, 337.52, 705.79
691.76, 466.77, 457.96
690.54, 464.62, 582.94
689.31, 462.47, 707.91
451.44, 450.80, 210.76
450.64, 453.11, 335.73
449.84, 455.43, 460.71
451.56, 575.78, 208.44
450.76, 578.09, 333.42
449.96, 580.40, 458.40
451.67, 700.75, 206.13
450.88, 703.07, 331.11
450.08, 705.38, 456.08
576.43, 450.69, 211.56
575.64, 453.01, 336.53
574.84, 455.32, 461.51
576.55, 575.67, 209.24
575.76, 577.99, 334.22
574.96, 580.30, 459.19
576.67, 700.65, 206.93
575.88, 702.96, 331.90
575.08, 705.28, 456.88
701.43, 450.59, 212.35
700.63, 452.90, 337.33
699.84, 455.22, 462.31
701.55, 575.57, 210.04
700.75, 577.88, 335.02
699.96, 580.20, 459.99
701.67, 700.54, 207.73
700.87, 702.86, 332.70
700.08, 705.17, 457.68
449.46, 448.04, 449.73
449.85, 451.25, 574.68
450.23, 454.46, 699.64
452.91, 572.95, 446.50
453.30, 576.16, 571.46
453.68, 579.37, 696.42
456.36, 697.86, 443.28
456.75, 701.07, 568.24
457.13, 704.28, 693.20
574.41, 444.58, 449.43
574.80, 447.79, 574.39
575.18, 451.00, 699.35
577.86, 569.49, 446.21
578.25, 572.70, 571.17
578.63, 575.91, 696.13
581.32, 694.40, 442.99
581.70, 697.61, 567.95
582.08, 700.82, 692.90
699.37, 441.12, 449.13
699.75, 444.33, 574.09
700.13, 447.54, 699.05
702.82, 566.03, 445.91
703.20, 569.24, 570.87
703.59, 572.45, 695.83
706.27, 690.94, 442.69
706.65, 694.15, 567.65
707.04, 697.36, 692.61
